accel_mean,accel_std,accel_max,hr_mean,hr_std,hr_delta,step_count,movement_continuity,gps_drift_rate,label
0.936941894226298,0.21405706977199168,1.0479773051746575,75.03762604042835,1.133291171107192,1.2901906900956672,8,0.1823839082203914,0.0,normal
2.0712417436213792,5.185480234772617,17.809692941076555,92.47607221518875,9.99667844447364,26.95377878281444,1,0.06728855827706295,0.0,fall
1.2435162523621044,0.7841693270422975,2.202264595973366,93.78813663725164,2.376283687558323,14.066748903464557,36,0.8141062201305886,1.216277135675922,wandering
2.890375061594807,2.6169607495856235,8.644042079133325,128.27195093631278,22.06117418146369,16.145228609567432,6,0.6620796809040681,0.27047005037444943,distress
1.0045207571517056,0.1654048014560786,1.2098686089956745,74.93741364447612,2.7256580938963113,-0.4110275261575729,7,0.13070976051940672,0.0,normal
1.5433088999632512,5.567504671223448,16.771937106912386,95.56893784756633,5.262796518123308,23.095036725481833,2,0.03505772761214404,0.0,fall
1.2058400698845428,0.5916366445397593,2.4167757920965354,88.37760170741304,3.977305804411392,10.176654495525373,46,0.8952829091380949,1.0336822562129337,wandering
3.8196198194844633,3.514650651957674,8.17079975425067,127.05054067520379,19.744695467928935,31.562521487149084,16,0.4112299840654641,0.1067622853176397,distress
0.9697730922004253,0.07398772227469468,1.4917308567234127,73.63153455575073,1.682471277503267,-1.5741933717918415,7,0.13888268277604515,0.0,normal
2.1838470717492866,4.716495939156277,16.247018021888,109.68911286578754,13.094092904503015,22.68388281195417,0,0.007832937762845483,0.0,fall
1.3151169646140977,1.0765335607718332,3.7960009331994407,80.87577806640374,4.419739377387355,11.29993622616226,42,0.8126622732035623,1.2221186635068841,wandering
2.139110242112125,4.613808283046481,7.763962799993038,128.17786312116002,24.308153715682487,26.81821575192011,5,0.6640721583479859,0.1581236826928613,distress
0.9869956570326268,0.27269181813867865,1.0651500383816042,73.99145701958166,1.8434424728736263,-0.10676719635601062,2,0.13086613852129783,0.0,normal
2.5248828230068123,4.441336251656979,20.22954947425755,107.66666062842701,13.879774373487642,21.23923013210035,2,0.096536112257335,0.0,fall
1.3674799876417754,0.8722688978182218,2.6821977472384955,82.07869125285355,3.802269135257813,12.419932042797633,39,0.9178091484364339,1.2502307229902085,wandering
3.790479697957623,4.069421217197377,9.247680807814916,109.55062229858062,10.018335023500304,29.68028687559341,17,0.31334724204837133,0.3041814285426063,distress
1.0221479129037465,0.11913729049096501,1.3358091474798452,70.32935605115077,2.438287051690317,1.3642891492913072,3,0.04751791193197657,0.0,normal
2.935816894024267,5.565174492458523,19.988478502588677,89.88110198017047,12.582049876861845,20.806303099717073,4,0.003163831409645912,0.0,fall
1.797285984926911,0.9852504310381947,2.8791760836264912,82.23388447777074,2.9025885430705016,8.637299576820865,46,0.8951968660031805,1.4997930730547777,wandering
2.5767830402790945,2.9307765460811224,6.635497001912695,102.84946396429311,20.83663500576687,21.398709269698042,11,0.3487718403827262,0.22573258837192495,distress
0.912599073281594,0.1865822761280057,1.447465894390963,73.94974070327193,1.9160241387648376,-0.2897441181011975,4,0.03639295398618947,0.0,normal
1.8641888929849504,5.9156949335856766,15.90644884808923,102.68411250160125,5.477945235741072,33.83984623471762,0,0.03431677860298873,0.0,fall
1.2903416635264944,1.2235078518488183,2.0942264019852765,81.08419982347205,2.8797145422455994,13.70371318433011,33,0.8712846773601246,1.0737484396489485,wandering
2.347747924288554,4.062605066897299,6.853405850174692,117.37979114549105,18.912726941681402,29.998284629413252,15,0.3447447038619626,0.014005175039757622,distress
0.9947875785099509,0.05953034258178226,1.4595927486738471,74.90624593595055,1.4669349983025963,0.7510080943694186,3,0.05747085995599244,0.0,normal
2.3419398971746794,3.294727873772952,16.987996055209816,102.27531389171335,7.81268761604652,26.193553718148237,3,0.009746646404845904,0.0,fall
1.3666006617712743,0.7941891240145686,3.0057378153145033,88.72324046616362,4.635572202623582,7.721449262142615,30,0.9035677253972993,1.435000886377138,wandering
3.9441251100136903,2.309058127776993,5.247881833988495,128.00664238354435,22.534345526160166,42.97118202377517,14,0.35928825605767933,0.40750440748550215,distress
1.0298765021027554,0.290761114752607,1.3494254585982013,73.21202264147664,1.3992502565762777,-0.7008726153127318,4,0.009386909117398791,0.0,normal
2.9838649228514216,5.0301789298372155,23.503240052057933,99.0281955045024,13.958065250012147,26.85596183973106,0,0.06413286688536714,0.0,fall
1.8892110501568191,0.9561429092579962,3.49717551539843,84.6637778222817,2.9770062059128257,6.151582768999917,44,0.8081751520224629,1.3717424832549487,wandering
3.670589786008775,4.783637883023566,9.55367233837896,129.80747071587956,17.4153373460584,43.34133128380064,12,0.41662526252805193,0.21045238780668923,distress
1.015025235743809,0.05186430335371427,1.315028008343616,75.2281828868219,2.6693103287978546,-1.4043162486146765,7,0.18399665402408732,0.0,normal
2.3164201568939826,4.304779301138716,15.68141415378862,101.29641492335358,5.340829840323666,26.576286177905036,3,0.0999301202506308,0.0,fall
1.4928799555180396,1.2782436567203788,3.069955602868254,90.81781912924858,4.882505768827774,14.311022647265395,49,0.8346544713683481,1.3909329397041001,wandering
3.8016540941952046,3.017250486395956,7.746488942270958,116.69306309235513,15.910018617991557,40.558704465287704,14,0.3019196178950073,0.33248476173306013,distress
0.9105434801371493,0.2675580047294793,1.022512617604571,70.72514885253672,1.249330860259517,0.7031334508048932,2,0.05798599714881017,0.0,normal
1.8889801659806997,4.1568278799065865,15.069040605556678,97.33437130618886,13.010016704698383,22.539100661034283,0,0.023666160359399335,0.0,fall
1.8093232524276421,0.8965029923873422,3.522987427603171,87.33559070547325,2.107840059274448,9.084752412514552,46,0.8631037333285901,1.1046118390158253,wandering
3.8301652269784983,4.285544236313262,7.873922812897273,123.84128179048669,19.0025498396564,18.843195777253296,8,0.39850999146981003,0.3504005649779937,distress
0.9444568575263352,0.05377819774340005,1.493081072139246,72.75474420703357,1.0293849327094973,-0.544925128817431,3,0.04134035496867059,0.0,normal
2.780734757238425,5.869382707823139,20.50105176611848,91.8915145357872,6.012331653509683,20.105581038840647,4,0.08587187641662895,0.0,fall
1.7103008395352481,1.3059905049599005,3.8819663057806264,80.00150073766324,2.597040853088803,13.675166495858626,35,0.9793585213446041,1.2897655357958009,wandering
2.8334151974903685,4.145602573706792,5.33671817713237,123.00399367470902,18.728095504112993,40.664352653821524,6,0.6114571512491127,0.3564102940289508,distress
1.0098906901032414,0.1446099047632467,1.3303504239432709,69.65570234525906,1.5958900709543649,0.15619071552817587,3,0.15002177682238557,0.0,normal
1.987047168972746,5.301533624615899,16.913617461008265,100.78883047181142,6.6058317607638015,25.652710889198104,4,0.048935389012825126,0.0,fall
1.8862967841449465,1.2178171981789143,2.921875815759466,90.64856169770708,3.952398743902465,6.037613397595466,30,0.8601560234928802,1.3356695087868258,wandering
2.7854045599366493,2.0384941127466676,9.530455378997944,109.92344130638872,20.57566749035871,30.05956869892952,19,0.34441590641949543,0.45009593234324713,distress
0.9674449946618787,0.07794708329416085,1.171635761789234,75.48301631492512,1.3287491780975715,-1.2208942972884693,9,0.09169931563460586,0.0,normal
2.7781185343258015,4.426201976635907,16.98218697417622,109.7494449446097,5.139297755430928,30.5914723728416,1,0.030870184803104994,0.0,fall
1.4708867132203292,0.835411338046462,2.478856880256184,93.3372976757188,2.5177919834649294,7.071204030939109,32,0.8502713652272149,1.3653805626009317,wandering
3.917825712876449,3.695955430693159,9.605930484133655,120.31047214776058,14.564213961378647,37.28231383538801,8,0.3681214995253368,0.1020529299169039,distress
1.0715090464640817,0.2755411834251976,1.2368887943631106,74.1296741826774,2.569943834905966,-1.7454722577588275,6,0.10028538441128326,0.0,normal
2.6060350206050655,3.5733206298903704,16.99485364215851,90.119455454627,7.694289986464197,23.311726120169627,4,0.054687896539276096,0.0,fall
1.952733114352716,1.3967588486285467,3.0373452696011745,84.62868621171754,5.2039742205894965,11.064252951270493,47,0.8454485334178934,1.0642098051675528,wandering
3.0558122921796818,4.692778831858985,7.186682718372763,114.5476003713624,16.121442928760388,38.54149128430882,17,0.5134973461317448,0.2785408502306594,distress
0.9847160053832945,0.1998589473317512,1.316508647865906,73.63056938173925,2.5751637761687647,-0.8437032111250526,4,0.19966420832963017,0.0,normal
2.4537669025388715,5.628529736823871,17.499853727762808,89.80504299307152,5.736344623443913,20.50502260421765,1,0.045101368379001416,0.0,fall
1.9715798763800716,0.9401242449422919,2.0360275544546163,80.72117202597447,5.506402918521678,9.56615468171664,55,0.9845556170387274,1.434599837291445,wandering
2.717661265524239,3.80722150038273,9.537691108839194,110.42108848449932,24.262287170116124,42.1059258254788,11,0.42244609199785654,0.2324504296867767,distress
0.9251933660665504,0.2184577218184669,1.3828540502130489,68.38877027314528,1.5270014218778125,-1.480970615438352,8,0.11236955495041467,0.0,normal
2.333182445888645,4.39231853953901,16.554828749567164,93.39768017590573,10.915276687160159,31.52196095935102,1,0.0227614886153967,0.0,fall
1.3467761279304675,0.5713143298300997,3.426213194236179,85.93464665787663,2.991187542785149,10.884104913683181,46,0.8718236306332725,1.3645445446830422,wandering
3.4497096605688133,3.0160304500843496,5.302458609289477,116.79103165567743,11.742115411453478,20.20056315085015,10,0.6138324052912086,0.4000426044070169,distress
0.9974493303360104,0.0766544652871232,1.1953177181353856,69.57937261850948,2.3795649363906914,-0.17025876459957123,8,0.12174816431170987,0.0,normal
2.929743852515259,4.061353476237935,24.991738737803423,109.32584418260494,5.964865423774573,24.68301934102399,1,0.02370636277819691,0.0,fall
1.621373891832691,0.5941915671344193,2.72287742779892,93.41294551788037,2.499200472290807,8.75917120888209,46,0.9432210387368434,1.2513240947498334,wandering
3.9168327124611686,3.6983651131662465,8.76787431274208,109.63897926301988,19.574208014844494,42.300667896609475,13,0.6799175609565685,0.4497253731243053,distress
1.073317310431386,0.17127782021637228,1.028453939664017,71.90142847721506,2.5735457298840796,1.5060907756900388,4,0.0728966260789604,0.0,normal
2.833854656646968,4.472740282640021,18.016888304569633,107.1054164174549,14.02971688223599,33.64558849011727,4,0.0652932694368943,0.0,fall
1.5221284248786406,1.0804272502872938,2.1894064109641356,90.34255373170248,5.294564721340789,13.891310942368886,51,0.9292727378103314,1.058905848966873,wandering
3.2679889540966496,2.8314005208297224,7.601509188591793,102.49361820555549,15.045908955413141,28.1432007078219,6,0.6405342925844345,0.006695403617486162,distress
1.048533504593109,0.16056268055709977,1.0298513758642072,68.6501183176201,1.7746094529883607,1.1456803920841772,7,0.16129823162475482,0.0,normal
2.496051836990344,5.976485748023091,15.937626248627954,103.03919761321978,9.021539671254548,32.18716011690641,0,0.02995668169716057,0.0,fall
1.3191538009967934,1.4700860806033735,3.9266954874323643,87.17670967559819,5.907319254532718,14.400156880479843,59,0.9121273524108584,1.0185868320543157,wandering
3.829488016583663,4.131898852315252,9.593993999226559,103.07666743525124,15.418565253074476,41.682824008762395,5,0.5788243536636662,0.08196802572052592,distress
1.01318588168688,0.07392975660981697,1.4954390243304325,70.09181110091674,1.174895048043237,-0.3800126340812926,0,0.13480816252088182,0.0,normal
1.9188222191637805,4.944971841878619,17.74228774849569,89.61290630549357,8.651833335065122,20.73922315258736,0,0.06029158480115683,0.0,fall
1.6772121631108332,1.2735335156962806,3.14572377319242,84.282388786708,3.6356347283007504,7.580602473194954,41,0.9900242632898364,1.2163499520631742,wandering
3.5099335605075783,4.506828905831345,6.783520189399195,121.83465467516132,15.533748424573293,44.678485042906715,10,0.5869441644744653,0.33078838333343064,distress
1.0887085843605573,0.2692302652624029,1.18961793399606,76.88771406852396,2.22359650209531,1.5860104353080344,0,0.06113472608905335,0.0,normal
2.6705046394509613,5.966624875578425,16.0865696656571,90.37269577648053,7.263347242890386,33.793886008463076,3,0.04249358760615934,0.0,fall
1.2280942774163088,1.0817198072895753,2.414560337923001,82.56664885735218,3.0374538039549903,6.238763693812564,33,0.8561115281413588,1.2618343639743237,wandering
2.653109465774363,2.921768760101478,6.183334847449977,122.67675763610809,24.409448176644478,34.4626117673578,12,0.5052190403839026,0.41842756574232903,distress
1.0750996096663061,0.11909366103932804,1.3240716475881018,74.46622807219536,1.7799691803920048,-0.15182461742098452,1,0.01604115440584646,0.0,normal
2.201253785599617,3.628885836459558,15.2362236072375,108.69042601967729,12.03790128095032,24.096143096648994,3,0.08132722169016449,0.0,fall
1.5684095220476562,1.3669485373426586,2.215951979348612,88.57971145365903,5.94742981614989,9.353995845764782,39,0.9689629882093074,1.2175193041711618,wandering
3.7717335989411707,3.2900912229534436,7.158288103930961,117.33204279628659,12.957916763063723,42.62097899953465,8,0.5000286915969132,0.46554952351598755,distress
0.9895967574603,0.0878800394892172,1.2418419293810736,67.76809533920189,1.2269311874001418,-0.42281827863048793,9,0.07029581936494603,0.0,normal
1.888585436720502,5.5219106840334335,22.19698025400147,92.5257340189602,12.726301853751858,20.96777363198387,0,0.07606639800423554,0.0,fall
1.6042137233134146,1.2930288596971053,3.0659024232214183,93.4637518604177,4.439938473671646,10.780064953666045,43,0.8707968632028873,1.2487754772596567,wandering
2.48632454397239,3.053776758902213,5.754407973520561,108.81244717585919,19.224597666400385,27.771471737475473,8,0.617782589788112,0.14894510402861255,distress
0.9576043731176785,0.11661802833771624,1.4453102882391597,75.24624004846778,1.8016644673396314,1.9318092920089178,0,0.09162492585332155,0.0,normal
1.9438982865197518,3.4650925476939123,17.537830110456046,97.31799053342054,8.056224122293726,27.680573049394425,1,0.053950804763043404,0.0,fall
1.7140657296446342,0.6102994728009753,3.642681372056221,84.26174033456337,3.0002734417380665,8.866800925879842,43,0.9806472479996351,1.2166952279714243,wandering
3.0933392580293537,4.161884110240532,5.102835864825544,112.53876760602827,17.67153160765934,40.40980512457661,12,0.3136066274629475,0.35805105622312117,distress
1.0335757245041814,0.06210267544644189,1.0302461290223532,70.41907803289011,1.7927069864129952,0.2864869436681623,8,0.03403003066702364,0.0,normal
2.229997797813966,3.2980175480487235,20.197861481915282,105.81488965396032,6.92215260942222,24.30852141207454,3,0.07167919060252546,0.0,fall
1.5577861489378926,1.2128775393991011,3.005074798109491,86.002930582914,4.450984733727969,11.587791849916794,52,0.8012998710117152,1.291235978858146,wandering
3.5367385093862858,4.0939722355486055,9.020316752303048,113.99368538893428,13.105671777171246,43.19173876232952,7,0.4448764428364224,0.38084584756419104,distress
1.059599632302607,0.2638294592310242,1.3109296641545576,72.8038926318161,2.7111799720565646,1.432763360249448,2,0.09391176413432666,0.0,normal
2.7957238697251254,5.988985977431499,22.060765509561584,104.78426002277128,11.956354253940418,31.062090737923725,4,0.002204798251278617,0.0,fall
1.5392712774067556,0.5943025838250594,3.9551513210110825,91.10679002818418,2.858218152533384,9.249961052329596,44,0.8082389616919754,1.2518327844775476,wandering
2.520524837646289,4.167505253968353,9.837875418520387,129.64128569745583,15.090626271058472,39.08441986067483,16,0.5010781788247979,0.18089291586122236,distress
0.9547595088036795,0.1666170019276223,1.1877124514704476,73.42208257075171,2.960495727159629,0.4079726867758766,3,0.19400796442427207,0.0,normal
2.0172505985095515,3.5429572761622103,22.295116147884507,91.4320952899384,9.306350618338573,28.82894955044498,0,0.0375268245949412,0.0,fall
1.6594385909085316,1.0549994625535632,3.126240681929287,94.47272875148127,4.255555468004671,5.023942166629718,37,0.9054158124913828,1.0523079859105045,wandering
3.8082478088793428,2.384679414569906,6.10810492644776,117.37299604706472,22.145893477858174,23.20854742950855,6,0.6448505317348886,0.402670321267646,distress
0.9869390381200822,0.18167866705768954,1.203756076634661,76.79191957509958,2.1158795283314324,0.5960832066860271,4,0.04206133875469445,0.0,normal
2.834115351439104,4.532810099550103,21.95154615840598,87.23427101006915,10.5971001449857,23.76121079668804,3,0.07011574166899852,0.0,fall
1.9535367722908104,1.2265733734837942,2.6852715752336738,94.91652266462395,4.921956510402429,9.442329579750906,47,0.8103717394473502,1.111427219404899,wandering
2.5086895252171675,4.150171983409995,8.515724012704634,112.06000402344733,14.486342903043333,42.84364995110329,7,0.41551189703160274,0.029706895673567768,distress
1.0177521550906636,0.06706711106471978,1.1279893131412553,75.09010315867313,1.1675013665530947,-1.7729300067964475,2,0.05835364686537532,0.0,normal
2.065696446690638,3.6704324672181876,23.025193347755152,91.81976543365514,13.891414353160771,22.530177830123037,1,0.0571240789242697,0.0,fall
1.2394420119180325,1.4055340968780625,2.7146754735004164,94.32121040784173,4.348184091096051,13.592908757751214,33,0.8931098611429619,1.391445882613066,wandering
2.3642826410840585,4.440972397052411,6.336006564389772,125.56141278426047,14.934441232978521,38.97156085239097,8,0.5707253471522198,0.4510798136304541,distress
0.9099721458973945,0.10302597017926256,1.0183253203636835,68.31733496656415,2.348834306887437,1.467463302178086,2,0.08271863562249704,0.0,normal
2.0776287187911686,3.4628466513634932,23.17220014242556,93.28919661749258,12.022488900719779,34.5520708771382,1,0.034553755960438616,0.0,fall
1.8033184618782323,0.8699064568299204,3.350373425030158,85.2444785745076,3.3856868567186944,7.097289668000101,52,0.9247814930710209,1.0046904071403366,wandering
3.610434717655443,4.1456339760380425,6.7045285859230965,121.809929358803,12.321500182308693,15.002405784049119,16,0.3312107871618417,0.2016513041212148,distress
0.9748499345034711,0.09998974668201992,1.4388801506218996,73.86502511236371,2.1134074632583615,-0.13420594857461277,8,0.11339073591340909,0.0,normal
1.6552596720768982,5.51674367515098,21.581651652777055,96.98371514267726,13.276618105069225,20.240660242196682,2,0.005389273419517282,0.0,fall
1.2871228087316897,1.1696726733655982,3.41502101680918,84.75565194906646,2.3036829425716583,6.100219696991493,48,0.8631123173547088,1.1862527743043523,wandering
2.4463717361701147,3.3844221740831744,7.65319602846045,112.64485074157346,21.11309573771365,17.39305170690306,12,0.4241211709594259,0.4674318729615009,distress
1.0926949899353433,0.28419232985893894,1.1846406633420685,75.1641392318187,2.5272025568043293,-0.03253342552810645,9,0.18843468971913993,0.0,normal
1.9443877133339267,3.287461093772616,18.953565588997353,95.6246878513877,5.195139915862233,25.53832175547963,4,0.08136315914858458,0.0,fall
1.798673043047042,0.6194022326597222,3.88814875358346,85.00454511736014,5.223986741150577,7.947566981967283,57,0.8223994761985091,1.097551507551004,wandering
2.4437749628422556,4.06824324316419,6.860543718250836,114.91239594978697,16.875802752720244,32.60797830966143,9,0.4860532084654141,0.21279806763584386,distress
0.9120641294145632,0.20583988636717288,1.2425098712759064,74.51098312024271,2.3963602995348734,1.286633894620052,5,0.15186281286172526,0.0,normal
1.6443285808025299,3.2399754694929612,24.404660275856187,90.83037361902177,14.587485327108396,34.939403940009136,3,0.062105217456705254,0.0,fall
1.4723257892385677,0.9198304752313257,3.658086131026513,89.27651909453087,5.1059288167896995,6.761168062017867,33,0.8682984988793172,1.4718055903002365,wandering
3.419406990212184,2.2288710225212025,6.533475282310342,108.01537257358181,12.75514971836329,17.365878541642516,14,0.41514405098180407,0.319216543687462,distress
1.0250024900481043,0.1258335634872736,1.2218726898997563,67.79157570398934,2.661286013450127,1.4645290086620992,4,0.15973795187448883,0.0,normal
1.5802690842810463,5.155910343457973,23.511200052720657,90.38647280788518,10.94851824714344,26.654570848063173,1,0.009753873969678674,0.0,fall
1.494707752229563,0.8055740426331641,3.8398102396022615,91.75498040032204,2.06897088009353,8.527216904970437,39,0.8650574274570344,1.2920922454888446,wandering
3.6955437848641024,2.29638257960371,7.535803168612873,109.0061580571544,23.207423761645572,30.30508381085186,8,0.6807807076715717,0.36173769392743066,distress
0.9513930304866288,0.09655039691157845,1.2097655154487754,67.43906577608392,1.3712799745984168,-1.6591873039003016,8,0.07255727856278696,0.0,normal
2.905048540684867,5.262150779374265,15.161035951313416,105.35328655290529,13.176181057267106,21.39368398899381,1,0.05033482053486826,0.0,fall
1.2377852653401833,0.9855791089028273,2.9646926508391673,80.18835794871048,4.315280640042818,9.454111096670989,55,0.9771246343151498,1.1765532233495841,wandering
3.405724925079071,4.508487278881249,9.4565635574221,115.08861992279525,21.187762116565295,28.438576623307057,14,0.4303653322448399,0.25680129641382066,distress
0.9574848368497829,0.14858831202464573,1.3738035125480572,67.22357914020742,2.825124308410887,-1.0479664888883389,5,0.15091246672150238,0.0,normal
1.7977274265437706,5.972705229847708,22.328076329078534,96.64160884709474,12.8810985603866,24.052437120099103,3,0.02570851209272257,0.0,fall
1.3748125424130575,0.7251673033240019,3.8501174687138473,85.63392085205284,2.8557429571608197,12.683465476293216,36,0.9834235368734157,1.4446256202817962,wandering
3.838628985364421,3.466239515308552,7.873209331632374,112.02790002309703,17.488946873973042,40.86499716216288,17,0.6711666024514426,0.4924589005450818,distress
1.0256039733132487,0.20811178118192575,1.448690008691175,74.58796873670184,2.2916866930735686,-1.0940019019617822,8,0.18401834424124536,0.0,normal
2.5598720964673998,5.545968449396029,17.200314702468642,88.29930260677631,7.119904176845887,30.770087387430188,0,0.04757328611012725,0.0,fall
1.6034909431834758,0.575721281829201,3.5243777016898914,83.35648269822515,2.411919224084757,10.500934599028671,47,0.8372211314184732,1.494293599962639,wandering
2.276697403460811,3.5562017859507167,8.393904029002439,124.50118826419649,21.1285240466163,37.38754502042195,5,0.44528630015674,0.14969682213592878,distress
0.9537084410870141,0.17219354314220547,1.0821318389341437,76.98325348726254,2.4205010598428927,-0.24906320977176755,5,0.10352258490317519,0.0,normal
2.3277104017081176,4.106828884417748,17.20796745866969,87.17142079664353,10.635528870728809,29.260272577368596,4,0.09440197605197181,0.0,fall
1.6867615829990386,0.7997727790466882,2.9389884178023022,84.3246683206984,4.948787739923727,12.914268041841996,31,0.8919180722912016,1.4838039446151732,wandering
2.884211870729269,2.867977397226179,8.12371527051377,122.55794285046498,12.586571169298235,30.50327986881678,17,0.31768178441990963,0.10079599162294373,distress
0.9391811590564393,0.18586087799170065,1.377811237640648,71.691400767103,2.2450366411256066,0.5193365343697427,3,0.07082009341953657,0.0,normal
2.790192010517729,5.1259260828697695,15.699659998965252,96.48881533691838,13.784657839148414,34.2408139608328,0,0.018457047943623527,0.0,fall
1.9208690287211934,1.2771158086524101,3.6701263991437765,89.54294430387236,5.121097178912603,5.670502667792183,42,0.9979668309962393,1.3986759129970987,wandering
3.164710312635914,4.62979808393787,7.629318210361157,100.55797530524728,13.01133063050892,38.61375976761974,7,0.43103648671809297,0.38822682922651636,distress
1.035564763023544,0.28276822236688376,1.1476529503341153,71.23677430699645,1.8765922736561587,0.22517862085899987,1,0.059533817878510024,0.0,normal
2.078393060612864,4.273206819689924,23.026841538009236,106.74666654454768,11.553342631114417,30.187605344735687,0,0.0949271114062299,0.0,fall
1.8612806847060837,1.1525898425474934,3.7926048739475204,82.94007184008257,5.968951259735871,6.338016298094633,36,0.8891262411887749,1.0273082048352749,wandering
3.9474261404697453,2.6009466363902334,7.672607267415183,104.77564272628113,23.96354233850957,28.327698169177836,8,0.38349946627971765,0.40181615531582354,distress
0.9181832230212219,0.2826469069316711,1.488445746149591,70.04073825010508,2.208934027000498,-0.03685944251193041,7,0.13395281425078234,0.0,normal
2.683337612798568,4.23087214862477,20.600415298606592,89.79430162134966,7.320459583977859,30.355730976747857,4,0.028214874453549976,0.0,fall
1.4581917319908138,0.5247067462081842,3.813665350764234,81.21290296468953,2.4269057743228295,12.718265127030278,31,0.8061505281105396,1.115592460206698,wandering
3.384931951554001,4.419190178989343,7.306081172272494,105.28942633962735,11.57856610158319,30.78593448040435,16,0.3380131026711979,0.04047398175515554,distress
0.9931426171362052,0.14772732646019832,1.0709056772374548,75.41827607491405,1.897747226899988,-0.5513738537231978,5,0.07446948480372813,0.0,normal
1.7577388028652847,3.221422795108976,15.833644116462036,93.38250741498773,8.259573530514093,29.50824132761699,3,0.03023083840365951,0.0,fall
1.4412773638597987,0.7336920546561094,2.5509864624864047,81.16809789917748,5.171668618973484,12.077883535479014,46,0.8824480205670281,1.2732867884368915,wandering
3.6216146219595062,4.903461293328553,8.632184768989966,120.35449575610146,23.754071960442005,24.929324416380805,12,0.6354895881955293,0.45020025411997916,distress
1.0940996818735809,0.27791294204288397,1.309452494012635,67.55657181169585,2.606387797341214,-1.2598382581118082,0,0.04137576667280385,0.0,normal
2.4322251659400553,3.532905733586166,20.540398244915338,101.34473941865484,13.48976588716038,25.009719232375534,3,0.08949734088550973,0.0,fall
1.6363481505265596,0.6416412766222672,3.808432576356749,87.71115326898693,2.2890105852855336,13.288484338160606,59,0.8261522258949526,1.4874277723133154,wandering
3.5573848188297132,4.050495625208975,7.971236876578275,127.10791706117683,11.708824702209851,20.906813410579936,13,0.5929234100462795,0.4460168775635915,distress
0.9362654296824878,0.07605207674139565,1.494233901079021,67.86115501955045,2.2917874648128436,-1.9980312261038877,0,0.17331783764582798,0.0,normal
1.8992295748044654,3.472787621014409,20.17173232380729,95.37941808330426,6.49187013165677,26.657192203371466,4,0.08507799676598865,0.0,fall
1.332217102899897,0.6139089915236043,3.5391897679314983,91.49697805053943,2.9284516279359645,9.572221792058114,34,0.9446625576589631,1.3407069848287696,wandering
2.2234933903134837,2.3711585677642613,9.583683410319548,113.93595908461926,21.442192716546163,21.51596469780716,9,0.33773399540391313,0.11515835602525387,distress
1.0297898131271783,0.20683968474409514,1.0619731173341367,70.98280080636573,2.8623535260431607,1.9735917099821005,1,0.09484914870975457,0.0,normal
2.4896814301024204,4.294698184380699,20.045713379158176,97.98690109590929,14.52581788920597,32.168183938611655,0,0.05557808290610831,0.0,fall
1.2526126604901855,1.03675859436738,3.872524523986767,87.75083845631454,2.6943277852688636,8.49588192714501,57,0.8301451083305313,1.2580724616936383,wandering
2.349977831401449,2.0458306940410216,7.289870417987849,125.99380295044207,23.823477734807486,35.031857010303476,17,0.31370901936893325,0.15067831897030332,distress
1.0485450117857884,0.25233560891133155,1.141140116061972,73.76435148713485,2.8708115281439133,-1.6630438755278671,9,0.01365118405449748,0.0,normal
2.9491025850065555,3.0403885890359503,23.613564948874895,108.0428949426125,9.22929947547015,29.077108531704205,0,0.04815783627084237,0.0,fall
1.4166041840643497,0.9588705426178147,3.503504947720136,88.66428570988889,2.185868086807168,12.006918736772349,50,0.9517874670194872,1.483993951355506,wandering
2.1002330622864784,2.4631021678360168,7.607438201049532,124.09621638053625,17.314513687375822,30.38596245752093,13,0.32482429553651465,0.49780797787314357,distress
0.9850221697238319,0.23052884755091968,1.2217194575416257,67.82741899508844,2.903008628202335,-1.327228989097299,6,0.16226602851704913,0.0,normal
1.701897502778902,3.13426985606175,20.15492141092448,103.21220108831541,14.138597010425336,25.270773623596032,1,0.08377038238915532,0.0,fall
1.3381902971736201,1.3356200579674842,3.418503551684086,92.45393034873139,4.057400164742527,7.150939474415274,39,0.8586716798732184,1.1587982574971198,wandering
3.4700611927503178,4.856555425374496,7.387264405982551,116.61916726708515,19.934488571422293,31.606977522736976,5,0.3366876996636289,0.41519355822217757,distress
1.0689416864208887,0.11293470507969285,1.0989399469835524,73.76528547393957,1.184950661607932,-1.5618472194217392,2,0.11904986919807646,0.0,normal
2.0704019511501013,5.866981491648867,21.79355747320991,109.40158035347577,7.737124896130727,26.94071256194798,2,0.07809058978730492,0.0,fall
1.2677244727409624,0.7001559424107725,3.2118139688660055,83.06311963473746,2.6760052943261097,8.252591714286588,51,0.944892769597945,1.4462778155030254,wandering
3.7295831012792418,4.992118693208594,8.615005349421187,106.10555895189813,10.479493931863159,44.90827923249884,12,0.3991976417700618,0.26435817857053945,distress
1.0318308064114203,0.26845337081178117,1.3332377850017942,75.90805078560318,2.682007420147878,1.9172382912659605,1,0.13649754194553584,0.0,normal
2.4580301921102388,3.9315690938729855,15.849790181134416,107.08107966227156,8.258115691326935,33.169854949989514,0,0.06482088165123309,0.0,fall
1.7722600977910474,0.7944360783843587,2.7531522969368534,92.39143733838958,2.964217322523754,13.80392038079088,43,0.8510118211772774,1.210299049272054,wandering
3.841412557512264,4.613044623691483,9.324687481068272,119.92714470502541,12.26987617687093,25.33464372838497,15,0.34698699217732853,0.43526162428886195,distress
1.09825276680205,0.09726462751934913,1.1963248047784734,76.08138907414036,1.405560891983721,-1.4992493285868917,0,0.04015851847238616,0.0,normal
2.0883544136747867,4.601110984263052,24.5243744118483,105.75137125660498,5.37573791634243,25.793664845818764,2,0.03979617232337449,0.0,fall
1.8089106366159555,1.1891603528715293,3.7109929017142185,81.98364731222807,5.650791042165471,12.325259175065051,55,0.9590748543230154,1.0970191879735078,wandering
2.093180193127161,4.116322486601957,5.170594519311594,112.96645575368383,13.251107738199838,43.743889653008424,12,0.5399094847636953,0.07762252320767044,distress
0.9760590724617227,0.16089375190847344,1.3337229450090247,70.22058437123655,1.7942533188070933,-0.9273890612840963,9,0.0566161645944717,0.0,normal
2.523543283400312,5.8586034126154605,24.841520469457926,92.41915283413512,6.034460020903513,23.544966746628653,4,0.06866387257570909,0.0,fall
1.6525343521878209,0.5915057482054279,2.7140647394958783,87.43994452212654,5.269474322547733,11.9548082468722,53,0.9299628373723287,1.0141165566537382,wandering
2.804520902508216,4.230973242571018,7.348126045578869,113.0376519333047,22.26296335719585,39.31094234636271,10,0.6729132306449126,0.29060970385616763,distress
1.0283689333721133,0.28603512106758255,1.4840760335023016,74.16401750159244,2.7755982311855227,-0.17850043213584854,4,0.16096801049312287,0.0,normal
2.7528043795112414,3.790782376574574,18.085373681842,94.82880300973935,6.178472049239598,20.64763612194972,0,0.06272788049371526,0.0,fall
1.4750276153514632,1.4805380783661022,2.8957536654612346,84.14029306982182,5.489458487626107,11.073248713888528,45,0.9302953635336765,1.4042514701610074,wandering
3.3363722029871123,4.258177595736551,6.3683842968447255,100.9619014472999,16.52192019783851,34.72655928251493,14,0.6102760805178236,0.4863077007056417,distress
1.073568993418867,0.21282550437360442,1.2647578817714396,70.65242007217509,1.8483775215023255,-0.35623175549651,1,0.019394323540221192,0.0,normal
2.44835114324984,5.665320354117097,16.344974524260486,98.72301641217891,6.560805286871316,32.07024013719197,2,0.09029990507841722,0.0,fall
1.2447894822433736,0.5291648479429196,2.5194653765956074,92.10683609275007,3.5735253746764863,9.026486995088268,45,0.949442266926462,1.1503881734827819,wandering
2.075391995741909,2.93570311265891,6.945229808266058,115.18622067332215,24.66745565774069,35.11248460019912,15,0.5281508408201402,0.4360241325456012,distress
0.9321596473761905,0.2871426202170441,1.3119739594016537,75.91021842181367,2.429091777453227,-1.3862900707242285,9,0.09510078053216425,0.0,normal
1.652440444095487,5.27343984650406,19.229175402064875,102.70709558613707,11.652229852836637,20.177284986778826,2,0.06141058224478402,0.0,fall
1.2549399658440217,0.9220229727446307,3.547672983893941,80.3921038677938,2.4513477389211022,6.304885788476672,56,0.8250313888970996,1.2628278595706601,wandering
2.226664800321715,3.4613001935168874,6.347360700152069,101.86809318856847,20.756390637791256,21.927026396776817,14,0.5327239715657499,0.1451108880136977,distress
0.9315628308050319,0.16562566087534408,1.4699773197379284,74.19187634584789,2.363793254564512,-1.4668050999870967,6,0.045343089765728144,0.0,normal
2.0298397560190398,3.2169672087117522,16.282935226700342,100.21048219100452,11.155958629487849,20.138162900170542,0,0.08323015312528835,0.0,fall
1.2735646933256184,1.3522125377886787,2.810301703856008,88.34937879632542,2.816948111244981,12.03335329393358,33,0.843181932380291,1.3391099759248006,wandering
2.434362819315251,3.1813441207087965,9.623113952420319,117.21126155226935,18.243490062500857,36.368166023448495,14,0.5947129044764479,0.4365013170410985,distress
0.9869479880006548,0.12683740595478465,1.2967937922104096,68.43427423958818,1.0596055232757489,0.07176208733258216,9,0.023088919866193682,0.0,normal
2.5172161217309235,5.1892002358193725,23.004089976250825,98.06720664188336,5.242824263324042,30.149543570857833,2,0.049560263596026326,0.0,fall
1.2037466971167086,1.213933027491398,3.5886474205268843,93.12207286784458,2.811940176749403,7.929053570987204,58,0.8007732363604771,1.1269306760352857,wandering
2.8141067040441055,2.898757028983197,6.582177544077114,116.28193364729262,20.253757162672745,35.49552273696883,19,0.3534744844998934,0.1365559194415314,distress
0.9712864748473093,0.06385527588013236,1.423510067187887,68.12680532559146,1.0354630404499274,0.9304979133602234,8,0.06283064120077149,0.0,normal
2.5051705590211624,3.0053896261329403,24.63626222192896,90.87135035228933,13.257372370197025,34.58855889845326,4,0.04020630257437165,0.0,fall
1.7432022723764495,0.7502060978049,3.8951667887622596,88.31315310452406,3.7340352502284753,7.768564989532098,40,0.9537414835330601,1.0150702803731548,wandering
3.0133729439741153,2.4751128399611977,7.151047846544316,124.6287228149074,12.696818797414556,32.86609457809425,10,0.6078791391205873,0.35025781934076267,distress
0.9417564218916789,0.11973839969109855,1.1464859999405592,70.23740641706078,2.689732064263206,-0.9096663291005034,4,0.04745377338812473,0.0,normal
2.6879630999918644,4.251351207508829,20.821715953194598,89.53473592689093,13.0344830102902,26.864850674565012,2,0.010845895697038643,0.0,fall
1.5303955373976708,1.0147438749792124,3.424394107232578,89.82570692212336,2.071333915922453,12.064075189706235,39,0.9846276878917031,1.2261940388101444,wandering
3.0671269331334576,2.5238022165555396,9.902090210409675,127.31065873905852,18.65929307713459,34.02049246027884,12,0.5884959249764296,0.05512094136953222,distress
0.9711053158083847,0.05215345939434669,1.1982540337262437,67.4867796120921,2.275137612638442,0.25420978198901256,9,0.1624538207903488,0.0,normal
2.5346694559103433,5.712520979998049,24.287702529125383,104.55063662556147,9.863896207898119,28.91580533358033,3,0.055448636975236956,0.0,fall
1.9015868986907336,1.126412750966768,2.6593682985412155,80.00977188953816,2.6346641149734236,13.659523981192413,55,0.9409367807440853,1.0384219476613705,wandering
2.2514858635147443,2.0756765795899903,6.342594768264953,100.55340560708353,22.65051932414755,25.593016417910807,18,0.3906396691294549,0.46454655628507635,distress
0.9032962708551052,0.24623706666210837,1.2655035462049455,67.87690112328086,2.0630361563873993,-1.8167932614175752,8,0.10984267213888217,0.0,normal
2.3031665842314633,3.9999410932458552,20.388382215932417,103.24939367491632,11.920593092968202,23.960241572696415,0,0.07022033186058879,0.0,fall
1.5438107708150377,0.5158541233192595,3.851133812465015,82.90502479814285,4.231713394910329,13.308654365278297,43,0.8723915097579491,1.2826974055332423,wandering
3.0559255434233266,2.0350655522011696,5.985506908656298,115.31937758508505,13.6469203654662,36.15496075946368,13,0.44608822048250985,0.09593923341193922,distress
1.0545022201495946,0.08127160644039357,1.247879656783204,76.84001469765656,2.0215576711590577,-0.5872944213025613,4,0.17223557550029153,0.0,normal
1.92805395308247,5.67307007542359,19.499418803247604,88.48378637780122,5.113177884116228,22.538843970785965,3,0.018725396245916272,0.0,fall
1.3416514324184208,0.824909408669917,3.4572215057158253,93.11014826964545,2.443639345251594,14.616528936277474,34,0.902531482225771,1.0054545187067143,wandering
3.8006841270767904,3.7776044900914134,5.632430692084559,103.26183910434183,24.51406330143747,38.17427730995827,11,0.6786506138684494,0.1699838818649702,distress
1.0132745834604524,0.21104318285789608,1.4846916066513631,76.60281426936834,1.1344977031189716,-1.6462897235165128,2,0.18213453440340624,0.0,normal
2.7786325368754285,5.18255804227312,17.890347673127287,85.34967772963144,14.397368257979196,26.201929659977502,2,0.029501790132346453,0.0,fall
1.7045911258988515,1.47341012306012,3.9590641358942236,86.9619320900591,5.705261452463003,11.156512021517832,45,0.8183510162974891,1.2269121094502102,wandering
3.6622527162348346,2.505783112098504,9.535457188816881,107.54403252141587,24.13385828370705,34.094015858275895,6,0.4966784618260487,0.1160203074868259,distress
0.9621497724985038,0.14748372638251178,1.205946175378246,69.75096707681638,1.841085522480594,0.9646111316180996,2,0.03751105998439639,0.0,normal
2.8775575842564582,3.326340005302892,24.15705565034228,97.87217830209372,7.612764072791882,28.640930538237697,2,0.04177375335051388,0.0,fall
1.2921811414271123,0.7299616854718913,2.515732479227216,80.72342103261919,3.134119993517702,7.389757921244132,31,0.8925181505223987,1.2927885361272158,wandering
3.449521539378405,3.728235366201563,5.055217956360813,116.73079957437724,16.201395916466552,16.95477715875904,7,0.6768718452235813,0.3020576349021254,distress
0.9459889847972774,0.282422264163978,1.2776570911247036,72.59112666499674,1.812529386041291,-1.0993315352657413,5,0.18427037366640342,0.0,normal
1.6507628104270946,4.658885378101209,22.782972080438412,86.95851789438409,7.077942210503288,28.689342767555402,4,0.08782929480543414,0.0,fall
1.6484795132032595,1.2419159085754572,3.803172371482817,87.46556659607398,4.173390002071067,11.453048557616299,54,0.8840192908330194,1.3330813704370832,wandering
3.5410463891526516,4.816683683678225,7.464969266202846,110.24591413934512,22.110073069881857,18.653354637607467,12,0.387481650316931,0.2215236534023402,distress
1.0495088030302027,0.07362387812570957,1.290902309719919,69.76355509995918,1.9726635012486926,1.249507608713968,5,0.05739319561822758,0.0,normal
2.598165219572418,4.899422820732005,21.793802330470957,104.76728662107473,6.4488970948069815,33.15376641409846,4,0.01016763037499473,0.0,fall
1.4564467074273124,1.0822850624454299,3.381524135526497,88.99469708975214,4.724031075214226,7.5134687206492865,51,0.8467496800906504,1.0195463054611151,wandering
2.776110024812516,2.964425532700916,8.946136399166447,107.03831679906968,21.264201877633077,37.35951302977573,17,0.5869859118734168,0.30480738763371257,distress
0.9708230083145059,0.11228893146565931,1.3589944974984678,69.48334465269,1.887067688695099,1.7087165827156428,4,0.023504116783523845,0.0,normal
1.842022646744287,4.367018410469543,24.102136161361013,93.7373847280764,9.62124381624304,29.35947420298772,3,0.007419226165182958,0.0,fall
1.439312958670632,0.7230360247089168,2.255252850133753,91.44153095139184,4.908567581179369,14.455195461333028,45,0.9533837062426562,1.2699515037030322,wandering
3.460021214280057,2.9504682381305147,9.402221106654517,108.09770147991334,14.563141788743458,34.80988419348628,13,0.6150270489115914,0.18869875823999432,distress
0.9403521118846461,0.05397445987439929,1.225721345189754,73.27481528202127,2.872986769199689,1.2809708402035818,1,0.12019361559516276,0.0,normal
2.0331150140133047,5.4590681349136885,19.090727731021914,87.30810887187509,12.584071340009164,25.68166653344905,1,0.024487694773115777,0.0,fall
1.4087248932864964,0.7602344724402135,2.6419650456544197,86.19064322913985,4.298759990595325,12.236434948572661,43,0.9424732954000793,1.434169159704614,wandering
2.521771716354536,4.6921723731351355,5.66106776673952,119.8751665512782,23.41339849487508,31.259620437361313,5,0.3795527608504963,0.4586447409383117,distress
1.061499430954138,0.0995159538863332,1.3251299285439249,68.74110997825142,2.8280829996038364,0.5822797594208486,9,0.06310644293288459,0.0,normal
2.097246426566948,3.5825790347374786,22.910750099602765,85.77529322772422,13.492597342330907,24.954515687254577,3,0.008558850184691569,0.0,fall
1.541918534842858,0.5910898846834663,3.71569325500727,83.34358839805927,5.455283389056631,14.92603272788007,45,0.9533714198421611,1.0948851711961092,wandering
2.6387258416384274,2.2634670672168804,8.910876564200013,113.4243690150575,11.451300465561122,34.18085942969137,16,0.33733213952492686,0.20746393813468456,distress
1.0640339177078473,0.11453734019796334,1.2141073686595032,74.20372947671349,1.27386945545499,-1.250060597557257,5,0.19788057886158195,0.0,normal
2.9682349565963504,5.265401971829235,24.16244800175309,92.58542234801433,9.895541946005492,28.648499999280308,3,0.04245897408428362,0.0,fall
1.3502211341200114,0.5617736222204023,3.2706774884369088,83.56815983240078,5.343739068632692,10.397189006178621,41,0.9532646888039672,1.2399284205598118,wandering
2.0201047555240494,4.386009680971498,9.087255068485526,120.07757668002552,12.61154399572145,41.89991150095411,10,0.3492229874205578,0.0817404859082339,distress
1.089315855324569,0.12311004484120618,1.0370138203224202,74.09397837524024,1.0044153136991874,-0.5763646247291359,2,0.03681865585466049,0.0,normal
2.14751604276732,3.0428205520610203,17.225984146112552,100.11635578537405,10.900521011652845,27.783541599050963,2,0.04019747532612231,0.0,fall
1.4067272934612243,0.7180949984080324,2.8620003941933527,90.9571608480906,3.110041903354155,14.46188158134531,38,0.8775443140355887,1.2228192117425127,wandering
2.3724084087704718,3.0513462212525404,6.409983326600836,104.10234802994825,16.979654167100563,38.09992447040891,14,0.344601580722378,0.13199973411068183,distress
0.9216451839219079,0.17645714873676782,1.0265770749897767,71.06415881731316,2.7884000288053974,0.6938317226078934,7,0.12265612717671504,0.0,normal
2.1571966242706373,5.219493908268149,24.05942277857335,109.91991042416164,13.477464560208679,21.244741358114105,4,0.03505593396710506,0.0,fall
1.4948469671144973,0.5606005728681231,3.4410802064860007,83.43364725857927,5.452257892492005,8.855494990059553,54,0.8140276362478248,1.3643205408383994,wandering
3.4651232391241136,3.8083400669917,8.300674289249613,109.34888254132996,11.309130014118388,39.62818064847171,10,0.6355929601449779,0.056662543860322434,distress
0.9541282121508677,0.284529127971731,1.4356243961429938,68.00825235705771,1.534507846396818,1.3344454957024747,9,0.09829033166661905,0.0,normal
2.168874590565276,3.80528782063476,24.853856104929704,104.46315993791953,12.448319023095696,23.30354970718092,1,0.035580125145019195,0.0,fall
1.6832019360798383,1.0405067165643325,2.2621307779424464,94.25543479902306,5.1875022063690395,8.721417754442525,56,0.921572102745567,1.2765518560734308,wandering
3.613943392865171,4.729259962680001,8.424961769449343,117.923381631936,11.554528936555169,24.41695478566076,13,0.43758627500477704,0.3510786299072903,distress
1.091066653429797,0.1271302048912732,1.1171953687992615,71.79765325064291,2.3783750864293234,-1.4887284923840434,1,0.13564619346800227,0.0,normal
2.600831040350181,4.611897264638401,19.260786029526354,102.14702213063161,14.605602579291626,29.64156044431466,1,0.00782146324585098,0.0,fall
1.2016804350729664,0.9713693964128003,2.848019518713806,82.05737662267545,2.8713221478759725,7.08180109415066,54,0.8693382910990402,1.1818879125935147,wandering
3.4863193582295238,3.760869334143724,9.75173057059577,121.38261150168,16.266368660541563,23.00945848320827,13,0.3117123325731891,0.43779987922578806,distress
1.064102760699789,0.25909872056831046,1.3070867524256045,75.5081695308877,2.84148202338422,-0.06707355015432981,5,0.17122790697718426,0.0,normal
2.748644153906665,4.105220326223499,16.970535107718817,98.6763900307912,6.834678950376346,31.933351126594033,1,0.07957853242885865,0.0,fall
1.7283258543939524,1.0594670655027763,2.52031572697278,92.47032083749299,2.5241921797169433,8.66279386247313,30,0.8599685344318322,1.2755128701829033,wandering
2.874504956764187,2.205349416657012,9.33601776646534,114.67869596183849,12.81855804473798,15.380153214071731,15,0.3156385561363728,0.3102517974196944,distress
0.9784682180570274,0.25756838697632795,1.4110558108228664,74.69318520979769,1.0331944657958854,-0.8698389818583343,6,0.02936841331907021,0.0,normal
1.7488136756848902,3.0170815140049556,24.221831298488905,107.37530871517997,9.14078846262586,22.49172298970683,0,0.020061139632130943,0.0,fall
1.5913179821426835,0.7053997977306277,3.1906382404204177,93.6053611950255,2.4422875829989996,13.892567718971552,52,0.9564193869975057,1.2326095907713994,wandering
3.04674789383726,3.7608508774677296,5.6303557958505,118.64868142928586,13.76853172349771,26.230253643108306,16,0.40285840621974145,0.14815731944238447,distress
1.0611034466556348,0.13140509326336586,1.2372682170656129,67.54562317195025,1.4009465740531903,-0.3785458648367994,3,0.119473621018632,0.0,normal
2.1102938376910947,5.724369850876673,17.39706447231968,107.36867937272696,6.219126387561355,32.77462527123371,2,0.0433366714838444,0.0,fall
1.82513287402746,0.9774322448216285,3.907860547646889,90.01882117344721,4.782401059073786,13.250858257314201,30,0.9755868666447695,1.4871433296904182,wandering
3.9309220637121403,3.647706064826263,8.796647684464975,104.37503860693855,14.752996961874318,32.73080447605736,14,0.36736421035894634,0.03752429436142146,distress
1.0583803349919734,0.1572598709861998,1.4485566167995256,74.34901353992748,1.1847686929288568,-0.8971872596039141,5,0.025181428951688824,0.0,normal
2.4093377745195497,3.585221849382029,18.890122899308032,86.30618316193402,6.560163198424556,23.741444857942433,3,0.08799008723896073,0.0,fall
1.8904026762016908,1.2735842175655705,2.290333461604125,85.81880334066916,5.502581868383038,8.800576290383248,47,0.8841709193980917,1.1509853481622248,wandering
3.476146580462916,3.4323019761651654,8.025957800600477,114.51830403568567,21.4857302842116,39.33006196101053,7,0.4247795748868567,0.3262020443656476,distress
0.9919009989905619,0.26545257386153176,1.334139159823763,75.81058925444943,2.6041963003443342,-0.73686533694505,2,0.07604449535734698,0.0,normal
2.465688217701253,5.77407564141509,17.839169959840472,105.19915609875193,8.702366924078913,21.892548860564816,4,0.0329230312736258,0.0,fall
1.4776830245046353,0.8299010595545573,3.931777181038682,83.39964834562636,5.985276347405335,12.670769193916506,41,0.8421241447811384,1.217736860578256,wandering
3.7657885785154623,2.6950157812706492,9.095709792251792,110.71668092998904,16.650654323000737,43.51447579845645,9,0.5600995112905724,0.3878664802642097,distress
1.0831422263893382,0.08574973080902369,1.4718761708010906,71.43085318264914,1.8844370542515012,-1.5079644624333937,1,0.09648456064776603,0.0,normal
2.338778372622086,5.4095732069155265,16.260739559571068,102.06659276056537,6.956804921052137,21.178363711450224,1,0.042780615462596865,0.0,fall
1.8818354472913872,0.9778742577220634,3.4288424378863267,86.232520916015,4.018110033789293,10.888350191321601,49,0.8396922952120294,1.189227596672905,wandering
2.04372113590878,3.875555271751082,6.702799190948422,127.13990225189983,16.29194221009585,28.85820592574794,11,0.6800795893797178,0.26431997282383934,distress
0.9584885469926124,0.07756311888038588,1.0974100550355828,70.65939378871141,2.5064001382773844,1.9371353338564279,0,0.0033507344880839398,0.0,normal
1.569099431599729,3.714537014029328,16.722547145821977,104.38112058887263,10.224363507693948,31.5651653372147,0,0.05537214472222343,0.0,fall
1.8222516758759038,1.0478760124180067,3.2659616127037214,93.70267806697501,2.8570796561470386,6.858154802860804,40,0.9178887800976051,1.3707265030452969,wandering
3.2936547753441388,4.421142027847445,6.6952883219556805,126.26115082377439,23.145145298381436,23.450864356585143,11,0.5003247805318746,0.3922283928905372,distress
0.940140384054793,0.1727587906580867,1.3988943503591647,74.35935445812055,1.093860926817547,0.5538024099187342,1,0.05527694127280134,0.0,normal
2.5463123108131573,3.2760486889251794,24.00309353028826,108.21337356294966,6.539874154762893,22.834479527119612,4,0.08862644266306588,0.0,fall
1.5163743767628104,1.3425207681980424,2.618332219891462,94.39030235705874,2.0590309693410713,5.370281812126345,57,0.8470217540144972,1.002294298732189,wandering
2.4811445001982753,4.255550729924122,7.6875174242189805,129.75772427487072,24.967216445443853,39.80646175849941,13,0.6730475245980495,0.3925847710665546,distress
1.0327187050141022,0.11296514590167751,1.0379904599942968,67.50032184568097,1.957459443218494,-0.4198781900394466,5,0.004873083982066939,0.0,normal
2.7338571890112293,5.317298394011165,19.06771516051728,97.24315893619067,14.03662340069147,23.4104445553417,4,0.030725309811834158,0.0,fall
1.4527995608920377,1.0229748387718698,3.9746486759642687,93.01657138196205,5.1138886733529425,8.082232645189185,46,0.8852257212062509,1.0171016949565304,wandering
3.84245198582443,3.954763214138621,7.705004426254823,111.22974914544544,21.22134426115985,40.74375126485323,15,0.6948744504048772,0.3861072873676642,distress
0.9310028370911585,0.18718608984394247,1.0240056650859701,68.99557709312639,1.7312020461291324,1.7026724293223965,3,0.1900750993666901,0.0,normal
2.9661824350558197,3.1679952284373707,15.019745301372545,97.94347475285727,5.972878732608377,20.836957272658214,1,0.05106365852011379,0.0,fall
1.7959193065178036,0.6503502892017012,3.759669101604539,93.06844303203928,4.793510636983248,5.989193692352352,44,0.857063665033664,1.44597660260946,wandering
2.020661082779753,2.14723701024913,8.495377991532308,127.42269445142104,10.43675845872004,43.535944102028765,6,0.6806126826150231,0.13048444878317195,distress
0.9307455026469305,0.14994770422470766,1.4995312820242972,70.86780814111711,2.857637273063569,-0.6215755652240977,6,0.1591683793293995,0.0,normal
1.8647125915194134,5.180709158465082,17.59157751366452,109.89118296398998,12.806287503340023,20.10301955876613,0,0.036788158308908483,0.0,fall
1.7654344510048303,1.352600578950959,3.921813077303171,94.14284776151892,2.076274097466159,10.195144344561129,46,0.9326765442562055,1.2101231220493767,wandering
2.665122243341706,3.0103830670689797,6.059493651754205,126.05862888010894,12.269340709930873,22.02557737233245,11,0.5135767383621832,0.234364910452924,distress
0.9388050501355495,0.18936042659164481,1.1969967119126903,71.15208282410804,1.7575613835385115,1.490687770582018,4,0.10093146458728969,0.0,normal
2.1652407744650883,4.436201022106241,15.84548327036941,94.01704530978778,13.513247466558134,32.66187908973946,4,0.015570850212940059,0.0,fall
1.7852199140369767,0.5009880271971704,2.1994787901251405,89.63022930007003,4.564927757823099,7.927971550497428,36,0.9393921601693512,1.0444579276134025,wandering
3.596344154326137,4.090073281129274,7.240937426019688,101.99511125235759,22.574343877546063,25.582171574990497,5,0.6418137886427464,0.4650920732641554,distress
0.9848896966158665,0.17247845907794496,1.1304227808353513,74.69374869892597,1.4373508403353896,-0.7816741742314761,2,0.16652725282325484,0.0,normal
1.9080581548118527,5.563807601624655,18.09889254523658,100.61724332056531,11.764767239566362,26.191025410546715,4,0.07269504150171842,0.0,fall
1.605451787693663,0.991186847122244,3.461638714652577,83.46958789030575,2.398540585085297,6.933455863343171,43,0.9259341104886964,1.0939992685987174,wandering
3.4761497894614246,4.6915976013391045,8.227598324719843,109.43064815376462,21.780878459998714,32.904333001062504,11,0.667947203664453,0.29848669121439186,distress
0.9400516864822736,0.22670416207611283,1.0048970203546965,73.58654331229866,1.4510903616148187,-0.8225695368917902,8,0.16745764700346588,0.0,normal
2.1150203055496983,3.4413328120005664,16.05786669581521,100.103004269515,8.649007026609148,29.2377489145319,1,0.07928994168949499,0.0,fall
1.9398823020867044,0.7299818862048736,2.7305337325271637,94.60344078271446,2.3066341399795722,13.095957539404937,32,0.8159638053559894,1.3892572378054777,wandering
3.489270624796588,3.016636765889098,8.142985472533434,108.82300327006939,14.589339713540513,38.36169834103568,10,0.31759862453856125,0.042386280722997105,distress
0.9322111101888919,0.13446993202352192,1.391830127533146,73.11880421345832,2.233286314762634,-1.707617204661036,2,0.15114070567201518,0.0,normal
1.9429855091336652,5.771068420550807,15.492054055173922,88.50836116795804,8.574871928341114,23.601549383097897,3,0.06507229711776637,0.0,fall
1.778012014841912,0.7900107441824699,3.8019183304249813,88.74008056290391,3.9593487240134495,11.98144048914693,45,0.9847775930199638,1.018441041390915,wandering
2.1223468780949473,2.3241004019775193,7.176097060595394,116.72330734720353,18.45325476854593,32.56739770590932,13,0.3961626717142455,0.3313492025518688,distress
1.0587051517616408,0.19784756384858881,1.3122336408178392,73.98882255849934,1.9009691455067612,-0.5127020232198443,3,0.01649540248498902,0.0,normal
1.7253379017696335,4.109450915539972,16.482209091206485,98.18646972766207,6.560780261720435,21.73482313216907,1,0.07706016055138158,0.0,fall
1.463933957519004,0.8020580752470653,3.330205488162915,83.8009884008701,4.411651117135736,5.981941421394639,42,0.8588295052755476,1.3660897614079834,wandering
2.433134218029398,4.581379116422715,7.568986656034413,109.87706673720409,13.108577975577846,36.229073974306615,16,0.4099504089644231,0.03624230334601436,distress
0.9102256214289791,0.23027048338522166,1.3292233586136601,70.10937342311307,2.4364282387865366,-1.6970763832350477,2,0.1606429182534385,0.0,normal
2.743085313528633,4.381215139323233,20.336812813863908,97.97701520700421,9.718298391380166,34.895513751164074,3,0.009045468854143935,0.0,fall
1.5797204168272483,1.128964859566722,3.7257677124647715,85.41583497125424,4.081117556568043,5.821773417979329,36,0.8730921158033571,1.4527210880901107,wandering
2.718854224045577,3.554378872229412,5.497463678122573,107.51718346496968,11.424320381048364,36.083785829022624,5,0.6433145735425606,0.11998340988976292,distress
0.9042806550902943,0.26519436192104195,1.4025255720985175,68.81200963979114,2.3398383473998443,1.6110434238984674,0,0.03214074109973351,0.0,normal
1.892750100824772,3.8997690818510016,21.563268685987833,98.57558500797417,14.474702876626178,21.506669487353044,3,0.006880871694931002,0.0,fall
1.5613914397337105,0.7639988923946139,2.8900371031069394,89.38113829013561,2.079053990889967,6.328403105311566,44,0.9773562432441847,1.4323957533207763,wandering
3.2660113506828603,4.237389507724542,8.727228774007013,123.52221724365063,13.019996048695187,32.95854245347822,16,0.5605843589603743,0.403146051967129,distress
1.0116873756999931,0.18085215580281988,1.2326599173813728,74.84373522008114,1.421546481360442,-1.8492347195589134,9,0.1022555686288475,0.0,normal
1.6559221292312027,5.5125711236247215,20.901784418668754,95.16845240303374,5.468622052450427,20.318166264619343,2,0.09173574049715638,0.0,fall
1.9393709462545219,1.4821103633403598,2.371657573355954,91.34474891326266,2.7066428077292737,11.308891486719402,30,0.8496305618985239,1.022835811627087,wandering
2.8405481329093702,3.0640393771367096,7.822400911517879,104.08255122904171,17.150864664812733,39.845164482257616,7,0.6649535348192785,0.0016042700945748667,distress
0.9169110586447492,0.2028463928919122,1.1333040151583884,71.7025549782395,2.6105726965234695,0.5981732660617429,3,0.09755256404871802,0.0,normal
2.0563820741405037,5.810189216395177,23.930669489058015,87.8250409269861,11.56143338850181,21.16285892880184,4,0.09534021578868047,0.0,fall
1.601485788117797,0.7967764911569603,2.6617796775480715,85.84209513057394,4.090508448047488,6.162620631225886,35,0.81207192929499,1.1564926239852684,wandering
2.4191883834721106,4.641305371587204,6.214035795962896,120.204659319255,16.38693942971734,35.77817303586298,5,0.46168045751981734,0.28108034388719416,distress
1.0041454449970295,0.10882253605788879,1.4431671167718676,75.9534024346042,2.3550362525566397,-1.7534431946127809,7,0.1193642234493788,0.0,normal
2.5563450081277006,5.288998770514405,20.980548536420148,99.03092893195544,12.523215288004016,25.348551164523833,0,0.07008341573151837,0.0,fall
1.77780338131086,0.8271860145813786,3.4344128518397707,93.15025573658036,3.4999675885114727,6.4882776820416,55,0.9151888895102543,1.4521708224376253,wandering
3.6998062306384556,2.0097812816834897,7.981781087248756,100.71145139564022,21.195591078236625,39.99105989423095,6,0.48744812506419455,0.4473159474124667,distress
1.0558795993848569,0.09609846845853247,1.1734041377932023,74.18008395507424,1.6391872183578093,-0.5956139031455407,8,0.10807467012624508,0.0,normal
2.650784012529013,4.41137341190474,20.102986728876004,98.44632593488332,14.225217158651134,29.510164461956663,2,0.028634800196486843,0.0,fall
1.8325437277633654,0.5076592735968228,2.09023400055841,85.76343784700231,2.654368403125932,9.30451540089837,51,0.8766836926751986,1.1622104492359528,wandering
3.7932233497606607,3.8581711784769324,6.873309721041769,124.267829120509,23.09725629410286,37.5822951524013,8,0.5693208993035073,0.4979050677856245,distress
1.0506121484249156,0.1396231199729709,1.229765653402568,75.98269027555804,2.80726244331263,1.2948255663618902,2,0.030445055103510834,0.0,normal
2.717222183169861,5.740456724586566,22.631766950554994,95.78772199173471,10.260027050469628,23.728095003975152,2,0.07540051044449887,0.0,fall
1.6439827074094717,1.1347466715617567,3.78065687368004,87.47078050086438,2.0424171323497067,13.175934067483714,48,0.9739303522367695,1.4410818079301255,wandering
3.55045296919529,2.2721735949698965,7.183316691333381,125.04847643379985,13.420668786231172,30.89482215760715,19,0.49323643461809225,0.2765031944705787,distress
0.9090884272169746,0.08535012577056643,1.1781648707983856,70.9061344490668,2.054318334795324,0.010636395320667624,7,0.19858875236203236,0.0,normal
2.1127170763759846,3.7751933102791697,21.462276688351206,93.52740671507321,5.710299824283051,29.07652392296911,4,0.0332711403375443,0.0,fall
1.8414749989533061,1.1655612609711103,2.5286369718044157,84.27428512668422,4.4415285251206384,8.969968472457769,32,0.9656821300098635,1.0804539073996908,wandering
2.6009805578981453,3.8938857391271036,6.875177613416921,105.07830234835555,16.394313471857117,44.517447934771845,8,0.5486920416414542,0.2747934455703808,distress
1.0495480260226615,0.21705667696797065,1.0005090340563345,74.00936099117872,1.1652123803604857,-1.332659228784089,2,0.11628854204556993,0.0,normal
2.0071571794332166,5.628416542157818,19.244268033656773,101.30309490984436,13.514508172832691,31.02507845608667,2,0.015193772552439689,0.0,fall
1.9348498741275153,0.8879587051767065,2.020588248847789,87.36432129503405,3.705926677147643,11.585592326855899,38,0.9782782379500904,1.029044283829098,wandering
2.1952373977879107,4.7682299056415465,7.107428861994525,118.0180113926704,20.402773949972612,26.871445320682113,18,0.31772152749991334,0.2369632085633891,distress
1.0222548316815145,0.2270153305295049,1.4932720562056934,73.41693735484083,1.731709737854685,-0.881698932211731,4,0.1259116085967363,0.0,normal
2.4819844118719896,5.920539238818332,20.205533511575542,105.17287722113556,11.699440675815449,30.104916400534755,4,0.024452779557888316,0.0,fall
1.7459536242268419,1.4835006659407153,2.635034213393985,85.81599588777546,3.683445943659655,11.573380474015979,49,0.8142337149634341,1.2682287095094447,wandering
3.353531426071572,2.51948458587777,7.569635307989277,105.3890608126506,11.290795213701283,15.237203655128003,18,0.36042904031893963,0.24633012697537804,distress
0.9855666956760816,0.1279195075602163,1.160524026237297,67.5640536889692,1.9879028626465258,1.0283520283363172,5,0.18623333922692253,0.0,normal
2.333812452646532,3.6031748859937394,22.933274384966285,89.79182719538976,11.656589840465728,29.910996215470064,4,0.09407769420812058,0.0,fall
1.6779942372702408,1.0695056122416582,3.4482630491600164,88.11072808222431,5.859661136959626,14.554093181877805,55,0.9065210126655476,1.4414662278629917,wandering
2.336214540047151,3.8690364911979644,9.67381659161012,115.1314018208283,24.53237234590611,20.277547161274068,18,0.46646767613732404,0.032591440872690114,distress
1.0236324454352925,0.08496853558511301,1.391605335573465,69.33796926604579,1.811002558552651,1.1657189978952576,9,0.038441631757618215,0.0,normal
2.958943020072875,3.1729838038774796,24.332399434937706,87.92291013988222,10.86617467890124,26.176113781022465,1,0.09229337492386891,0.0,fall
1.926909984244334,0.7334801677816184,3.2953309662209196,91.873928291287,5.271288937803571,8.48524881754426,47,0.975686860418555,1.0041071565984092,wandering
2.482036873951018,4.187891779235881,8.458672317414798,118.48573435704286,14.798413282587452,17.633856924572726,19,0.3689794699864266,0.239315037121976,distress
0.9772289840977118,0.1373086914250426,1.216072341382767,67.02789334958612,2.69143802893269,0.5740034843612816,8,0.09174385409888819,0.0,normal
2.4504467412319983,3.066045383429241,21.14467091829181,109.29313048069781,5.928539444304036,21.5911448560403,3,0.007222396096470952,0.0,fall
1.260689906954254,0.6801111635251303,2.7845007419979373,89.86204461155565,2.5385886077849933,5.126191981244194,46,0.9786213735715087,1.334042710347648,wandering
3.068661254679872,4.614084572321021,5.58120272052465,128.70157470090857,10.031029754068712,15.365296719579597,16,0.6318695230648141,0.19530670875165584,distress
0.9802029366435028,0.17556980568004155,1.1622025602429271,68.59558767223642,1.349428892789491,1.246596519738155,6,0.10548521369863238,0.0,normal
1.8242618682110536,4.228692490446335,18.074269937213682,105.16636102617088,6.528321796686937,22.877947406133238,0,0.014852994088138406,0.0,fall
1.6124165726860915,0.5544557423192911,2.2786131803377785,81.42908026327059,2.0973731341899677,13.15046685315346,52,0.8082741613079554,1.0293013438272833,wandering
3.9918205057682363,3.5112785398925146,5.818042002653656,118.03270434848685,23.574956843710314,27.092159343750716,17,0.5691180896596585,0.2761564493490674,distress
0.960244747860193,0.05780472995656373,1.0438414573368697,73.3771003622451,2.1963847480741734,-1.641148795924802,1,0.10633951781894213,0.0,normal
2.192658258145731,3.8998558612492262,21.921153843045385,86.61200566429656,6.698985616311718,34.769711435960005,3,0.040832903202756676,0.0,fall
1.4950444562700547,1.1098706018373843,2.4421610784728003,87.87640535217332,4.649513228058482,5.582552855903393,32,0.9447484394360814,1.2558808289038943,wandering
3.1616941222005237,2.342255440814445,7.838201273208819,125.40809825141221,11.264234468373107,20.65562735029721,15,0.34436100600877473,0.27169024209520526,distress
1.090078418483548,0.24701194222947542,1.3185618003310027,75.83060861517728,2.3364621459519714,-1.369306588631562,5,0.011783066064184401,0.0,normal
2.4153160466857715,3.0156208739986683,21.655021709967734,103.20711415385563,8.078547948084434,25.694551493586648,4,0.014120568519337452,0.0,fall
1.6361544103162031,1.2481753789498211,3.555901701257577,84.43473301032218,2.6308694164751203,10.184518588441714,38,0.8435084919899828,1.3315310115930081,wandering
2.2274025496544216,4.885438758062637,9.762594503652704,116.84789012977289,23.366160184062956,38.915711471882844,16,0.5584082091223933,0.000799985319492047,distress
1.0962439703205302,0.25562119890871426,1.0047464401501185,73.96337112600077,1.1483529492365356,0.6689176689210985,5,0.0943641662445989,0.0,normal
2.8627612138403067,3.320162356436242,15.936602167233046,94.79614344419683,12.746484253925864,29.771886002800972,1,0.09260889085520528,0.0,fall
1.466499440714247,0.5911843539878382,2.446862174389361,90.64428326918662,3.026825236080976,9.398605295468183,58,0.9166242026097516,1.4567225981091783,wandering
3.013594242236171,3.8187694806428407,7.132296427793261,109.90997641816118,18.35732051926693,21.791731001123562,6,0.5289081508710076,0.2418944549073333,distress
0.9157596761686926,0.2607608018396102,1.2808563993024826,75.06803356038253,2.5628759072390306,-1.2034241934284973,5,0.11298291335502304,0.0,normal
1.547774486038565,5.31618710581361,21.823687654526413,87.69381441696163,8.331399382212208,21.444810787436797,0,0.04949092297022049,0.0,fall
1.4844928203316456,1.130316648797701,3.5677472731143633,88.56479042871051,5.101380726566626,5.470741446946877,37,0.8570675069705624,1.4000357807138666,wandering
2.014834711250913,3.6130829001269635,7.6472400506877545,108.04365797352234,10.812952851955195,34.38968374621264,10,0.6921530288880111,0.1310577154743493,distress
0.9151511108801822,0.14834878969567816,1.0944592392710943,72.04304386465571,1.4460778754393915,1.8854871123874095,2,0.026077018500710116,0.0,normal
1.6032033649293602,4.376885644200316,21.8182100712396,100.12807905778563,12.277687201517473,21.421639768407505,0,0.018343068553428266,0.0,fall
1.6739475664201784,1.2845469302110866,3.814335874305412,89.18845227456453,5.996804985241653,8.539719677042333,53,0.8946242239748453,1.3604372808578091,wandering
3.0517941561889814,4.379440197194854,5.7001452333893585,128.6077618149014,24.03017264872107,22.926338704102264,16,0.6206617865385877,0.11053411184577816,distress
1.0524730202660624,0.2971112390082143,1.425955856350695,67.01141902782787,1.282083786176195,1.5307863194800304,7,0.14443374965818398,0.0,normal
1.857859842258187,3.6688179253312088,24.61857419040979,91.3494868481646,5.823694984041193,27.543483836529276,2,0.021728738710107134,0.0,fall
1.4759823159267405,0.9924827498615199,2.7814206543970643,84.55910563612879,2.411506163360238,10.58394314134607,50,0.840486408794423,1.1853339842808677,wandering
2.9393767032590885,4.207178740337062,9.833137763711441,113.46759215709265,18.990850402471626,34.22468224268856,18,0.5529850041826943,0.06886523450057891,distress
0.9287832238352519,0.21356333247743126,1.2920684780603953,67.01704165176287,2.7432209857499483,1.8584760313479234,5,0.0521040878327689,0.0,normal
2.890121231401624,3.778332292506048,24.728639091857193,87.35757241956,10.353851453698741,25.902798606624767,2,0.037983862756202795,0.0,fall
1.3901169555694248,0.7668898519610512,2.987601145705589,84.08340101213092,5.19383434931801,12.71273052604747,33,0.8659994043368218,1.127835072418169,wandering
3.5671283386283608,2.0108354338979195,6.4659343604293795,101.13595159049244,21.89996103681242,15.220654048822041,14,0.6001901422953817,0.12743774237341443,distress
0.9842299755353607,0.19083552725660863,1.1129721351628417,76.41038631600696,1.277570485675351,-1.2107157234023282,4,0.10127947529713884,0.0,normal
2.5841142621064748,3.1275123561300573,19.477389462008,86.70248665488235,14.389989289767243,33.26873179108951,2,0.028354267795863298,0.0,fall
1.8352293916079325,1.0862629203789487,2.2870360608867335,86.69732583958724,3.67952212061984,14.764409179093771,32,0.924293544469293,1.4285887409401268,wandering
2.501708237605346,2.1714405114560362,9.423005336324827,106.44662510538201,16.010902765240015,28.934499394688515,13,0.5373781639560034,0.029567289047275347,distress
0.9940743476032833,0.2135241759850141,1.3354165997802765,73.45947808828998,2.8445436308637833,1.8189048243099304,8,0.17661640702285678,0.0,normal
2.2464701549789057,4.7393458700823246,15.828593768626755,96.59735848012896,8.871281301929441,31.913391901047,1,0.0561333888876519,0.0,fall
1.998182115324791,1.4007954754272194,2.0285239174991525,90.74846597414707,3.6961018918196875,13.970525301898412,30,0.91369853978631,1.1832986514584207,wandering
2.3521787482453433,4.7961809247122,7.819407220005919,109.48704734665989,16.75712573111479,38.230281257534656,17,0.4591746456489205,0.045237842949066465,distress
1.0282175343416786,0.05216438479623524,1.0937461074380166,76.48007366845674,2.1080286724604784,0.8161010446329429,0,0.14900375392241041,0.0,normal
2.8556290592158193,5.8119784680965525,22.175544702655102,109.39934933874247,12.401516103307074,22.781789943812687,3,0.017776803692282996,0.0,fall
1.3969589871735721,1.3666248778473844,2.405927374292968,90.9723452064986,2.464849880094318,10.436025327334779,47,0.9963087933204751,1.2330808044275336,wandering
2.199261760660854,4.96732137297312,5.258008199057345,129.54262807630062,13.747193036899638,41.23420065534438,9,0.5672305082861091,0.32336915582430364,distress
1.0320434600181372,0.15014454599615984,1.2180582049765063,68.40334380721548,1.693844762918329,-1.271187143974184,9,0.006611611378154425,0.0,normal
2.3468406795445573,4.59260946382763,16.20808769737209,94.87046867604843,10.869959769699488,25.605095988922457,0,0.028236965218507538,0.0,fall
1.7129766520837855,1.0381951519994561,2.171945727027723,92.06153948281033,5.247622164924382,5.038644874739626,36,0.9359091527866834,1.4685280732787236,wandering
3.7511532736356683,4.910147439687391,7.260499423838899,118.35262078642423,22.920727211413933,29.6444160694677,12,0.42431347635826494,0.2676322020948019,distress
1.0577426795790434,0.08381599876366037,1.2515403149670268,76.97930703438186,2.6185182630543897,0.498876897834184,3,0.02542365803582787,0.0,normal
2.317573893608384,3.4696486186947055,17.766924283225315,96.55165675055824,5.581619084356665,21.826213659938837,2,0.08345941718711636,0.0,fall
1.2943949710243385,0.9983316006826694,3.0232836240554386,81.04224181731682,5.860265340590123,6.255873811406621,44,0.9258602344050207,1.2539522365742757,wandering
3.0705359210084735,2.18694406584327,9.636629959106248,129.88111961008158,21.083138369593296,30.401503294233116,8,0.42061583041373457,0.33833928645380257,distress
1.043286866303847,0.20392980536718802,1.0264283356161181,71.20970727999759,1.557196855739237,1.2728851784638868,7,0.14203989519564955,0.0,normal
2.556160323165572,4.235423734341884,21.290116064637445,98.0733668429214,10.388722084988185,25.03230228270379,0,0.005016699044639384,0.0,fall
1.6630172799030087,0.6747524828546295,2.7698095557921594,81.71466576135454,5.649230164422294,14.284664174203506,59,0.8075908589695786,1.227974302001214,wandering
2.1869492274507136,3.6933785419543335,7.016349712817328,116.22061601252005,17.556234061310636,20.83596811057423,7,0.3720115963390926,0.42934919917218883,distress
1.0784061353265542,0.112576116209974,1.0490688076133208,68.3122823282605,2.6730850047627186,0.13356835466508787,8,0.021693424162014075,0.0,normal
2.5547073205805866,3.0113884251866305,22.224027049049873,104.53541589769085,12.156090845152855,21.315900768629874,0,0.07298524336422477,0.0,fall
1.3380832770328945,1.4747931937350085,2.942174272957156,94.63323420762569,4.626076884815832,8.902851725749896,36,0.8123345580796141,1.1046189635866366,wandering
2.7357134543622736,2.567025079243227,5.654903150519449,128.25884868436134,18.484908043779768,19.45327362286288,16,0.5297376260585911,0.32801744225561935,distress
0.9692532324122343,0.12548824235311706,1.4576632088016157,76.5034002802422,2.6978610093469544,0.21954064334905965,9,0.1705789577022025,0.0,normal
2.0619749876465088,3.343495291874026,18.187784937994284,95.54479169725846,14.560995182729531,20.52171887231894,2,0.052905180143485254,0.0,fall
1.9581756789482534,1.1253090513220276,2.4879227960002135,80.02062998980882,2.5359882869887245,11.435028973833717,42,0.8672819241508749,1.204842364304023,wandering
2.976032999857372,3.650703529175842,6.680279685604993,114.91710518920543,18.605149027134836,21.67010113474063,6,0.33131079870784164,0.4651093801353912,distress
0.9926784583253805,0.08896425852380373,1.3254409848897308,71.85963149165187,1.337971663787555,-0.3208285924118446,5,0.19296260111084498,0.0,normal
1.7117124562653632,5.529897966258018,16.380734888063145,98.08742288861247,12.165584168377174,32.09141212159751,3,0.03843238660005713,0.0,fall
1.9232615837495315,0.5223637088652807,3.9927212260672533,92.27995818262349,4.973322331921336,11.748685611297933,33,0.9016816340178715,1.466394538307219,wandering
2.685157957949222,2.406224431287061,6.96291338962579,100.30308051466976,13.119847072374691,36.5731360029301,12,0.4957246911716926,0.1841950842129204,distress
0.9112974909332023,0.28374846489791905,1.2482878522172163,74.71414392381773,2.0938870848799014,1.5306269257602687,0,0.16006235460192328,0.0,normal
1.7585415548053873,5.318608916053732,20.963827189130345,103.05720909948558,11.37418875543148,27.108976788656097,4,0.04097045664857758,0.0,fall
1.4234593937547286,0.7154776645417275,2.728503252848932,82.76236209628516,5.112857099807362,9.116685548522305,33,0.8975241285545296,1.1512532206439694,wandering
3.582764932589996,4.820461166434307,8.135755250779777,105.31766637576095,24.98764629066574,18.609704073893102,19,0.3167313399397979,0.29511536218503,distress
0.9848801891218606,0.0918301396528836,1.1195389505451698,74.9823006664893,2.642449307934309,1.8132926109736047,4,0.06787027692749646,0.0,normal
2.0990920047320456,4.29287359365043,15.223841872052311,85.3487040176415,6.4396575860664615,31.850503050155282,1,0.04141405061016749,0.0,fall
1.288890006424293,1.4281543741253349,2.9629180499906758,80.06887149996395,2.5090146612216446,6.310319411129019,35,0.8404869104740007,1.1758756498480918,wandering
3.4913687066089114,2.4971062523967666,8.56425621267854,111.83236976132827,14.517726337933382,35.990597278488636,15,0.3864342026403411,0.017085774729567904,distress
0.9620274976155937,0.25168962778152065,1.1100052362134483,68.28843584589795,1.802426117795885,0.7097282097688398,6,0.055876338587189614,0.0,normal
2.9034796556858065,3.7478106284511856,24.40987414920766,88.93590861895534,7.371287259880079,29.30967374326918,2,0.07661635087432508,0.0,fall
1.2071162918551268,0.5418150008926291,3.0165636128880737,94.88025056345886,2.3539877708653645,14.020318784202187,44,0.820866065225095,1.4710025204776906,wandering
2.7457166087877978,4.4603022962352075,8.300016929101451,121.03489655579725,21.6714284540791,43.79886603805704,7,0.5548677099869437,0.41926441469581327,distress
0.93106174213402,0.16628864673928867,1.1850301320523404,74.2964452544139,1.8504370394599154,-1.3242809154094441,6,0.09463692489945844,0.0,normal
2.925348982120662,3.930647507142721,20.507229403431904,95.04458896735164,6.147858831263106,32.8180389266475,4,0.09240517519215119,0.0,fall
1.8766694201448377,0.5716128574578351,3.439539887527661,82.99592556898416,3.3681836920795805,8.122052224230456,54,0.9307635972863654,1.0912242109302093,wandering
3.154710313036197,2.929841976643842,9.738700540723446,123.04863384139429,11.705614468623493,33.13492134756031,7,0.3150253770614159,0.1526468927895956,distress
0.9688612401480903,0.11076031187955158,1.3595090240378183,72.15581140722371,2.394724968774491,-1.5454235197892707,3,0.11266622244469922,0.0,normal
1.9556405005377104,3.238198730543684,17.093464803566114,101.38434286852433,6.283316352674621,33.60299482946563,0,0.0616295253653008,0.0,fall
1.4841231807123894,1.382633562312685,2.56826749426662,84.75507275929864,2.479772092735541,12.73374675833301,58,0.8421996409880054,1.4841757899345693,wandering
2.6551450441319577,2.722466877240989,6.259557066286872,111.64600782917287,21.027986421534123,21.416917154645127,10,0.5128354695217996,0.36957307564518166,distress
1.0705647186931797,0.11365958774824965,1.1297079776152599,71.88037199097002,1.8552739016483355,-0.26899699856297676,8,0.1898249491959737,0.0,normal
1.9640412537820349,5.711006678546711,19.601086602633814,100.97337631987222,12.487983208336987,26.60848150904215,3,0.08325943512442965,0.0,fall
1.621618319365442,1.3829532603164316,2.795171104028394,93.0131979961855,4.277444954798069,13.856746379947513,37,0.8271835138728046,1.2294364430081945,wandering
3.5687415243315432,2.84232492377919,5.451852476730588,103.7775103717579,24.599900373913055,22.116967220419347,6,0.4656506795456986,0.4321464928462865,distress
0.9272190855606606,0.14488145252847,1.4036568725831973,75.55241174707878,1.357656339939898,-1.2441612782352074,6,0.19688551030560783,0.0,normal
2.257836638937889,3.163640375671176,23.1219882614213,92.56451074220931,5.0844488235227505,20.578665968235683,2,0.011496460999014758,0.0,fall
1.9176278325880645,1.4133820594506048,3.664027828819263,89.29098531529944,2.2734803159464887,6.961369529732062,53,0.8610234087743589,1.045757012797858,wandering
3.1245040889975,4.266063652601955,9.337842576137003,108.22400319648206,10.866940121467525,17.565025021599965,5,0.44305743989475205,0.41183079397052935,distress
0.9704390389640802,0.1205813296374779,1.3398145273783844,67.14336738142288,1.139005640572179,-1.9113568661183407,9,0.12489706170048723,0.0,normal
1.7603308108964404,5.622091374250073,16.596926655559884,108.85590345399083,5.188624673150225,31.83429415645176,1,0.0013706772727912653,0.0,fall
1.2907411764310295,0.7135224243569126,3.0310732625119723,84.18548589217852,4.996333659531551,8.88924839675305,38,0.8496086186927053,1.0814497984729385,wandering
2.665628890157516,3.32406552348611,7.338696075809672,113.91343057585557,10.068810944310554,16.0168987734456,5,0.6743030054006781,0.3974622705544072,distress
1.0708154962263277,0.13496243373207745,1.4276121429976658,75.97791213974759,1.0571620168619684,-0.3050704090563179,1,0.18583782217345352,0.0,normal
2.539031741558693,3.3516825241926145,16.512459098737054,87.21364268838562,10.57626777668316,32.773058078975744,3,0.06034618288635127,0.0,fall
1.919657340247353,0.7241416886386426,2.6842876336568118,81.28765429327309,5.587133151785329,13.996856362868156,41,0.8532078387139055,1.2378787389443058,wandering
3.567283903189024,4.238000332124463,7.482705175279159,122.09510150179734,16.75979063683309,38.768752607888295,18,0.46103171474258176,0.16424901954847548,distress
1.0787945734242446,0.06602926319943676,1.1026645041073158,67.34058528411936,1.7912413548831496,1.346921224897657,5,0.029870906046683788,0.0,normal
2.039647002402458,4.50614275441014,24.921899291923815,87.84582024698067,12.995514911828835,28.304672068012017,3,0.00449597281458769,0.0,fall
1.858844602936088,1.1816898245509462,3.8369564396418756,91.43377930370617,3.3801584246031227,5.328502029141447,36,0.9670196737366824,1.4978067470455758,wandering
3.353087083574086,2.5287493390545097,8.822911364812516,100.09905418110796,10.500958651405373,28.23805880535937,13,0.6165377108200717,0.2749586658687935,distress
0.9964648781120792,0.2274350572903892,1.0342524251181562,73.78211929797538,2.968475604766597,1.3709914046904168,9,0.19989705806827912,0.0,normal
2.0452659785950376,5.390360578478063,20.767348542880935,105.78851023515813,5.979746125876995,31.542242676222223,2,0.06817021240694389,0.0,fall
1.3799322029097953,0.7137584621686555,3.366191186629061,85.2716754450122,4.648989431226417,8.030923094158627,32,0.809188471722955,1.474910211523323,wandering
3.32899762595122,3.893471072426672,7.676659475468463,116.6547474868668,16.845202076444657,18.646471975418404,7,0.5569747627246744,0.040476023220985924,distress
0.9991642331393721,0.26927509294979746,1.2397479625102827,76.8624332802613,2.6515824420196115,-1.8581285835069021,6,0.09043673101861423,0.0,normal
2.2192109004670506,3.0859587436359632,21.910114772453092,98.06652958498336,10.029891577914384,31.319954641643534,4,0.02466602071087385,0.0,fall
1.4153971885879604,1.035054399667421,3.2470162219292362,86.96405622788357,3.6265746888563735,5.017362743364085,46,0.809564200358201,1.2201885339754692,wandering
2.1646747460271385,3.956803795066412,8.242919070323182,111.62170834580371,16.507243616063228,39.341360516007626,14,0.45658220329726307,0.21530811953213108,distress
0.9728612327006426,0.1211996982953759,1.3591146779848655,70.03326232023991,1.8555774089517596,-0.2775417294141853,4,0.1992598571093226,0.0,normal
2.9113401761922884,3.740167593757365,15.478881655094057,102.07716635728069,6.459240674971158,26.67841789738474,2,0.0020455742485543937,0.0,fall
1.2702219126538166,1.439165096308983,2.6841918577679964,83.95754385585118,5.004065530530054,8.069300701896402,38,0.8270627553715971,1.4022099634510434,wandering
3.1752139281901153,4.86863309527977,6.967410893181727,106.28286735339947,23.782616797553388,35.68680121691955,15,0.45488705249745065,0.06132235004933312,distress
0.9492149343034995,0.1414438617758625,1.395924505008924,71.69703992314467,1.7862171477378583,1.3739478432327568,3,0.11821275753167373,0.0,normal
2.8156178778011265,5.732635417322178,18.330913066565792,95.27656639711,8.475499951543739,20.61500502787588,0,0.012884180532409528,0.0,fall
1.7007923298556231,0.712011477483934,2.9931491157069967,85.22147300624526,3.893518568110041,14.586029860722507,36,0.8850463727463995,1.3462132033709457,wandering
2.297405631730944,4.492395136279428,5.379492518081115,115.49174699567587,24.637863911396355,31.40781009913143,18,0.5794449932176244,0.46274875047345826,distress
0.9651228749646562,0.07501668115880104,1.135813503025275,73.37425126667613,1.4261602053637974,-1.666785664373541,2,0.19253302850218226,0.0,normal
1.6749862288211395,3.1613283683392095,19.512360425571856,87.334036501265,7.477098486900693,24.76583761396995,3,0.02086614181701939,0.0,fall
1.6663945495554222,1.3525251602988084,3.9694977519474883,89.63117283278055,4.661530997968694,6.581605069661032,49,0.9032774398553552,1.143382494413203,wandering
2.9380604316441135,3.518264166082893,8.37944644405062,123.062034780808,13.215959223603155,39.75736549375375,7,0.4382444762260779,0.47293438297930007,distress
0.9028197916607021,0.23342406058289383,1.4256699621477082,69.23400903494375,2.885788583775857,0.07458728486398503,1,0.19049121447430728,0.0,normal
1.971746631725476,4.392269752458091,20.38876701471657,105.94861114764075,8.55031863669686,31.037942898772794,1,0.05976107903824823,0.0,fall
1.5174280874146886,0.9060965874588498,2.5554621275159852,89.8164235455815,2.7379285605346926,8.26690270045867,30,0.9643015533965521,1.0284490235388544,wandering
2.254967676769917,2.860002548953645,6.335676467590572,107.58747503322027,18.464274694987722,40.22605439672107,16,0.5970784432210665,0.48230673526715534,distress
1.055616278294982,0.09796690484807265,1.2190546728035927,67.05024117519834,2.0306417907451344,-1.6269293945699723,8,0.0008574566900842796,0.0,normal
2.182780191425877,5.611691630769794,15.002945180795276,109.6513439513629,7.34531355366375,25.191763187272553,4,0.01681295501246839,0.0,fall
1.4839310221581385,1.4699248816933186,3.5127760927257814,90.16223857670045,3.4927631378087787,6.043681529643111,37,0.8274074064901004,1.347178477413111,wandering
2.2807972995278867,3.4406997848931855,7.659136007656041,105.12087010333673,24.137517548457282,39.59165417964935,15,0.38135329748324476,0.2650465266786821,distress
0.9537012276669913,0.10907856452319413,1.4642896180596083,67.42079531694739,1.093550374730934,-0.20598788580787453,9,0.09651934388997996,0.0,normal
2.1625606446047057,5.689751457338947,15.47979291741471,108.24193530753712,9.776487705550867,21.025536587147425,2,0.043788973285286595,0.0,fall
1.840499089330683,0.7928955251505884,3.4693483358511097,83.53174247003349,2.5609632603369694,11.668220193350134,54,0.9436355492702788,1.2191344574544534,wandering
2.1628781943508892,2.4105166182894537,5.568069804985424,117.74828026162015,12.615579878267848,24.387315863261815,5,0.47332276914640736,0.20464446281651644,distress
1.077504571539425,0.113685424995788,1.442960447984871,67.35114733161853,1.7338998783543702,0.1473906585302287,5,0.11420504514122512,0.0,normal
2.6221332920355533,4.44868856886104,20.574548432952177,94.75460723163722,7.558176503509976,25.647041275840508,0,0.06583175627082989,0.0,fall
1.7576736849540833,1.1864298909049138,2.457897997985505,94.95935431303886,3.5018016158552903,10.304413719084632,35,0.8253658961048316,1.3431241567045986,wandering
3.853865240899056,4.270730446994289,8.885844740372807,113.62630425067255,16.376940973312728,30.152199288676336,15,0.4560722681239083,0.14635289118032346,distress
1.0004489354709445,0.20147587328260258,1.062974800983592,75.83838633744516,2.8111136821582,-0.9317480175363557,2,0.054928730062126466,0.0,normal
2.8835604063207323,4.467314815223637,19.022013409199285,97.18074741941638,10.440360671237254,30.497863258021123,1,0.03965363666391058,0.0,fall
1.5917195842998195,0.54850405425926,2.2760707935893927,81.72092343861713,2.3273498227721916,12.846077902345735,43,0.8446512720035987,1.4794092714335878,wandering
2.9580877881521084,4.766603181493627,8.761580024158754,107.12602802620138,10.619777788505974,25.210408215606616,17,0.47863933169541084,0.3288526462624679,distress
0.9737283871491113,0.08996960119691379,1.46550100226784,74.6000497958938,1.3547530002801123,1.3428274584433346,4,0.18298364667279687,0.0,normal
2.2546070785444012,3.205139911272137,22.633617904893853,103.5409794579938,9.299305866594588,20.187338876946246,2,0.05725658431922918,0.0,fall
1.7586439128641076,1.385031654385551,2.127604893109502,86.64487175369807,3.08258960864478,8.033894067346493,39,0.8723754637781812,1.285958283716211,wandering
2.065257709595504,4.2654988612951135,6.599449675990527,103.76579950243088,12.54304757971173,37.88541351129598,13,0.5204787569108467,0.12898650729058792,distress
0.9248075641478295,0.10280375699643633,1.0007903503967204,75.66035544993278,2.5424401029196924,-0.24793337820134909,3,0.10010087581638381,0.0,normal
1.9434064845288965,3.980492421927036,23.817446508123272,100.25738564411733,10.591410292695521,24.009266556653603,0,0.047919322517211885,0.0,fall
1.2175831940499566,0.580769663731904,2.453613035575449,92.79872381278602,5.334464119942473,8.72734988842544,43,0.9905849504057547,1.3546313357341906,wandering
2.6577741608046175,3.525269681686896,5.5851599019850475,105.04384396880336,16.000144787492623,36.300130717217726,7,0.57347710636022,0.05106895454300514,distress
0.9942230380385862,0.2757971175594291,1.2271416043618353,72.08748208422553,1.819267632783517,1.8332895487924934,6,0.08676748037712881,0.0,normal
2.176943184050452,4.88612168630619,20.584150100498743,87.9037631175385,9.88139653649407,29.33651206524644,3,0.041706955358105605,0.0,fall
1.6200132525034658,1.2579814720453117,3.0787394060136464,86.03309757298379,5.931227298979316,6.041385607281001,57,0.8023540385124972,1.341860959305572,wandering
3.8099848477730998,4.423802918145533,8.338992435241437,116.62270552590127,20.461582073718976,38.29796114558013,8,0.4420702794923507,0.22092712344073523,distress
1.0143629831276144,0.05545728303676574,1.1938793500474971,73.05776532426798,1.1168197404340765,1.464604568151361,8,0.106505937465354,0.0,normal
1.6994328722354153,5.667300884257836,21.503265748468326,90.188532389407,13.974228952113842,22.838562839402417,1,0.08645377310852169,0.0,fall
1.562996841478642,0.5334594494201617,2.21981348909162,89.73406610211191,5.9347989006170305,10.838503195801236,55,0.9366062878669457,1.1150864401048501,wandering
3.5649550830172494,3.4178487684928927,6.710627187749731,111.75703934123227,17.234842990444797,26.20841799333785,5,0.6253790008251381,0.2319441524773101,distress
0.9704954438450667,0.29127637048742,1.1949294738621588,69.89204640681456,1.0373054246331443,-1.7171560704473325,4,0.1441912187316707,0.0,normal
2.1755648620082115,5.0007835371295055,23.619406243543,94.49599769119823,6.8865086568806175,31.802086440398853,0,0.056542587318110654,0.0,fall
1.5505230365750688,1.1845537387468665,2.686663659512105,91.85593534536939,4.432719388232867,12.006957633580033,30,0.8027288380040488,1.0720355441168108,wandering
3.844819774156833,2.6697751482237737,9.862088902244738,129.82224229619487,22.07173219326356,35.752942756011606,6,0.47926521320257237,0.39539310714433584,distress
0.9169836351268358,0.18677457099784017,1.0959594486998452,69.9579870162248,2.2827392632915187,-1.2509936054204354,7,0.06995754546834405,0.0,normal
2.766099088609616,5.846136199385365,24.16543624236092,87.23753435167514,12.010104014434301,34.695130075788164,0,0.03757085263818181,0.0,fall
1.7542473006009671,1.4315040433895219,3.3651654204703685,87.64446288438856,5.9506842112160525,10.457366432806019,37,0.8276571468013086,1.402859981092469,wandering
3.2623601849020143,2.406726121449866,5.3143129805145755,105.03899073243701,14.530106293508187,15.54971910139884,8,0.5436891320915377,0.39261192934178285,distress
1.0934620327501616,0.2720622701897459,1.2266466725523146,68.37935081069564,2.8404911988714967,0.5869854219692234,2,0.014711805451012762,0.0,normal
2.58324927610022,5.409600700154556,16.82075269036908,105.5967002892493,11.51340406404111,26.37076771300406,0,0.022658711885702967,0.0,fall
1.9490976415565002,0.8662452886732731,3.118902529104523,85.75428178677723,4.240111940275344,8.644465728309077,47,0.9548756554698635,1.416900762485489,wandering
2.847602344417874,3.5318976387805736,6.324344538373444,126.89190960524863,18.041541541338848,16.048513632714652,17,0.6935069146606371,0.402846781953366,distress
1.0309774926063524,0.2888007313952004,1.0579470766814625,67.58819167945379,2.140450249923809,-1.686310120355258,0,0.10994263995891945,0.0,normal
2.9568032762071845,4.213409476130895,15.948817020033426,101.35822620667432,9.242464921997971,25.082676548303223,3,0.04938506841756238,0.0,fall
1.5833149438484682,1.0702451717929458,2.9654909886429683,88.75545470603106,5.124501302103274,14.113871245264942,49,0.8685316088715148,1.3632817369157142,wandering
3.3450562390267713,4.668470844703819,6.0679645885815825,107.12084194913399,22.747549062310632,29.84185684859264,10,0.5980845875735601,0.2182963219235548,distress
0.9733630731631867,0.1704067293751877,1.42260374347585,72.28265888966381,2.4683284657247304,0.5547101250657178,2,0.11595823950769935,0.0,normal
1.7776588534471383,3.5088516156368184,18.555517371984422,101.82986676833679,14.827855061115198,34.15373959480178,1,0.09876071234525614,0.0,fall
1.9030077153325256,0.7059810165304017,3.8481409698653364,80.28130578850403,4.016216219950339,5.439230923551861,34,0.8050943895823746,1.3577526858567155,wandering
3.073109091080352,2.874280005006495,5.758386488064457,129.79019183048217,15.200236896172848,27.63960195938079,19,0.6738633749727386,0.2612005247358926,distress
0.9509300143757149,0.1441729406093359,1.2566860023081539,67.08009397072799,1.5545184517648996,-0.42612657467526427,3,0.06075527480756959,0.0,normal
2.7485800368101043,5.681282225742603,18.482745120821537,100.07616776130898,14.098058896708162,24.305370013084335,4,0.03494829486310365,0.0,fall
1.7976535474571005,0.5282762005077868,3.4149897348046734,87.46528710732777,4.059367732542362,11.052647242542076,56,0.8087822446899172,1.460921154408494,wandering
2.3585396867498782,3.116851309495357,5.119277052295427,105.76250758723346,13.166791437032455,36.75690443122902,6,0.6189458973033464,0.2467740463460667,distress
1.0217157321621535,0.2120888192276107,1.2495064960657385,73.09935342956157,2.451192414115005,0.413699935319491,3,0.02987893072317629,0.0,normal
1.9311279373625454,3.5329447991393543,20.236673076717103,101.28214529765705,6.889553106773549,20.372974844076598,4,0.09170190745513297,0.0,fall
1.9041947999282995,1.350106073250291,3.283632571912791,86.8623357546405,5.314620223680813,11.040849173084357,31,0.8257447077675041,1.31142090855668,wandering
3.8785544840772816,3.50696683546985,5.584108247431674,101.52664210572496,18.651679974393794,43.01047067608266,7,0.36587141596557093,0.1799196910631184,distress
0.9541363130681931,0.19639366397773428,1.2905469290767502,70.70448198555195,2.730978915154605,0.4638650012212775,7,0.19828571050471636,0.0,normal
1.9581854298143018,5.781930504747564,19.168644699118506,107.59913009805982,9.272941544927413,23.579344851662874,3,0.0909882798130197,0.0,fall
1.7963354134465708,0.8480051510110106,3.14976776436702,91.61715750101004,5.458365404564789,9.343806408527598,36,0.8958568101088953,1.4649863279908797,wandering
3.0011395102576546,2.8896216564428987,7.865076959467277,115.07222224879604,14.216186228196019,28.37255016794042,16,0.44876962628714984,0.2603637858743411,distress
1.0929867085943374,0.07838178876337508,1.066620448287403,71.1073763177795,1.0783182906232232,1.1854206882477372,0,0.0709725427369365,0.0,normal
2.5025800004158727,5.19519060196378,21.96456520267645,107.95130905432778,14.995507974595224,21.776438777326614,3,0.028050596015113907,0.0,fall
1.585919874278501,0.7477033926655161,3.4580415481336653,84.78152447573855,4.654658259804693,12.497191805861128,40,0.9836582072960041,1.3479343157139627,wandering
2.9179374464813588,3.5378841222839887,7.6380433457797405,105.66481010368253,17.448249300942216,34.731635718584414,14,0.41323640803256834,0.41502518934486404,distress
0.9432849210812689,0.15869820903058401,1.1180727255206098,72.25377301417792,2.656933806094801,1.0678822274930844,3,0.03307332677270793,0.0,normal
1.76690564941287,4.9431954958943045,20.312563725357908,94.81187317217164,8.504628827043883,31.748829047042328,3,0.07787128836919391,0.0,fall
1.3138422532015992,1.3936499845334978,3.4069202160807177,93.35447866126482,5.911136556436301,10.544273190024263,55,0.9653536934166406,1.1795033132456139,wandering
2.493505124674107,2.5220768945609127,6.644920044606588,117.46596926031155,13.615097826279813,43.53973515295434,8,0.6586921577331484,0.23000027830048542,distress
1.0056680686007367,0.10336299279624846,1.486546656967029,68.59334150714561,2.3740154406381078,-1.3833875745764006,5,0.09599218415165348,0.0,normal
2.4877762308221425,4.645500246487324,16.720738625658463,105.94317124467807,13.63271362486614,27.834039099633188,4,0.021442386488601875,0.0,fall
1.557722034111948,0.5231154280037634,2.0891649853673133,90.00675703365381,3.4412121719461446,6.938008299800524,50,0.8504290086988304,1.0731198351210045,wandering
3.12168151496362,3.0475996565389907,9.263837624670106,103.37423538864739,22.800252675117903,16.432503577043573,17,0.315495804302427,0.2014703934374089,distress
0.9213469849687269,0.13591471177265418,1.2481486290296522,76.72288739810455,1.4796265039998062,-1.965903772069423,1,0.018145656542083045,0.0,normal
1.7765765495094734,5.201778928355036,15.834327732819807,97.41666221275966,8.734005715159125,21.493548750993718,3,0.07479755545960697,0.0,fall
1.3279435221994464,1.2596699248762095,3.8194169175524815,82.7688128648856,5.08851256412424,10.61694012088461,30,0.9887460481049917,1.3287104439006114,wandering
2.435024213924959,4.401914093065683,7.74520517699896,104.49881058299702,10.586872959653869,30.2068524086874,15,0.6407277005361083,0.04779499980165958,distress
1.016951446833573,0.12990835339651247,1.0018309918904846,71.4876982829358,2.566233320950442,-0.1463445962606058,0,0.08837725547766694,0.0,normal
1.777952201318456,4.575085013390998,23.97881340359556,108.93328138445979,12.820522855441443,27.15252871067254,4,0.06123586599892027,0.0,fall
1.2571529743130225,0.7648059642659844,3.029589474709097,80.43733949468998,3.8610808855248893,13.40858800636026,49,0.9124589806950034,1.272399262355231,wandering
2.207726955962917,3.831469561666071,7.41234848448402,101.26356704127872,17.85979278222275,40.997851387235166,11,0.5542708153226541,0.34008436312765417,distress
0.9093108572126992,0.28914483968675553,1.1131348038978466,67.50062485757778,1.9435234776885373,1.0330443026923888,2,0.0881327192806236,0.0,normal
1.6666294062761886,5.068310799683743,18.325314587186575,103.96621263086152,7.717145401869084,33.12227328165382,1,0.02404073353559575,0.0,fall
1.59523499640115,0.5317339052527671,2.9698821041549457,89.6162859633912,2.7601678151152127,9.263953081200864,53,0.9560476558574124,1.2390691267539238,wandering
3.8832241741294413,3.926709884990337,8.622170625712307,100.55946953101375,17.16700367511621,15.29135631184361,10,0.5833786550584852,0.41799564991973615,distress
1.086967989543222,0.09899380858753111,1.31594696245058,70.158245902929,1.2549044316450506,-0.33419430229109093,6,0.06522395099715426,0.0,normal
2.028947168650596,3.2858346314414826,17.93741970704465,88.56090421055333,10.467011516151143,27.658810382325512,3,0.011457388668569747,0.0,fall
1.8147826113443548,0.9816213226715789,2.4950648506007367,82.30527519751868,2.0369289847681045,11.16318988799154,59,0.9920427604653417,1.4964022882981012,wandering
2.7769047410391496,2.6146101150300356,9.176255823662496,115.35539046769915,15.459265777880844,33.42536148517888,18,0.614936483615125,0.38497386371179554,distress
0.9924972434781159,0.07511401291335891,1.4841040411954947,71.82133793490146,2.0884889509055937,1.8992280581261411,0,0.06362310824981264,0.0,normal
1.641980072327815,5.152020567447639,24.907002451464578,89.03775148204005,10.781037645254136,22.560932975610076,4,0.03948890583693581,0.0,fall
1.319087346224073,0.5046374133574599,3.184616794280149,88.97309642569688,4.3375948253125465,12.882709966230316,51,0.8785334593152081,1.0896034024770906,wandering
2.4816148955694244,3.647522968475869,6.060303213381699,119.73167053308302,10.67637823550922,30.575118092831254,10,0.6345352877820517,0.04876322670990846,distress
1.0365131222218409,0.15294463627193,1.2628853500003667,72.08498803420898,2.7348740463894794,1.6820062168690737,8,0.19294949508824455,0.0,normal
1.9360887609425896,3.356613608611373,15.61765526566134,97.8953716032245,9.841201104873438,21.592637324822128,1,0.03042018809780235,0.0,fall
1.8350028880488398,0.6906513662873822,3.9972092620474107,89.37856694005809,3.1348456676494356,5.696859379327756,59,0.8591059824837768,1.0193837837866906,wandering
3.4176933766964264,3.3292875980975167,9.718317491671792,117.65803408307258,10.060111760668129,38.96384916810153,10,0.3709015297887626,0.12362513515306056,distress
1.0196455046080293,0.14868800288996803,1.180831254312865,70.07480143994684,2.963698734826311,0.8201791893886647,9,0.1411203954049439,0.0,normal
2.942290756423904,5.592238720887129,15.072783723310675,105.05836328411004,14.907535665216583,26.17611840995386,1,0.08122045259270821,0.0,fall
1.3797865446763886,0.9312263209632652,3.497190889058684,87.03456250129771,4.920170723290716,11.994948543843666,36,0.8858110486277817,1.093107904393299,wandering
3.9964309588221654,4.747640816017714,8.89882639100889,129.40550631101746,19.864006348828703,17.915797987007267,7,0.4588112009988781,0.453062257799837,distress
0.9523366862507104,0.1582714956304188,1.2655766050514288,72.64842922541379,2.001754619187497,-0.07550144148430604,3,0.16479553781396022,0.0,normal
1.8823241063258114,5.0688936186451485,19.49578274939335,86.57256638563078,13.27792119628172,25.671826872765415,3,0.0024222961003480315,0.0,fall
1.5844673136157896,1.2731602542878147,3.52094135952247,87.56301516578898,2.6254727668796463,6.700079447806284,33,0.805666430128506,1.4356417233049414,wandering
2.352137263479115,4.27884826143608,5.317433485873907,123.52153106335047,15.754574650863589,44.032481443683665,9,0.5150886645494616,0.2231126517089157,distress
0.9638300468275063,0.1105753050814139,1.3083839171116107,76.6465865298896,2.0307759969732357,-1.9245936835385407,0,0.17837430751492916,0.0,normal
2.466511576279265,3.355851136485929,17.36767840621702,94.96849728010193,5.557296082217901,34.186518163214785,3,0.016849462210952217,0.0,fall
1.6793274294485068,1.2843020323083723,2.1883283582546813,88.8406924555281,4.197140963818045,5.779342878500192,55,0.8359426143423057,1.2117065544759145,wandering
2.390340061547075,2.850049817306615,9.379103462355395,101.01828722358712,14.148722612344537,21.882111173007452,18,0.36710195749344776,0.07703900299661331,distress
1.0571578382375308,0.06823334453486744,1.016738133882957,67.83635904043815,1.5443525085338752,0.4841544356270533,7,0.04343777548453973,0.0,normal
2.0073572187439614,5.343592663216823,16.244555296603743,98.37782963512136,11.562818609479184,20.119395065485715,0,0.003530230965096182,0.0,fall
1.4208855293977711,1.4734023992463312,3.897723058133459,88.14800877597435,3.534916645805357,10.22688290298152,36,0.9005771972969242,1.3116440513161107,wandering
2.254227706743657,4.150311361354229,5.485801955893491,103.60948499518837,14.4523554761988,35.77264028698069,13,0.4934715853707389,0.08255975083048522,distress
0.9002465167033985,0.12985195504202723,1.2388462025434208,71.98807211149744,2.901317263502576,-0.601105736044635,9,0.17380878209374692,0.0,normal
2.216779116260111,5.826394746273716,19.453877286060482,89.62619964987495,10.089789378747204,23.060334472761575,0,0.009606381102779539,0.0,fall
1.3424606564786496,0.7117731439516116,3.9007616581091877,84.63854794543326,4.610868068279214,9.840642710340902,32,0.9185346288180214,1.2669849222090381,wandering
3.4149594295898327,3.436507372799072,9.423924167743168,121.3227035614297,21.47369591307241,41.275122023490425,17,0.42534683288908326,0.24090348470253747,distress
1.023335176184188,0.07983689692695083,1.4989476242585544,76.12460062572197,2.5455348865422556,-0.6613230659806537,3,0.11429018091906734,0.0,normal
2.8691827026530987,5.690865080210738,22.400907712232673,107.37567369499212,8.60858532740501,28.40877402922432,4,0.07342237569423825,0.0,fall
1.647072018334994,0.6183106110786261,2.8132081436551384,81.76002246769977,5.618884117144486,11.451940986994622,33,0.9129822978216261,1.4988163888113468,wandering
3.457048160107294,2.3938554524580127,6.904717722067445,118.05645109306067,13.319689037229386,26.948074344212564,16,0.3477465179254284,0.1392385686505569,distress
0.9172903147211114,0.16495054788266145,1.1866048883872566,73.93846399315993,2.720266616377905,-1.3367395347883555,4,0.18628873064380952,0.0,normal
2.7537535913802684,4.646060279796046,20.961301723841864,109.20996215312248,6.356029997452925,32.60351949159954,4,0.0897196643107824,0.0,fall
1.4106254936768385,0.5352800144131624,2.7967779682955545,89.5483090911814,5.508266683212416,10.604752729005991,58,0.825567537674777,1.4591402334557768,wandering
3.100303128743926,2.7566121838141457,7.411848613948996,118.68753301851721,21.157368386557195,25.46083015900559,13,0.5580561078121238,0.05692271017693551,distress
0.9459057897184416,0.1598195249362397,1.0629104964475158,74.25817807190377,1.0949209167319078,0.7777167755857706,8,0.046095453735772646,0.0,normal
2.6731518416406805,5.835554895404728,23.220219401060177,96.03379300163407,9.48283396847944,30.896402128977858,4,0.004618307575588599,0.0,fall
1.4093796064430393,1.4536393384993294,3.5023726733908287,85.92821001849227,4.752369330728311,8.642603765955899,33,0.8986217472970099,1.4422826809396605,wandering
3.898945992741346,2.807474305416375,7.544245512369688,129.04985428234858,17.6740129294225,37.36863105294448,11,0.5488130249620302,0.2584874637624218,distress
0.9780551635804708,0.2813923599064863,1.3933010231914857,76.97919908866801,2.892320017993977,-0.8327404029184766,7,0.14985862568673877,0.0,normal
2.081334098715536,3.9634523896448686,17.291775601872686,106.15650695827098,6.45975116906773,31.44209395499474,4,0.045294390340737026,0.0,fall
1.2756561562314255,1.0279428076659993,3.236082758668757,87.95239543717082,4.577241444870156,13.723989826309804,42,0.9164580431754517,1.2530439752125824,wandering
2.993444660781353,4.402109315959898,8.812146060966791,111.84358058572218,22.891695360030194,20.823151692645627,14,0.6638055165164105,0.32167308558472396,distress
1.064676847890334,0.0769118380384173,1.4356162782489021,76.9105847964523,1.6930924547372375,-1.3685228900269792,4,0.17607782582675588,0.0,normal
1.6535054145097459,5.2789998256680315,17.035178904909788,103.26838431160793,7.428201304912165,27.51656372269807,1,0.04961081897824702,0.0,fall
1.3060752927128614,0.7595880322935977,2.4441529817250904,89.74519619132263,5.404492583296476,12.641099569241263,33,0.9062814573525033,1.1616540152321717,wandering
2.18276837164477,4.353811829745577,8.754368171837292,102.91033237197423,23.881602120738254,31.632200253362395,10,0.3743574033339549,0.46888905602250047,distress
1.0598669170823243,0.2617708294883169,1.3714950136329884,68.58397751734408,2.8332178871556097,-1.5913716780056686,3,0.1706959208801793,0.0,normal
2.1798073610052118,5.700547178974102,16.429560312769183,91.26922959794521,7.117979943669833,20.49741680665826,1,0.08243607852104874,0.0,fall
1.933764988209019,1.0243512419452099,2.602902596945266,81.33780215118838,5.701099352370296,11.496829423750551,43,0.9316555053334211,1.3493855579627718,wandering
2.248764072247951,4.43473287909522,5.791324494881095,127.81284685556452,14.517028351056517,42.19748854980578,17,0.461841504055053,0.21945546238639013,distress
1.039142435687626,0.05612441237889344,1.446118442623074,73.45393318369798,1.5507015510607147,-0.41191490442446055,0,0.18295434965495927,0.0,normal
2.5933769661083956,5.1152928586706565,24.57731423728062,86.27794404488074,8.648314521825997,20.723181762389842,2,0.0939165409105572,0.0,fall
1.671827626413011,0.5077152456236879,3.7753540673523176,83.73092938489654,5.36799394598761,12.761170688624587,42,0.9901982466735707,1.3259443350053641,wandering
3.393199306763904,3.5286654504606982,8.357166585418474,100.2916006637442,19.649391144314233,42.47104167967997,9,0.4636761315644055,0.4822188543914917,distress
0.9807791498830688,0.09265985550372526,1.1051173170974338,67.52358398527568,1.8607699443809407,0.6878753030132629,8,0.08990518288987803,0.0,normal
2.7274344514959745,5.622213696533695,19.49162964926709,106.06014334333977,6.604603275825006,27.181263783294654,1,0.05242849374802838,0.0,fall
1.5655067454666278,1.0687863105338684,2.90393150404193,93.78707026971114,3.8542568015815024,14.254138198646034,41,0.8950093658069568,1.0951028951666384,wandering
3.0458670556104126,2.4709068508658842,6.251014244316381,118.99118797863656,21.809886532935693,22.382934071277642,7,0.6525309115384395,0.459097838341847,distress
1.022583470245871,0.10584679175797305,1.1989987737476742,73.3696365709961,1.70757986233341,-0.08905300937526528,4,0.11150559553410266,0.0,normal
2.9578203842510034,3.8568012838724797,21.37369257515354,85.70288305078628,10.0771658692301,32.77406869740417,3,0.001013363111757637,0.0,fall
1.5616236556852578,1.2402164658440147,2.065351515183333,87.81654732531078,4.964885541056892,5.989921041176212,37,0.8364601462617898,1.0456889611177924,wandering
2.1226594805431924,3.885233416315678,6.166045447186918,110.72137659926294,22.63897818663105,16.12613456485392,14,0.493168806747278,0.24020141341831125,distress
1.0316906395795917,0.17674104221994252,1.4070249987961962,72.85952021862524,1.5754123715179462,-1.1928906096857261,5,0.014403632046861015,0.0,normal
2.980055941627034,5.1387381546071875,20.46068394156581,100.5073449953973,9.886990559012212,24.28177173492729,3,0.010625170851747823,0.0,fall
1.833439771440236,0.9985776484116968,3.192267656971573,85.69618235388141,3.874485078868587,14.481636638734184,48,0.8786634177061581,1.35889670121981,wandering
3.181694678875931,2.6286443609410424,6.928429586068541,107.14924134789123,16.039929981948752,26.35225307535547,9,0.3873822064091801,0.08330080024618458,distress
1.000824118820874,0.2710267892290078,1.0688673441996932,71.65164571052452,2.8881692779757455,0.29443447976337245,9,0.05385691791878238,0.0,normal
2.0324740150196563,3.833909468062261,23.34840627565506,109.94965946249492,9.818301722187858,29.931244347353864,4,0.04123411628135855,0.0,fall
1.343486638268611,0.9952533976567293,3.686738183564036,90.76987536100438,4.244654538006144,8.232831471377711,58,0.9864634511866842,1.2781038815222305,wandering
2.7885722643520072,2.9910793979261476,7.1762523239272795,112.45109882081036,19.219129500988323,17.550081598032598,12,0.336062946896853,0.10209500427584728,distress
0.9350735139970077,0.27593933443568763,1.3207941968720678,70.2439632974617,2.6476454709666872,0.48158200867741563,2,0.11845270105530066,0.0,normal
2.5990469246060153,3.966484329003011,16.402852708617125,94.44322920188839,8.1947154521367,21.41879673596221,2,0.05841182133187352,0.0,fall
1.4802109102352612,0.603909374796633,3.636427832361845,88.63841919115953,4.093015432029915,6.101286950102337,44,0.8293600388986174,1.4710646371921356,wandering
3.803314995529081,4.412398478397042,6.136325531652464,118.73343573184619,16.266440265452935,24.189095354865714,6,0.6460886538450394,0.4191809813390178,distress
0.9097762535235013,0.14266615102602315,1.0476122936907113,73.28773142634107,1.2611646458350292,1.2638918132222865,9,0.16584551070750797,0.0,normal
2.139738888638499,4.819603200887148,16.6668441365588,104.1542067255396,7.930945053206151,23.369017939091286,0,0.006544305061999045,0.0,fall
1.7279590197340156,0.6721913879415663,3.1888559731559263,85.20169984832134,5.287936862163548,11.516831313462234,53,0.8539084605411182,1.1979624804853257,wandering
3.3274219744845355,2.888615435140559,6.759403294870942,126.45683714368259,15.284001542735513,21.874490977976627,12,0.4889567205614412,0.05069621433290172,distress
1.040303101358653,0.15706933690816227,1.1902089358054622,67.95612450763294,1.7661399046376713,-0.0806820849736054,1,0.09526289337906124,0.0,normal
1.8146358360214896,3.529799981840873,19.15557317673836,106.57825344637243,13.83653613970388,20.954789338228927,1,0.028100085571955914,0.0,fall
1.2090141323633845,0.7821069024268743,3.5718367045540784,90.44708168087517,4.906455396480107,14.484473361705648,37,0.8925425086848086,1.4020804780914944,wandering
2.669600588786904,3.988936110356488,6.922172708280826,119.89410011454291,15.516420205418994,25.1046746805438,8,0.5520280234911099,0.04887711024117669,distress
0.9028030715534688,0.0860678015820557,1.2085732273403256,69.07112162963502,2.9030378224193525,0.8141341938736177,5,0.12360279302945072,0.0,normal
1.7720787959560658,5.484331258756162,16.56263753537354,102.6456974300217,11.86633944074892,34.77365215346487,3,0.036030762738158355,0.0,fall
1.980784434665995,0.5063920410021262,3.000613149580129,85.92579186212498,4.116240747763536,7.1698839103989105,51,0.8266563758260358,1.348511995791173,wandering
3.4699538506312972,2.90955035870094,9.158344721385507,128.26728798070985,17.804526693717097,32.041552387785465,15,0.41442549035589443,0.17153121017984568,distress
0.989885672162856,0.10582140690440527,1.417514282624751,76.24258907756305,1.3727237495484312,-1.3125656385102573,1,0.13021847080860557,0.0,normal
1.8404566931286932,5.403516603325306,20.592591783328842,94.96149735055803,14.810106011685948,32.63544650508964,4,0.05026828618758297,0.0,fall
1.5829845638156885,1.2640777232786664,2.2557157667383763,80.44944360015133,5.775032989421956,12.021075334239287,51,0.9555153022040717,1.4545279975219803,wandering
2.668929606069898,2.4967035961628765,5.511572656809384,124.50771168946801,10.660641575687283,35.44593169803805,7,0.44816610194803913,0.1999769353192235,distress
1.0617495631459366,0.17643736208375904,1.4951820847296184,68.19591086783558,2.4149274844817104,-0.7969160051929696,0,0.025673675339959325,0.0,normal
1.617758984528058,5.685060244810538,21.9710790419848,95.01011366285597,14.051330904521638,32.86841638695112,4,0.05682899028231258,0.0,fall
1.7159838714295346,0.7507021167945426,3.415802999056195,91.64567740590563,5.599156527722998,10.87287439555146,56,0.9215162693421644,1.2862529573085142,wandering
2.497778993413455,4.534247142579302,5.3609668456628965,110.84615600462189,14.198490545513302,43.64226087060344,7,0.577015183493155,0.2895192754836546,distress
1.0292253515083982,0.16383491815851203,1.406680267013228,69.2746172546208,1.4358500492050688,1.8681949247586238,1,0.10051666073324711,0.0,normal
1.936569634210524,3.5323254860591553,24.61068509272275,108.6606206476915,11.436538775216054,33.660992608186675,1,0.03548143683472519,0.0,fall
1.496293472372105,0.9485005018003771,3.2494871070652773,85.21043773502275,4.276293000252831,6.13183380737023,54,0.841289462711502,1.2819821705922703,wandering
2.033284706584085,3.7832810786021343,7.427115833590783,128.095549457652,13.953428061837899,19.202892316863792,7,0.5395941757462357,0.08612897181989732,distress
1.0081438952103148,0.21087009069632262,1.1177715415343803,69.47477417320447,2.7129944363905873,0.5452894708706668,9,0.1261084700443417,0.0,normal
2.6383607655866785,3.6379748383902637,22.25956484506083,107.96705060269747,9.79219215276863,23.817242652077745,0,0.07973193300256994,0.0,fall
1.7443969220067048,1.300105608541092,3.4638992401786193,84.47845831453573,2.858494229163946,11.403424861886787,50,0.9651357418898254,1.4888334121457718,wandering
2.8648370058902257,3.6643393408517166,9.882134525117719,129.10019157352824,19.371689073270666,31.623046276401528,13,0.6187492448920573,0.16816073102495205,distress
1.0402718022918664,0.07930091446085762,1.4054167149030252,68.44566713918978,2.170685387016032,-0.870366967187556,3,0.16188928475863765,0.0,normal
2.738811438718763,3.4632702316518387,20.612978395095247,109.47690174960982,13.21482762959734,28.31695739509651,1,0.06780956287982383,0.0,fall
1.2787706613256575,1.354706636371767,2.5499460585095477,91.0007104608511,3.5540375990108353,10.729474516553509,39,0.8182533123951218,1.1579688068567866,wandering
2.9501059833159475,3.235251236240148,6.364415486511375,117.29773853247343,21.117458477554237,19.242486261988088,14,0.520362838801218,0.17921201107972362,distress
1.016508862649846,0.0760259477407441,1.3872181598925128,76.31603383612489,2.5605282117095407,-0.908764818011734,5,0.11719284600499538,0.0,normal
2.958738739772345,3.996137345650565,15.44392867438754,100.51138144179635,6.739523124614063,29.584154072507474,0,0.01691557259859875,0.0,fall
1.4585908482037302,1.2196986116835804,3.355326263578039,90.04802991514879,4.829804524749942,13.909538862360028,30,0.9490975915415194,1.2260565104677053,wandering
2.8408590886537084,2.4867821305337854,5.782367257587358,117.87242837110689,24.714055837926104,39.55128104815171,5,0.40010891370819057,0.2714644719140566,distress
1.0405171566581346,0.08576063849803862,1.2663167566644606,68.71707269423302,1.338346596534043,0.03021187907805878,0,0.04839539540133486,0.0,normal
2.1874713280820046,5.194052222287741,20.519258436508498,87.07910509867548,14.498517829109861,31.71304728908542,4,0.06245636544680821,0.0,fall
1.7059974733460863,0.938456859038043,2.116248728606055,88.0694180386981,2.7385389574606367,13.1217214461956,44,0.8611176071586142,1.0669610150624311,wandering
2.0466362732237915,3.953013876051517,7.220454859408955,128.1633029430124,10.763638551523238,35.62775931876709,5,0.6344557933936676,0.07582043164175206,distress
0.97131426182137,0.11022691231901062,1.4928583994089957,69.91637928853778,1.2211131438081886,1.8422344039823848,7,0.028899352094798814,0.0,normal
2.8184209038449204,3.659410211734719,15.662843727444237,89.69378785825417,13.270232122501898,26.070233671739583,0,0.027585601536035054,0.0,fall
1.901726735595686,0.7338194603946856,3.8465734979907347,80.5805623755795,4.677508159041173,9.569324986420034,52,0.9516238080286077,1.003364551481434,wandering
2.6179945955030437,4.053239520010507,6.6375321637934555,124.88852021907964,17.599873137140193,17.997092889458845,18,0.44769212556673926,0.1990405454872775,distress
1.0356590586297054,0.14717222986564993,1.141311198402111,73.49186816136492,1.2857223277376055,-0.3603740576540284,5,0.046943622501059816,0.0,normal
2.702325642479336,4.963642986599931,16.53881802941949,86.35250534022344,13.01470881688109,31.368765205747593,1,0.050523076725271454,0.0,fall
1.698880535626111,0.8859898736684556,2.1884611637335913,83.73984082999398,4.74453070878061,9.445115937119212,48,0.8624518410861932,1.4461520915489134,wandering
3.391800767602894,3.2385206089453646,8.282500166986194,110.88748795078162,14.694591880956995,33.600930211646805,10,0.34032008855736995,0.2036501318399313,distress
0.9444470136317987,0.28999957192755244,1.3031438172112857,68.56215348990949,1.372260278680261,1.9687788823058883,9,0.12068152519016276,0.0,normal
2.929576150955225,3.412520534025189,16.471315771954743,103.17677508497745,12.831993985084363,31.007998116510947,3,0.05047790995493595,0.0,fall
1.64108657745143,1.1823355733654068,2.321838364256248,93.38532735259757,2.8705436132784987,8.427530215134304,42,0.9128285469570112,1.1624148554738183,wandering
2.2655312623220953,4.105978320121372,7.294672226957747,119.3177591245978,16.126346377801454,30.469195123720255,17,0.6232117360038321,0.10296859971901934,distress
0.9822485724619513,0.1378059073611972,1.1280279141182823,69.66507517800707,2.661640712631823,-1.1613547928901076,2,0.06973083497122715,0.0,normal
2.4842628930176085,3.974386443368381,20.73329419607264,100.80396089186462,10.01395244206644,34.962557333182936,4,0.09443744850104026,0.0,fall
1.5839750989388415,1.4793352100874502,2.716032251188593,80.05722253146196,5.441877212743346,14.382783268801738,52,0.8006885146695049,1.2067399726197627,wandering
2.8922204060667083,4.083989397374224,6.737633263489884,123.8596570152597,22.92412848864532,39.332583210477736,6,0.6203632706668981,0.030236486194959944,distress
0.9927915978715326,0.13306131391403997,1.3042135355652993,68.42842616971733,2.7574625955203604,-0.7209748969705352,2,0.17842776989727233,0.0,normal
2.1045182150492425,4.88399969882532,15.981305264935514,108.14779133683656,7.283976661472703,22.440085308171483,2,0.014572158384850731,0.0,fall
1.9718503811498787,0.6899026492322472,3.664432826045849,86.58512641895787,5.790269070496237,13.083050914489501,59,0.9366822363721452,1.1673788173855728,wandering
2.1319273130777545,4.8842288915974095,8.784250551024595,114.20339841819643,18.67293016601299,15.168739772730522,19,0.6680901955539661,0.27786825730761106,distress
1.0931137859441629,0.23749582753609288,1.0780852417689326,69.2881798946195,2.1691128749359416,-0.8243156031796781,1,0.022847889925975286,0.0,normal
2.494412894750601,4.14789109532778,20.660125975038266,106.95135687143399,8.574653913016379,20.004050957366587,2,0.09382106170973585,0.0,fall
1.7172094017809707,0.8317810590450833,2.44807832546444,86.57417478424827,3.397628293292621,12.507525900638067,42,0.9322223998451703,1.2934542451387316,wandering
3.611889980638857,2.1391656711787848,9.095211204139453,122.43416491500251,18.37453529605463,22.99673634025227,19,0.5397624723543528,0.01518302290894269,distress
1.0637405883799067,0.13117734142495008,1.0074578182737994,71.0821286883195,1.6790230358977418,-0.20301001660088813,9,0.04301087895238931,0.0,normal
1.745765296945819,3.0186370583147855,19.492522223897716,101.76736304200337,11.976252186854587,24.650335919858247,4,0.0007873365867022142,0.0,fall
1.602473723192035,1.4760480532930234,2.124249498161743,89.06516327969442,5.246240354879296,11.479335185380279,45,0.8230777195450691,1.4186217504111411,wandering
2.4725090131738696,4.366341407433041,5.270311043938825,129.92934623674535,17.830451004155112,42.335068698768836,9,0.5482524050390771,0.10956862262838152,distress
0.9378172289908818,0.05609280559593689,1.3315996943928872,76.84638715844008,2.2125838387513,-1.8245773712991937,8,0.0360293327396042,0.0,normal
2.5440348852099635,5.723855601006911,17.787113961280106,88.39876026611984,14.656382305586535,23.991860729168657,3,0.05979652841869146,0.0,fall
1.7849497033699424,1.250958358293543,3.4439974902517663,89.00313389003657,3.938025558172429,8.403262190079683,58,0.970879826660164,1.4850137748931236,wandering
2.5162742556331468,3.131935996442169,7.139747275442619,128.05771996026175,15.446250747602537,23.960198756463782,8,0.4659128650516816,0.02916812810284064,distress
0.9492231567892953,0.10509785425518141,1.3400581700488183,68.15902689631517,1.8129805181046958,0.8965816174129762,6,0.15657848090746562,0.0,normal
2.8386430034743073,5.8614932202165475,15.306311205714634,108.67561351575118,12.029432207102936,29.333660174255375,4,0.012840181648291593,0.0,fall
1.790162993954552,0.6808402374404313,3.309184856126278,92.08516210313896,4.719401351940485,12.46717662916178,49,0.9965254486301487,1.0122805001837898,wandering
2.1710635923218096,4.934877758657882,7.568446535770129,120.67525345799633,16.927186960224617,19.919539711522358,6,0.4694149396325923,0.46317715947915866,distress
1.0543261037318528,0.27411058805332894,1.3112948939976705,68.79343501406981,1.9326989040747735,-1.4731357094401694,9,0.006118914004080956,0.0,normal
2.6433354060749403,3.8134941464908136,22.520954305606242,95.98890194313074,8.050252240802884,34.125540296037364,0,0.07799461942825563,0.0,fall
1.2299874512221964,1.2747590633102948,3.699124565501503,82.11661730965614,4.615348543450594,5.639068530909642,53,0.8415255301712992,1.2762100232065867,wandering
2.4697823643125787,4.490453728419855,5.667539848130502,119.77374572170461,14.510117214827176,18.8210237247338,6,0.66620228281066,0.18609916907592583,distress
0.9662042645480924,0.12956858618746986,1.2487407782598297,68.5695567992497,2.6513250506163715,0.5911000240358355,2,0.15529073032947938,0.0,normal
1.541972597738421,5.227032002506606,19.296988371994114,93.28517087801174,10.394893888708726,32.831138887264245,3,0.029486948934757663,0.0,fall
1.7645541943413114,1.0791883369781763,2.057298538409313,94.4519124226358,4.685177907281023,12.511995125403224,46,0.8830187575594229,1.1456834167801544,wandering
3.182401814184395,3.635842617480016,8.350143240987428,124.63511028402034,21.257970952899893,24.65165961055156,19,0.5557084262782985,0.34097708237434465,distress
0.9162271945946633,0.25192365455511645,1.0944960458529098,72.38912666682062,1.4365243157805592,0.06905147296755265,1,0.07671082657049091,0.0,normal
2.5305357817177265,3.691447770436696,24.34354593588788,102.9233284955986,6.342415416546974,20.16778440904504,1,0.03503884903107152,0.0,fall
1.863335277701231,0.8742237607462406,3.887814664537282,85.96559325915166,4.204613558693415,6.132316362839488,39,0.8646365815972965,1.4861684705918181,wandering
2.2720685632820015,2.6809275571200293,7.9592731619461885,118.97375843327794,12.883882919627803,33.71904672822137,6,0.6021411860355875,0.2174982468958362,distress
0.9382659343326076,0.18183449057691975,1.2592164483556672,72.2958492041183,2.1491488702624046,0.9344720569596565,5,0.18393477552119744,0.0,normal
1.7045541517842433,3.588279270676725,18.38509913487268,93.00226662175105,9.791867008874494,23.984904385368775,2,0.08151121050965937,0.0,fall
1.9671059471118957,0.5703165526105238,2.4255638402092616,89.22995294041996,5.7020040272572405,8.628101300562637,36,0.8441742085523087,1.2904168480622444,wandering
2.310267705433739,3.549924895914068,8.615562582154705,110.34549036475934,10.44339210936173,32.60810125043726,6,0.35418615875677567,0.37295399088506404,distress
1.080336134372054,0.275816602166058,1.1444179376982964,70.64088596871144,1.7096879625466068,-1.8264155740612775,0,0.14821052158011686,0.0,normal
2.5613179215834543,5.996191755375289,17.586264231934535,107.9084578729805,8.371421176796051,28.02617209431862,2,0.04853515564381886,0.0,fall
1.7049864926002032,1.0612807795427905,3.0175213790069355,94.46293453834615,4.563231719154891,13.559926713374342,46,0.8667048275090087,1.1531352626571025,wandering
2.885556605305198,3.360689435659895,7.572073222558762,111.7820801691081,16.56002486320167,44.513518124687366,6,0.6151400093102359,0.21406046075243834,distress
0.9530755319252051,0.29627471208476425,1.1501610928227364,75.82764388102447,2.0179617531839176,1.8657443506523412,1,0.10794623222602143,0.0,normal
2.9183173229508834,4.408774539729385,15.497465054276574,98.94112894557136,11.468394765858509,29.014379745645485,2,0.027555088181557632,0.0,fall
1.4403015888939565,1.05516306637521,3.429914994974655,89.13562416148238,4.0078901040125015,12.88636843272346,56,0.9707961447891842,1.0568592465486626,wandering
2.8287786909854455,3.1844017182840285,7.225229759823088,117.17038898561819,11.149493039673608,24.081249905345896,11,0.3020370496282081,0.09578747070503774,distress
0.9068662670551518,0.14693906878255913,1.0360829158244949,67.14247672919217,1.9289481924220142,-0.8293239662187215,3,0.17104299293447756,0.0,normal
2.6047680899635584,4.114242557204914,24.556882832943515,109.93920322150977,10.956722185745152,20.53562683476719,3,0.08085476978181332,0.0,fall
1.940864780614074,1.2727780793753032,3.097848848929459,89.3095100191283,2.909921067676613,8.768625684909633,49,0.997353818991629,1.2154949898790346,wandering
3.6424865187049535,3.82884065613767,6.059643115294296,110.87023580461357,15.12832865251786,33.57389817208524,10,0.5039083362225598,0.1588011484439475,distress
1.0946050260128388,0.21809848312880842,1.2897052670783355,71.72439493870137,1.945201112013497,1.8625522905425411,7,0.006601693058342995,0.0,normal
2.134467114354748,4.480254271103355,23.23445075910508,101.40275682163451,8.318899195308187,33.67117982068429,1,0.0019004514997261524,0.0,fall
1.3226017185594459,1.3770739361419166,3.688015361002474,93.9335882906345,5.1565966643211665,11.453400632319905,40,0.8620090895284763,1.0976137351304764,wandering
3.1650319339029735,2.882738128306766,5.556750958117502,111.90849468262053,10.72556303983616,19.64422761009171,16,0.3903458846818277,0.2960769009723625,distress
0.9640634840510556,0.0831776456909936,1.2852632127589911,72.82036511546151,2.2133726128138025,-1.7178607505146326,1,0.03879526611685822,0.0,normal
2.1968789462644325,4.608350527690164,23.924953286910597,104.15228389047985,12.860676023987057,27.753029857526272,0,0.08999025731039118,0.0,fall
1.5118980724903044,1.467872295191556,2.630044952668584,91.7019244727672,4.6208356635741055,14.269359892335235,58,0.9393937745501243,1.2679873749841917,wandering
2.7534821633220936,2.0556765513681863,7.709488451741049,116.09925737543462,14.224078087171016,39.85523570380338,5,0.3606566703844971,0.13491593525269713,distress
1.0474412110241527,0.11023490178069136,1.118625194618776,72.82176206305019,2.3441790945610252,0.5121308323696616,4,0.022059324068696085,0.0,normal
1.510078091073026,3.139423187852084,23.79796790502303,86.77746684630061,13.660157128756351,22.334875207240913,3,0.0436697684246658,0.0,fall
1.8661276611317854,1.2346219250105186,3.999694047259768,82.91090754920613,3.5137508966757536,6.003471762714837,33,0.8661070532464403,1.1462358913683177,wandering
2.78893186449322,3.2326716147444183,5.289819612493893,123.66963625558341,12.251729765613142,27.259580451505517,10,0.3789920217142865,0.2952342088217873,distress
0.9722045639277167,0.08568382815819563,1.403014855007136,72.16860612022344,2.7212457767313434,1.9444418192800321,2,0.09802217702982102,0.0,normal
2.7388705128241657,4.012991402604799,15.525215720034465,107.75725378601942,8.895328054162732,26.231197315994834,3,0.09765303987412086,0.0,fall
1.4646760013643023,0.5256124296097943,2.389000903894604,81.66616480319693,2.946648191848477,11.205500535357494,54,0.941380056052596,1.3220165370877468,wandering
2.797751542446105,4.806895868706652,7.947485655432011,109.24271728024033,14.520534089507223,34.25154447120053,8,0.3548397457163502,0.0623605763247948,distress
0.9926210130677552,0.20365737661668987,1.0913097523559263,69.96745100672491,1.0053502628095923,0.753219299426104,1,0.15486479490446503,0.0,normal
2.891516564378912,5.250966551046279,23.52757630381408,106.2134154620791,9.281751447085023,34.087750401204815,2,0.059048568889480374,0.0,fall
1.962500939638796,1.2932091391633453,2.614004860137611,90.27454926931975,5.315311825642814,7.37898198514836,50,0.846501315168089,1.2183534213548,wandering
2.82238806605366,2.5319267970049966,8.98324056807962,112.20710396066262,13.567789381812494,41.540199071133884,12,0.6549583567829492,0.2143821699560599,distress
0.9908204045426245,0.15880742881005872,1.4483373659040657,70.71939395320051,1.5782706027617563,1.3056320303286864,1,0.19532974633203465,0.0,normal
2.276276429247157,3.949966680468372,21.112552974405126,94.63902138416692,6.4020002827869105,33.835073243107416,2,0.03407157998161361,0.0,fall
1.3128386588326029,1.4842880954557574,3.981855541817172,91.93106141388674,4.783507224521815,10.04501542459985,54,0.9004337462213033,1.3084042694867524,wandering
3.924712455739043,3.7225496851619604,9.506936649614094,115.81173184088465,14.787683323533331,44.19858275293191,10,0.5016290781755193,0.12833498079631983,distress
0.9429240949175306,0.16256328174945045,1.0064462410556234,69.38899707545008,2.6659387861124886,-0.938894901471429,6,0.008781633562685886,0.0,normal
2.645414220566578,4.563126659958181,18.836379403919775,89.08151441119212,14.970807794581173,33.54450946964806,0,0.09314809066603154,0.0,fall
1.2866976330784983,0.8880999515641322,3.3241799536922043,94.17054540672113,5.064451501066701,10.214622970676682,48,0.8797288600752393,1.0211125515398343,wandering
2.9601896736334643,4.868684865452051,7.4451597841940345,101.02128649770904,19.128102372943705,34.767086831596,18,0.5778346167369073,0.11502665484931474,distress
1.0322138537321988,0.12182267041208349,1.0252294835739286,69.1966541663698,2.621861333345387,1.6293490990502035,9,0.03784620696544932,0.0,normal
1.6941972552781028,3.2688433169821227,16.40068709924509,97.22537857151313,5.509300889398181,23.741055948764803,2,0.007001933633687275,0.0,fall
1.416775329751617,1.4114621317245477,2.1576380419027092,87.60535192969039,3.60782458185299,11.875127855628493,40,0.9687928608635645,1.38564644202392,wandering
2.2719577043296457,3.0451220152269283,5.2614084058840485,102.60752887314405,22.75774939611007,41.16328176063662,12,0.428548569743145,0.2866448198739371,distress
1.0182706144263485,0.2803090307890122,1.2778147432671267,69.23604449938783,2.8062737339448756,1.378897046279663,3,0.11223790998543492,0.0,normal
2.1754372763072762,5.6963583447978525,20.471261319070884,89.68270719202278,7.7853551345503185,28.981145391802578,0,0.04167418182615127,0.0,fall
1.7766458067034194,0.9844492031783686,3.8509580304304807,91.16103479629797,2.015353727408938,12.730759402712511,40,0.8463267248051127,1.1885436362364703,wandering
2.7397130724264867,2.8334661647766213,8.419293294295587,104.3149580239805,11.64631715108723,33.30760169376973,10,0.5019781728039145,0.3836608396946313,distress
1.0015630660716228,0.18076042528844438,1.059673754173248,76.97676075964972,1.6004806083223841,1.9771480556354915,0,0.07412397892896141,0.0,normal
2.393540712664279,5.723024207492074,17.615730936920116,105.0023888336147,5.8322224409926084,21.819599453049957,1,0.0043445571737300015,0.0,fall
1.3068517085191438,0.7298461937267237,2.183742586786129,84.98783204513357,2.7970524101263914,8.80861711548092,56,0.995155839191872,1.135531992850834,wandering
2.2502348878866214,2.0724375832537407,6.4734895232681815,119.68508298072751,19.50793235076052,27.724899601317517,9,0.5432278816256273,0.28208516452175086,distress
0.9490537563144447,0.21448489552490174,1.3396700088967644,74.79950555591434,2.59889283157428,-1.8661696703349961,8,0.08836019014495583,0.0,normal
1.9670311034683854,4.359629328634966,19.987016921540807,94.50876972434074,9.675959644259732,25.28238752834914,1,0.0792411993425336,0.0,fall
1.6376484170559837,1.4526201400438588,3.8654666903521493,84.60617815719972,2.1031328172561743,11.707312276356014,56,0.8413059085854662,1.0161922215941133,wandering
2.361155587184453,3.5525135107347214,5.35255427537683,122.07885981209526,14.868011998900855,29.034205670042926,9,0.45337670463276203,0.3473373509538248,distress
0.9500464065292127,0.2341121673030095,1.4745177723208382,74.07795868568438,2.288401990817561,-0.6781121076826708,6,0.09695999644188465,0.0,normal
2.138230796590869,3.802744591594318,24.747718510603118,88.95357374772057,5.661789249435454,24.8582692088354,1,0.010329418077487185,0.0,fall
1.9869085133749875,0.6913317379386059,3.9176973083682043,91.2518234805847,2.3484867499422406,13.732325329724715,49,0.9290391887774022,1.1219733867127544,wandering
2.237496571396111,4.892665383777656,7.010566340383783,121.2484501527671,19.951727369480384,24.095777610394553,14,0.3096342429135551,0.05335744350750943,distress
1.003686582455761,0.06934217630580107,1.3354289146994,76.46590193153568,2.9375675827143595,-1.740074793939828,8,0.12035005074112987,0.0,normal
1.827671677651309,5.3627720171409,15.97665338886639,94.90083749314762,9.416486618745722,20.502875895042123,0,0.09258156088240432,0.0,fall
1.9591343084963735,0.5267377304776891,2.957924124113547,90.14875576439876,2.7957680752309484,11.127130421786497,41,0.9786838548789716,1.287763711689611,wandering
3.8134080180719714,3.847699648980871,6.112956294882936,111.77734929706541,16.2703485343037,38.139441720192494,8,0.3855966513439994,0.019514774087185938,distress
1.0866167114072662,0.2330787920526225,1.2232992251384458,71.5397776581416,1.7686190263532415,1.5017393268033161,7,0.14268202340054845,0.0,normal
2.7905306520904523,4.6507166051327875,24.402555255691,94.15497050993345,8.779233296230087,27.730657146019617,0,0.04278465907745918,0.0,fall
1.8147714172812401,1.2384615716160603,2.2566444004310835,94.93273495484621,2.0659426224954225,9.124456078351429,52,0.9838366524074262,1.0926542050424086,wandering
2.7131628084850323,3.6781371150555557,7.121721029700162,106.6993575245332,19.225305714379772,18.604714163731334,8,0.4006987608925645,0.2736122341161761,distress
0.902270702894647,0.29992719648169647,1.2564364113169453,68.1305562178172,1.580514255614524,0.6618095498189023,2,0.06288330349021319,0.0,normal
2.03612641346347,5.50283515134384,17.888368606508998,106.97452658786332,7.170951015296584,28.77790628725456,0,0.03106541291258366,0.0,fall
1.704276749116,1.3717088317132933,3.338979788952223,89.15070246008065,2.5560746241134793,6.417818719727062,43,0.9680515868528435,1.3376441152876228,wandering
3.250968232968826,4.231008441227559,9.239338662446267,119.58229467293846,18.948906123103043,39.539678371403525,8,0.560347014671243,0.3755237893749577,distress
0.9777404630275931,0.21820316885512503,1.329684011125165,76.05776189095944,1.5132768388243016,-0.2915288488850001,1,0.06131416860182033,0.0,normal
1.9179941184630516,5.965030527947551,24.60014287001556,107.66491905369163,7.333392511433363,23.18283605977431,1,0.05353889960323677,0.0,fall
1.6007220893493288,1.4915437301743517,2.9851619697148184,90.31102105772558,2.1767292030496326,11.183688382724261,37,0.9780207795587063,1.0032519968913889,wandering
2.6170837490732435,3.1361052056818575,8.734624273675411,117.32218385628434,20.625923915217786,44.1739982088682,5,0.41275094544561597,0.14811182120213062,distress
1.069026851504544,0.11311300060946379,1.231118700842489,74.67675503447269,1.1488844181040319,1.9199463551245977,4,0.14442923366912466,0.0,normal
2.051788976451701,5.833317992455116,19.029690022827392,95.54793316622235,12.914979249251491,21.654996997020792,3,0.08812772787250994,0.0,fall
1.4872176244693758,1.2641360119531417,3.467365555456534,88.2870702089011,4.3714460767948555,10.277767651038012,34,0.8917575227075113,1.114111493630324,wandering
3.6116454941822624,3.2179889962522363,5.553576458731777,104.8222348569898,20.026271171361728,39.35228370250884,15,0.5648312720823194,0.22110198604693032,distress
0.9655605358214423,0.2918899278622102,1.1882121301568178,74.34904215579773,1.9437997119119177,-1.511245826394466,1,0.0894886481945375,0.0,normal
2.291199684284185,3.248074222326185,16.301702616263,99.60702525206786,5.246116201999142,31.091675378244958,4,0.024227914821209152,0.0,fall
1.6020908945951677,0.7675390702294916,2.482417606100309,83.0941768892326,4.222979430028629,6.155566078267737,30,0.8835947631047968,1.4041207588780387,wandering
3.477563284975422,2.9991348961538837,5.530144158145988,118.47623026467554,19.99176676392518,23.225569797751785,6,0.4077157311806463,0.14558343767375653,distress
0.9776732219334514,0.18090844032872216,1.0366184551454523,73.67391904996332,1.7981203209904943,-0.5725166182372523,5,0.15684448571822387,0.0,normal
2.952841087757562,5.328452923098983,17.465030572540275,99.9918940860382,14.193935825857839,21.184897150201888,4,0.010652896021005276,0.0,fall
1.5133050423783936,1.442279196801957,2.347228575025773,82.03448568870948,3.539716612679197,11.519243565938833,36,0.9968716335121681,1.350716489262643,wandering
2.5630521260896026,4.145597306771917,5.796325984908911,124.66128529980445,20.85757920321055,37.69657773946547,14,0.6959014957194516,0.20111741289225682,distress
1.0870881716693628,0.07080320794882004,1.1834847893385674,72.30725715851777,1.1478181367185172,1.8483100679145723,4,0.035285386065054714,0.0,normal
2.2081257952645315,3.496135703571543,16.20994671499683,91.86921430258226,7.90895285820147,31.95231342145634,0,0.059555897633651225,0.0,fall
1.478613977100241,1.4868878889061659,3.9773851662967825,82.4905697130282,5.079619988112798,8.095543707705808,38,0.9845770304154464,1.442201845328179,wandering
3.176291344035207,2.2527611322165315,7.122098537373535,107.31154375760556,11.339085762857668,28.113145374312424,7,0.4837413104308733,0.22207455713574786,distress
0.9587451809790714,0.08880458844633125,1.07348536122101,74.25484738797022,2.196197961791005,1.9057337195283832,8,0.11728529867179432,0.0,normal
2.7994735530148698,5.054499212873998,21.525660915953274,109.69519034010631,14.598104769162642,34.94552160105261,4,0.0334993078375606,0.0,fall
1.368859371372689,1.2963315127135773,3.259316444608479,82.2077504478475,3.5135399503089544,7.681164615589452,51,0.8659661461172046,1.4004159136355494,wandering
3.578291619051596,3.7038102872707097,6.442773138378079,109.9700707650395,23.2145057332776,16.058953571237637,16,0.5970704138409273,0.11054745299886609,distress
0.9722393661040325,0.08393918824929227,1.0556136302285402,70.54575269936653,1.1759652823287097,1.9021175174557534,2,0.11412709932574512,0.0,normal
2.8233762060800096,4.994095313196208,24.934367379211853,93.71822255430229,11.404557306673693,34.742312474789095,1,0.0015838219141152022,0.0,fall
1.684717123729914,1.1628081833182558,3.7082604353593447,83.44253432434515,5.343077446381843,13.510570278243362,51,0.9750822814667106,1.1257565297219034,wandering
3.3243954768683404,3.7118606647797767,6.5264867538375375,112.82902422201622,10.525286061110506,16.265728900631494,19,0.43337553234647175,0.3575775828773129,distress
1.0682195790725841,0.2927547081106362,1.484722231533814,76.33946006198474,1.6104538032287705,0.1726004156487413,0,0.040170867364023866,0.0,normal
2.388741488706855,3.4698974254876775,15.927637783527242,94.51757002231552,14.02511408746402,20.650612078326954,2,0.07456488733241935,0.0,fall
1.624448323306738,1.0801245979704648,2.345721058624631,92.94519157294023,5.951741100187374,11.871869284992567,59,0.8690331466873812,1.2258996074413706,wandering
3.3265399057971408,3.4403690043475197,6.837032624455615,115.41655269315387,18.384068677768354,30.725209408503872,11,0.5256163501055159,0.286959510152974,distress
1.027996009325556,0.27400996775925146,1.4415247156331077,72.41573363104354,1.7697909747862224,1.2819772965603704,0,0.18598565195650568,0.0,normal
2.9316954373819963,4.133658398879408,18.196225430414977,85.58394331726817,7.519849841937343,21.66848104945603,2,0.05181095464093021,0.0,fall
1.2689999901080842,0.9568752793377228,2.808870060409644,87.91562783368934,3.6912983704900992,13.868182435449247,48,0.8776180443140168,1.270962816856211,wandering
3.065542382927217,3.062061870563805,9.594390186779998,107.40009101609208,21.751182115657794,16.476241441640557,14,0.31233879170941425,0.27775054848963343,distress
0.9357742810184755,0.22944932081297925,1.4001428651435037,75.11289222337734,2.488453872240444,1.5306456626435079,7,0.035484138690486854,0.0,normal
2.9415794343031174,4.294633322508309,15.572524247015046,106.2767221971784,7.750927570704633,30.052305871543652,2,0.08223334931528,0.0,fall
1.4454262278046335,1.1417468367804626,2.1679488355514964,81.70159825782204,5.361122976164241,7.091740217840091,45,0.8961602891373467,1.231104709517325,wandering
3.06361195552506,2.38273551978162,6.68533861560085,117.33820009472693,10.933272849828152,36.54841825419011,16,0.3717525413460182,0.36730119292514424,distress
0.9482580132198839,0.12370354373896282,1.1154790680132356,68.64507998253525,2.62261068133477,-1.530214504737594,0,0.10043015153149629,0.0,normal
1.8254788473480645,5.449661503351191,21.058113089500658,109.21672871563374,13.868638095460138,26.662619285155753,4,0.06683129272677055,0.0,fall
1.315838317206914,1.1001999120531516,3.554421273223972,91.55981054192058,4.821199324781,13.535227284844954,36,0.8701438814534577,1.0071606016002357,wandering
3.407631179235998,4.76169069867084,8.781816008465851,107.77718916732618,10.018222861965484,36.754869314120945,5,0.6591836863840108,0.345569609177749,distress
1.0604929814115753,0.24705435740049592,1.2218892730420428,75.20492446732625,2.3983196654615453,-1.0457373775539902,2,0.045607521698337955,0.0,normal
1.5074073887735158,5.992831824106206,19.11516069769314,104.08637226199674,11.459816849149952,26.546841690701957,0,0.015636826269830262,0.0,fall
1.60105642724296,0.8258920273331162,3.1903329612120324,86.4155883318797,3.813331137158245,14.150234603053345,32,0.8525479760025593,1.117036171885569,wandering
2.0791529348448234,3.884141603076466,9.435144530692675,118.6443174963739,24.646511427195435,44.01028020901193,8,0.6211741321225406,0.4632718648181304,distress
0.9337957945282569,0.20727698835564567,1.4597415482755631,76.42692153105527,2.4622866523539786,-1.4759634991995871,5,0.18193380017138192,0.0,normal
2.102525187611797,3.9104319748286094,20.260203319486934,97.61169300420863,5.708642988702739,33.73190433406442,0,0.08950618112725502,0.0,fall
1.5612514750796613,0.841005757042546,3.336650489385146,90.93849823351411,4.6973315292388484,14.14399298317705,36,0.9418654895012655,1.2530243387621383,wandering
3.915486135898526,3.7978914177681307,8.02519641133013,127.16095360802251,20.063503285231107,39.91432921226158,5,0.5835318175113353,0.09403091140123498,distress
1.0592314654507216,0.09745816021756339,1.0901647055912065,67.70194440049043,2.9566004076037133,0.12407269813787858,6,0.0240335686852045,0.0,normal
2.815177277550089,4.924132346600912,18.039354169677186,107.37924723195816,9.776103258712755,32.758631064625895,1,0.07172492727892073,0.0,fall
1.208519585640867,0.9220340199005075,3.0170101506851124,93.94307411993576,5.733408995609647,13.338585008176988,41,0.8684262735255825,1.2913699066580624,wandering
3.7181023948179694,3.183474773227467,5.077732793943398,110.22069671278003,13.625672836221728,36.039093848135025,7,0.5855254852705896,0.19734571416451874,distress
1.0112588826991273,0.24235538933147543,1.4880537720829752,74.56133128478395,2.8378974623945084,0.21034827745375706,7,0.08112408511542968,0.0,normal
1.944030068682798,5.641770966983417,15.498859412953685,101.95201428614305,5.703343870343178,28.42205302346856,2,0.07565280867321689,0.0,fall
1.495455782961314,1.1850898488249175,3.1202994207971644,87.42714400877588,3.0529973908261794,13.20242494164092,41,0.8803296173116147,1.258265023592811,wandering
3.945974234036774,2.8562020722522212,5.590330074630537,111.02460204030055,20.68279714018061,20.907888381782925,11,0.5411999620667219,0.3051244503623301,distress
0.9623796683472476,0.19172597348875103,1.2510473521277983,76.7889253902725,2.460322949141168,1.9360705479105675,2,0.16902525689224074,0.0,normal
1.675982352223431,4.803915765873094,21.76541970580047,86.6184153746266,14.85693409957076,34.43706082851406,4,0.060440310009610136,0.0,fall
1.315984444566503,0.6164796492911668,3.2421550761203597,89.39774900578334,4.816487747036572,6.923923841545675,54,0.9961484492570897,1.0451087266765517,wandering
3.8137060540108956,3.5680579974624225,7.203462972621653,113.76271219915283,12.870128640109662,37.09564231263181,5,0.30982438404430435,0.3346539281141558,distress
0.9932273254815688,0.05324217002926414,1.132482386810987,69.80412585123614,1.8622539242979455,-1.5038748282246321,3,0.018268731665513283,0.0,normal
1.849744593008952,3.7096761206115096,18.878799445558737,103.99642555760013,5.656327060191283,33.903011062055384,1,0.03127453607617958,0.0,fall
1.7964920326750637,0.7819710835226966,2.7338066747324326,85.01826889154486,5.538079050315229,6.215904434431268,55,0.8855893872784473,1.0298550652594098,wandering
2.979498929588125,3.6287088665948826,8.143748976383055,124.17676940390899,17.135888824163537,31.207333970999144,19,0.47404351249064813,0.4549466657593311,distress
0.9933113177950978,0.10252685996108589,1.4224696597478306,71.97956854905956,1.9693224641910194,0.4111310629171476,6,0.16660231252240765,0.0,normal
1.7117019768886348,4.264515204200473,24.889033650799703,87.2218484057367,7.301307393193173,34.14069032561082,0,0.09179077349321946,0.0,fall
1.2658110660434587,1.4019345742665625,2.626699404809431,91.38111496942459,3.8533321910093545,8.65858499144636,38,0.9230315761868232,1.4453727381943295,wandering
2.3180028047229437,2.914890337033012,5.714664096290967,112.30071904574518,15.457586943311597,30.877405445306074,14,0.3331995217161263,0.10768483065449491,distress
0.9401598442816548,0.21533886199588925,1.1154861377786027,72.62852708158995,2.8133147370329468,0.8252598061064984,7,0.08577226943635828,0.0,normal
1.7389663357387826,3.874155470432616,17.363161724280754,91.81027756870614,13.38033472434007,25.987027963753278,4,0.09811648115360119,0.0,fall
1.9862118225279142,0.956983162556282,3.527474723081104,88.2824699791316,5.1525591731741205,5.374472969864126,42,0.8246013536106767,1.4947985957831054,wandering
3.45454967983321,4.891160622370979,6.269067538211051,129.94865909931775,22.568060924060212,38.37613314816123,12,0.3624167714674601,0.006464971736889591,distress
1.0981897040462727,0.2344886015375744,1.0520793245211957,73.71904542216309,2.1466403933793083,-0.8233420707438035,1,0.08368912951111769,0.0,normal
2.331810209668677,4.945398623769737,17.77534798555818,96.06266507383071,13.509306737407691,21.38859784721309,0,0.02910520480893619,0.0,fall
1.9235755145057591,1.0979914839877551,2.2556443223384903,91.96745408748887,2.711806081013329,7.757337718657448,51,0.9516278764280462,1.3489617815786465,wandering
2.070869819403696,4.561089383241766,6.793316423071274,101.077272388272,15.575156679154716,23.819612779865913,15,0.6133230995414389,0.324327433656672,distress
0.9391459517151151,0.05213730581217947,1.4359759524516307,68.34196213253423,2.201073539241496,0.24114359323063006,8,0.14508673795986934,0.0,normal
1.8732409149126454,3.8871518472300566,15.182290081667148,90.42598725932578,6.909182336186869,29.32229485027193,4,0.07226813358683583,0.0,fall
1.3954762346675764,1.4545934700515963,3.60759382258562,86.74124162128756,5.088361994935756,13.170633784000824,36,0.9175095710378166,1.0148564898398493,wandering
3.4420844794141496,2.8856524657812743,9.872973857600865,100.72670231192761,21.33428754095103,22.023693536366643,5,0.3243639119993856,0.034420107602732786,distress
1.0264366233727287,0.06271332836792425,1.3394482421455518,70.93028541049827,2.465342148340781,-1.8834784709887313,7,0.12204941902967036,0.0,normal
2.5440455801655415,5.758078282022686,24.916407181587036,89.41148547492152,10.084571026040049,28.546816169061294,0,0.016626935873715953,0.0,fall
1.5206943633164465,1.366628112778915,3.0234065802294583,94.87472122479957,3.2356336373015937,7.341871918818605,50,0.9422716356008125,1.011958485617989,wandering
3.2225773930909782,2.0332378268574955,7.352205483645012,116.50458964125664,18.37706662457403,34.00398888390141,9,0.4195329425889551,0.4783875270404194,distress
0.9539492796008352,0.19874833626652544,1.3399073298570099,75.28827339500468,2.1986584209835516,-0.3975471237095265,3,0.1613215222868177,0.0,normal
2.547454988098119,3.1535931654072265,21.744951231147148,85.37711361505204,8.491883878867938,25.122681628677938,1,0.037899293094165336,0.0,fall
1.4606837475479029,1.2117809719329413,3.204662002894146,94.35352759070977,5.745050853985084,5.111694760650899,49,0.94716427983823,1.4391769611752372,wandering
2.964465847066039,3.475609180151907,8.00854062426047,110.1591093524146,24.637400505020437,28.307117801971774,13,0.6975760459685082,0.05586543119304388,distress
1.0593634579469404,0.1939740850348925,1.4165159841804977,75.02160487937313,1.8341948710333067,-1.136573676367651,9,0.08923996686656172,0.0,normal
2.2927048640146066,3.1067399314884487,23.86528545360568,103.97363133592097,5.229180107310717,20.235450430627814,0,0.053670438525612665,0.0,fall
1.7203875048678787,1.025134880882348,3.7216218516616983,82.9042579363872,4.057570715371185,11.273261941502248,41,0.9777021208410539,1.1926514187041803,wandering
2.305449615233673,4.679172748434115,7.846761849220687,128.99560593589723,23.105595580620356,27.828571760373567,5,0.6094806806214144,0.12622747994809042,distress
0.9447132154895622,0.282944818756172,1.4354882163468439,68.02607359116514,2.702281631956138,0.6263574654785509,9,0.09565862109037862,0.0,normal
2.8051681409627087,5.761527623321724,24.117472048082462,95.82936182502294,8.960667398055527,26.970756992013722,3,0.09838870601613722,0.0,fall
1.6052788542413519,0.7519285209769742,2.3881194242048185,84.052875325575,4.336237267931562,14.189864780483074,54,0.9406069363462983,1.1071296715654182,wandering
2.3760273232660456,3.0771596285998575,8.76638840925971,119.62789535400155,16.33447270568958,29.871667787476866,17,0.5392956007243458,0.1728483164078642,distress
1.0108931932706098,0.17572541682617449,1.4376168531631932,69.7588923509241,2.7512429086927686,-1.2725216306627432,2,0.08188349692890494,0.0,normal
2.991975033501107,4.157034381655908,23.443323887578316,105.92847238532676,13.13109684148176,29.14368152977036,2,0.06221260877302024,0.0,fall
1.61333030348995,0.5407174855197638,2.698263647665545,90.08782932797197,3.344121497499293,6.533492878292644,47,0.9711870638574308,1.3214203341511905,wandering
2.8295414819718454,4.835345173550521,5.3553876106395695,124.74313576966424,14.773730320222604,23.077559803049404,19,0.5459386486208613,0.25544044978417774,distress
1.0042286987387852,0.2602258830743963,1.1403661812240182,70.3403646204317,1.765428298912397,0.6874132686825636,7,0.1002746062418515,0.0,normal
2.8896207868478427,3.077110925581666,18.27063337110504,86.35530354220377,8.323198051804358,27.345433836298955,1,0.06385050323537407,0.0,fall
1.9574781590120007,0.5240840783253768,3.902410111276729,81.13666547942576,4.118423828415185,14.817599914455853,54,0.8577736662927729,1.1775070970632564,wandering
3.9472364484748366,2.9483353016603915,9.640143159457557,115.9808079508655,17.175784512712955,31.817910392637668,12,0.577802863915553,0.3581399869653864,distress
0.9256944340890133,0.13461918031252518,1.4760599621590853,69.87134209243338,2.641297417932874,-1.2238370387188788,7,0.12953639966846062,0.0,normal
1.8592037002866182,3.66833625492583,19.79495582396148,90.3756205352197,14.610180791464261,21.35763565879618,3,0.05057383981256919,0.0,fall
1.2394083908030582,1.0527419150403432,2.0358577110453786,90.79441726750534,5.982110947608626,9.47199187311552,44,0.819971601055737,1.3943004076854089,wandering
3.911710652383344,3.2066386436885232,7.7722674674828784,127.54421034418569,24.919158549194353,38.61333725060294,6,0.5120296898305245,0.28995175448706895,distress
0.9814111578155333,0.24029391765144942,1.4751604855587224,69.58358205687455,2.8104192022724854,-1.8787108794566971,7,0.04145520846768789,0.0,normal
2.9336375079229358,3.681167954861066,17.119721572228663,101.93040199755076,13.465374748156957,28.895381028637935,0,0.07690356582396186,0.0,fall
1.8659667003888343,1.027096217630036,3.858641500197189,86.11176079556698,2.1239673798045025,9.700032266723582,54,0.8159956124092749,1.4964649373727341,wandering
2.038596203099538,3.900015469844407,8.891331108522046,110.56235039143553,12.364593794258745,26.911973026708036,11,0.43416395050763623,0.10719249496960459,distress
1.0660738173395217,0.23180756471422853,1.4679267535120537,70.69419649698533,2.352451941664788,0.0624473045828835,8,0.05884313102979699,0.0,normal
1.7855300418990467,4.837654254299628,22.364527933269713,98.39489052930188,11.389025363096605,34.02711342053937,4,0.07644141376954927,0.0,fall
1.4992368856058038,0.765633172723196,3.2515010421727952,93.50130511580973,2.24232114689325,14.037911275759324,32,0.9727850961013558,1.2601588916854214,wandering
2.497649422639011,2.438999035252305,6.826601748262837,108.12483503673181,17.259030376135485,39.02627445591524,19,0.6568980794136514,0.39478173849985987,distress
1.0097800234608436,0.12086511394848158,1.2467187349821276,68.3559684284765,2.1472225990248037,-0.366510801598511,5,0.18651302167433784,0.0,normal
1.7586823987133586,4.2135131178132,23.987682702764598,106.13076826305686,5.081493673006187,22.07863886893781,3,0.0699028601748248,0.0,fall
1.8264125009657057,1.2692051525818218,3.489140604855721,85.91648978385088,2.563982955088277,7.169465504102086,40,0.9450960780154751,1.4797762954268252,wandering
2.9117923845061213,3.4647827109618903,7.345046776256492,119.32805160124434,21.558131171006224,19.806651933774155,14,0.4658352859738577,0.46869352095786226,distress
1.0407951332807865,0.05061661306132527,1.296697435009924,70.89820340221485,1.638405356867474,1.1904336863773253,4,0.17715247232702452,0.0,normal
2.2824620830330296,4.161131840424519,24.170556992058366,95.23230876386121,13.024463865072205,24.28161826271807,0,0.09921020412854312,0.0,fall
1.511100425787538,1.0504305368786688,3.4168200700419638,83.84361534468948,4.631518801541098,5.934629509348421,44,0.974455661901821,1.1463372863280545,wandering
2.070812828514518,2.1990187923946944,9.70617087420275,115.43585850634166,11.272783417951665,15.197228339251431,14,0.6520730177305056,0.23429827464529634,distress
0.9818724719592807,0.1840720762283038,1.4064308948110504,67.80649612954939,1.2602829650832141,1.6123498364243702,6,0.023305772386332847,0.0,normal
2.976826602537936,5.7245639038933716,15.748969249632905,90.38024655845537,9.265493634528976,26.153008326171047,3,0.037382410222726224,0.0,fall
1.8031197740531864,1.2545239918223494,3.1112392197144967,86.27969814221105,3.2480517958762496,8.794721603863412,43,0.9051787289909116,1.3470964664400562,wandering
2.464992313390927,2.7583376719335897,6.7258637373800205,113.99446338735034,15.558627922690643,37.44688629257654,14,0.4827362308754709,0.3730783060949211,distress
1.069495808479362,0.24053497169017107,1.0851645150534717,75.98256470932328,1.2895308087831143,-1.4204962296888155,6,0.16800381266673628,0.0,normal
2.881858691468728,3.8537904528871567,15.439059425294971,100.96129474040362,11.306300078794603,27.941433042725304,3,0.01574669133208927,0.0,fall
1.726378948615434,0.9592530175486524,3.2182241363679482,86.58695584908558,4.18428144344375,5.318394245553607,52,0.9055202281692892,1.0609785999706787,wandering
2.7860970456062737,2.982118582507397,9.41206469949924,113.38776436417494,23.723747356464976,22.050586277576972,14,0.6495451180897117,0.2702100614129612,distress
0.9610700157551453,0.21276166319813622,1.492885173086065,73.65931385360172,1.18813151548216,-0.24818762446695297,1,0.15571779326384858,0.0,normal
2.061817143754026,5.253837387906071,24.157171730498447,101.98017746333815,11.293832034529373,32.679474604031235,0,0.01146458948137622,0.0,fall
1.4153650642208058,0.8478427287435636,3.307721006221222,80.08503801226789,4.385839926645189,11.351036552863693,52,0.800178832802179,1.2970424401545424,wandering
2.3135994504517154,2.7592953539131786,9.74800181791599,119.82935150569168,15.16084010420078,16.961959589088195,18,0.3160232168955368,0.19224902852475317,distress
1.088447632829987,0.12109593233399095,1.2678476946421942,70.24499835752587,1.8839263877659307,-1.059988676264357,6,0.1127858946104986,0.0,normal
2.7521612698100233,4.670910080154265,19.000277395780394,86.55033528931246,11.816903969178252,25.57869847290759,0,0.04622418776751728,0.0,fall
1.3831998871124354,0.8363454823661303,3.4061562971078407,86.02559087620016,2.788261746563864,11.699731744792304,53,0.8863310258597321,1.467514682001882,wandering
2.034053717946432,3.0416034906688347,9.365363389658263,119.3036801541102,24.561368657191977,20.493176927198782,19,0.4389212795633627,0.12859014493525156,distress
0.9474938568629492,0.2974359004148372,1.3737525997693631,73.6960742125067,2.355385160043972,-0.6603913656738185,7,0.042068941687885136,0.0,normal
2.305484200807329,4.146277012692906,21.475040240740277,106.39176532301667,9.431937249480967,29.09171186609204,4,0.017916694430256164,0.0,fall
1.6812259375334517,1.3036242797044015,3.973970647640913,91.50064835971017,5.726268273814967,7.819083948932352,39,0.8755322095770464,1.0591272700919445,wandering
3.676667125537806,2.067535070886838,6.044479564290553,118.74040225812209,24.578786155534427,33.011032402374376,18,0.4622014487427572,0.03788011611672365,distress
1.0791944635656747,0.06413662074488626,1.1530408341388663,72.92116657306812,1.9362517988588295,-0.3879022892052051,9,0.006315959433273611,0.0,normal
1.8803842195765883,3.919451574903465,19.604638973162142,106.2512226309398,9.112004526318557,32.553768516107624,3,0.07541764785910117,0.0,fall
1.7147383209934266,1.3152341091437956,2.9009454061922257,90.06960166747692,4.001716627785903,9.779098491247996,40,0.9700191300828953,1.1489051288682335,wandering
3.693996890895149,2.0472879707421976,6.370284267955043,110.34668822613216,12.968163081715762,17.090474754863305,6,0.3970431397581989,0.21985605039841172,distress
1.0866021415740117,0.1622832962408436,1.3886408813699767,67.77983338078573,2.2724347042990973,0.323298030927607,3,0.17418087861786968,0.0,normal
1.7828911475401892,4.73107391935457,17.895732716384526,103.82856184594567,11.678940803176115,26.738320991707695,1,0.018485146467005498,0.0,fall
1.2552384098127962,0.5829356637259048,3.5037792034492683,83.34533189430748,4.039754473440858,8.915314641912547,49,0.803907291012893,1.0974560475600197,wandering
3.9201279594099643,3.443527890985082,5.634552041403194,111.2468063662592,24.32456952895148,15.301730356392815,13,0.4664649626646927,0.22380486671993766,distress
1.0227495586540272,0.13234543833654816,1.0436953750120996,68.13389522641351,1.5824835143352716,-0.344217689100879,4,0.17737253398163852,0.0,normal
2.5911536862559554,4.852022612187225,20.295138123102962,109.2530462495164,5.770651208515451,32.85748712226637,0,0.0980576095480171,0.0,fall
1.9936707732147885,0.9338394199487834,2.643419949559614,89.5686558522193,5.517433495685864,13.761224738615716,49,0.8387106573092161,1.0718374518506577,wandering
2.1895084466684533,4.397389386473915,7.206628503949291,112.5262412507504,21.118097563330195,40.349108863229176,19,0.5036888841602267,0.4311300796846845,distress
0.9534036221111858,0.16565628633181612,1.367461892963408,70.1153546052548,1.7321419428539462,1.5071776542065836,7,0.017448513208374507,0.0,normal
2.1461860663878043,4.6919534184396525,17.2378638122702,106.41666271427333,14.875029813500955,27.429575184902042,3,0.06220128633666541,0.0,fall
1.907470358672372,1.1320300162672563,3.973138588070709,86.09739229879388,3.993132996987217,9.377945445597007,39,0.881651793611427,1.4171210259362117,wandering
2.954097320577507,4.805871744016865,9.808157505409044,125.81337301295993,23.606151880935716,35.26651974739819,10,0.35013256161422324,0.1638197930868101,distress
1.047716486295105,0.2548670349216283,1.2094191684342663,69.2737565250733,1.5914547036692168,-0.2552384331816717,3,0.08439693483921998,0.0,normal
2.6400973723719385,4.390959544695858,20.6007038066752,109.99009317116479,5.264903171535016,32.7606113505201,2,0.07943268813255812,0.0,fall
1.6561283005681187,1.4442958536826893,3.321021519139998,81.79775316960058,3.829620871133974,6.5363466431539425,44,0.8582356003319501,1.3254662299877489,wandering
2.6122012412091764,3.9528885356931394,8.194870112969372,110.68984072913337,13.564479289009302,21.904371973249553,8,0.660101189721101,0.4792310978639281,distress
0.9014018515252409,0.24612174399113185,1.1132412214708574,71.0044032718741,2.9147304485383474,-0.9644476669924948,6,0.1320328871497959,0.0,normal
1.9640415631537125,5.763815132823303,21.991007514828716,88.6201162768596,8.887009593408717,23.151579435249374,0,0.004720043925442386,0.0,fall
1.335359522163111,1.3173919890260337,3.805676302236944,86.01847681163494,4.8046927420521275,11.179927980518478,39,0.8235509949395103,1.3706734447209583,wandering
2.356830152116376,4.696805379077119,8.61955640223425,101.76934003726154,14.115627901939362,26.647320914442084,13,0.47777723889599133,0.22697710977881186,distress
1.0432860018927468,0.13392856331890185,1.478591667820873,76.11071641652705,1.9479252163301235,-1.1728201227885648,9,0.030157817941088717,0.0,normal
2.382649671900239,3.94856387419483,17.451742588850244,87.11523827180044,10.796669586189237,33.621821274395344,4,0.08448642079251381,0.0,fall
1.8282927290862094,0.9380860487094625,2.332587186067164,89.09585340418302,3.9550521913512915,9.637535293465556,39,0.9774037017651518,1.3404904031246754,wandering
3.1056427843620913,4.242602129758227,8.104659189069118,129.47611142497135,14.123565519995534,24.955904301462006,19,0.6004776579032527,0.4839057559401722,distress
0.9336898294660367,0.2837623355349618,1.1943969730038921,72.18841983053882,2.375809347973461,-1.2874934313396191,7,0.18983045984399824,0.0,normal
2.769495686765414,3.731834224479747,19.039315410181192,104.54191942224953,6.517747020077065,33.26662846417639,2,0.0829901196855422,0.0,fall
1.7737378750962747,0.567291018454887,2.152086372900949,93.50913530467034,2.7979827981460916,7.962077349432511,44,0.8377243389283106,1.4747397362164458,wandering
2.8019751450021557,2.893662690321178,9.089251955285832,106.64795684452129,20.12557636980363,43.00333456686422,9,0.3539450203416242,0.36500178654684123,distress
1.0303556561351725,0.22356742120003625,1.1305107700833208,72.60155618258231,1.979860536974549,1.7706209333279497,2,0.14448326831265976,0.0,normal
1.9253665899923311,5.89732513594782,21.603762815673914,102.58498583461252,7.758852197119196,21.644668506191685,2,0.01473292147591001,0.0,fall
1.8046269760231495,1.0767615085184532,3.1152383662327203,92.47502458189382,5.393116206083345,11.23093658094918,42,0.9267871441126273,1.3996561650979122,wandering
2.8741707593198065,2.2421753150168624,7.122086008413877,125.61620757260509,18.655589727182395,31.65985175847334,17,0.5372425207689906,0.23335340873455768,distress
1.0051008329507032,0.08716890634590475,1.360617433068887,76.69401717136793,2.2487354357726534,-1.8038085179301673,6,0.1676455153923021,0.0,normal
1.6955431207121334,4.188160723605878,16.695073185233596,100.73973947313353,13.273989255717712,32.17073745894652,4,0.08135282583669344,0.0,fall
1.932416805024059,1.21867600139077,2.0814913664512247,93.33151718716616,5.181654965129633,14.178240062643154,54,0.9236384975151912,1.0278547059578915,wandering
2.161819607515932,2.4686234619881025,6.302032745954884,112.31256268719159,15.335528083440686,19.749658944240853,9,0.43184238414343146,0.18944727462739913,distress
1.025655382848613,0.10579756185998522,1.2107541094274445,75.33348703692697,1.5212305730336457,-0.4905359214828735,8,0.1751927868089141,0.0,normal
2.2515824579403585,3.2319966919658034,22.268622569314154,90.63795650407188,6.873057223680147,31.611866856507532,2,0.08959463790754202,0.0,fall
1.6782757621004463,0.6140078981868752,3.451334422899487,93.7745127616149,2.3332243082950113,7.971570129271097,39,0.8766897534594773,1.3565603564683424,wandering
2.815044133479502,3.979014357973943,8.526186336537368,118.55957385700191,21.941245212370198,21.55238774340988,7,0.33755762193973177,0.11767943516418128,distress
0.998673697529654,0.2505903207985333,1.0798199169133658,68.65717055913646,2.854613239825132,-1.3822612473644313,7,0.0794255297555137,0.0,normal
2.5865758485277723,4.788904461644581,15.94983350144242,92.66885700015874,14.447217116807794,26.716408164357624,1,0.07885889556112413,0.0,fall
1.2636655956534573,1.294379676706094,3.5050677442455687,92.2753941531322,2.2908910283217674,7.98246579412163,54,0.8530092248058956,1.3282262125015085,wandering
2.978528169457849,2.0361810074805087,6.2490843060414045,115.27419238715288,13.897612202329057,33.71835833645797,15,0.4072857215057164,0.16385262745732893,distress
0.912575287154067,0.2848403282456415,1.2731657048849658,67.380796517812,2.7754317514529383,1.2906635264570707,9,0.18609999592939758,0.0,normal
1.5938786977301669,3.0888548462767385,18.17298747614732,88.52354303812756,10.342531689713152,23.395611224058573,0,0.061284523980988194,0.0,fall
1.5965453927215907,0.8581127335178997,2.6316286466249075,86.54545615026585,5.976468648912772,12.54834943895698,39,0.8262640840869534,1.0763114650618315,wandering
3.254231366131953,4.367251269787469,8.45201890830084,129.8935915351783,15.18755611285386,27.421318847226456,16,0.48777094149825234,0.14954301720063679,distress
1.0613833717625498,0.2662529937041017,1.4766416888690836,71.2182486121603,1.9418468402846791,-1.7414040159330377,7,0.14505854792738726,0.0,normal
2.5652510725150623,5.27612605606558,19.768506201343374,98.7017933054044,7.0460545246988415,22.949089868660412,3,0.02083979619336175,0.0,fall
1.2321659868410249,0.7351043599870908,2.5093323729381334,81.64397700342288,2.334578704643417,14.78340022017488,40,0.9158646409946888,1.1955383700705418,wandering
3.3191937014668733,4.172757680913401,8.321697073793164,104.10970579172026,20.441704995352982,27.323412228111636,18,0.4197505677604697,0.016546360304153795,distress
0.9406312070542716,0.25391596108676484,1.401451827489524,73.35529902405372,1.7545463682966644,-0.1379943495489644,2,0.03534075918379329,0.0,normal
1.534717228831589,4.369591568927467,22.43146018789451,89.24749370791464,13.688230894314811,30.58123453248996,4,0.08839025698631969,0.0,fall
1.4871389304022564,0.7477993203286452,2.5258573205798136,93.67522244010068,2.755746623212527,8.689582649462823,58,0.9526005254623323,1.0114137683960265,wandering
2.088744494122664,4.994863546155299,8.843801166239274,108.70339339366231,20.7839426823405,15.780468430657214,19,0.5019655523815257,0.15544084811024783,distress
1.0280044506807073,0.2393315436860649,1.0797168775320327,69.8980098782877,2.4347758246662563,-0.5714197470787337,9,0.03720447408769916,0.0,normal
1.9547149479298154,5.933735589228375,23.597790555461014,101.5079767340298,10.585685253428768,22.571551400286065,3,0.050785996100480305,0.0,fall
1.5733519769360287,0.6362885554816899,3.8673851486307385,84.35944055645777,3.343647319962881,12.051650288325622,49,0.9605829931859777,1.2430962634948153,wandering
3.7632876145188376,2.9993342128626685,9.745745720485496,105.61169233951162,24.139222363869024,17.8509919382349,11,0.47132038539447585,0.0751280196611932,distress
1.0668716819013642,0.14257695644627844,1.3298481232673618,76.5980014927271,2.4906346341687744,0.6271434636863127,9,0.10533409074345186,0.0,normal
2.958734601377431,4.698741730013265,22.97708609195392,101.37509815022938,10.209190637435146,25.019254038161403,2,0.043663119731045155,0.0,fall
1.7200207883466674,0.5478758841751992,3.6996913066711143,90.00610444829188,4.674847832240971,8.21611348389856,31,0.9058666541940656,1.354257163563361,wandering
2.0985105242748077,2.5794737078142926,7.139692045534756,129.4706168713738,21.305411396451692,30.03657930495463,8,0.360727934830241,0.16997702461203645,distress
1.07546081429548,0.1535832964487242,1.1265140803803237,68.73138501408928,1.973955522283925,-1.7869775433163473,8,0.181328711246566,0.0,normal
2.487265143947295,3.2330696732781252,23.264476125558257,95.62378347784858,7.666943544784207,22.204168806540096,4,0.0876906607556534,0.0,fall
1.9931429120408708,0.581584646555385,2.7568679353027843,88.92226897614701,4.1879270818791134,7.103213321006403,40,0.8578485458094955,1.327038383099968,wandering
3.6351725090875506,2.173576104590779,5.824255835993038,120.82425882471524,22.647013188550297,19.676546398688053,11,0.41051640513252674,0.1985726491848378,distress
1.0457173109918392,0.2799484694571233,1.267670113870429,72.92951005849649,2.6921436507295238,-1.397286656513928,1,0.1524852209184609,0.0,normal
1.9143482786534358,5.57475577258707,15.651726522325404,102.35016472413427,9.55848241032212,29.15983924134755,2,0.07646851278807044,0.0,fall
1.583697042614536,0.8470273238112211,3.8009286107796516,80.72934815841009,3.416531711431711,13.569578154920366,56,0.9498439602835317,1.1084587103507038,wandering
3.794687394495491,2.9491517832244503,7.574824267713085,127.26219695664426,16.008169498442932,44.961797218281255,5,0.5325906782907476,0.4278814295843236,distress
0.9617908417397357,0.2256176153819589,1.3268946500894154,71.84082171588595,2.5497166127791733,-1.4237349669105694,5,0.026773158829863287,0.0,normal
2.863794370304777,4.806813632361123,23.602973721729764,105.18822916668364,8.632857604404673,24.545674289103836,0,0.07927000940196938,0.0,fall
1.252154709597385,0.7807646708769181,3.8492403425083515,85.4752831610168,2.4248752590095823,12.828181831914824,40,0.9517154128002946,1.4522668250683741,wandering
3.0628315445291436,2.9053378298830626,7.597637661707976,124.26454726780527,19.168670045422342,15.981468903697955,12,0.5852031314198374,0.18514660891540824,distress
1.0816946427126077,0.2933853432726928,1.0010640766816947,71.56513495468838,2.261579669480984,-1.0691768187722075,7,0.18394859256685103,0.0,normal
2.0937700367314047,5.998669854794242,22.69848291886455,109.93618397450895,9.699185469152491,32.22341713302705,4,0.016310596440622705,0.0,fall
1.8098867922178088,1.2597316946610895,2.2267461658803196,82.86872729560721,3.150353113027143,9.460320265009868,30,0.8169328883606273,1.1848944682351994,wandering
2.6979623460863627,2.7837550395376196,9.984095507607986,110.62885916155867,19.546898387893748,16.650691208422234,17,0.4071940464235142,0.07619050760914248,distress
1.0664511261929297,0.18471799873236422,1.0806207510778167,73.81138274693849,1.0437833210996483,0.3776970346824049,9,0.19689474253717534,0.0,normal
2.4731500078824453,4.294383604829257,24.280127585909305,92.06549744929863,14.88192355047208,22.389260581613996,2,0.061801441069373124,0.0,fall
1.5564155182567578,1.2726113137936728,2.7846402329095863,88.90359932970176,3.0977950663495206,9.837833502389728,37,0.9184181688542857,1.074886900866719,wandering
2.25717210211614,4.643361658710544,9.724712444864107,112.48153383416724,24.559286806061174,43.68224253742815,7,0.6695654632185131,0.4277599483630908,distress
1.0094566371398188,0.21150679345138262,1.1487826998436543,69.06796109905387,2.8235766609241786,0.857965904027179,3,0.043594975316082675,0.0,normal
2.2816171034109005,5.452435616093457,20.82310792916333,105.25184810896438,14.91762727332494,26.381925815662456,0,0.09120632990692058,0.0,fall
1.7761148344697333,1.3495138578806856,2.2175689782668195,86.60253038975965,2.491724539045443,7.473041855655133,43,0.8278840855039213,1.227542652836985,wandering
3.147455625678119,2.8846546230033425,5.820012491741448,103.41521639612071,16.892623008630657,44.928094570766824,17,0.4207980627689233,0.17587183181254723,distress
1.0348391381692712,0.28847903574159983,1.4452224518554666,67.86710220353223,1.2111930605789933,-1.6332284364573444,9,0.1669748656650767,0.0,normal
1.6456711006883482,3.243051879305619,15.978807742800129,98.89904674418416,9.54415955183832,28.752815697096885,3,0.034046002299987846,0.0,fall
1.770451329127456,1.0860893117752395,2.519034537122643,92.28621316152277,2.9655152102418696,12.46148873661658,32,0.9936484552191556,1.1697816118640794,wandering
2.7556635694995673,2.8760186846313225,5.708010762121344,106.28027476592993,21.285455172199036,38.2315684691527,19,0.3215502161603005,0.37785196258010967,distress
1.0536724951082872,0.28802845608707245,1.3768709757531488,73.02898417482751,2.8073802834698274,-0.21968776275688962,3,0.021792927266868857,0.0,normal
2.8304417806073525,4.5322975403124435,15.620601416244773,95.56136171791465,6.805455726112124,32.58503158642313,4,0.07454958743582044,0.0,fall
1.8715999468717914,0.6275395429929714,2.4226024545146103,91.1219599113319,4.26638912681449,8.083040783292855,53,0.9944133372001225,1.4851134213332844,wandering
3.7195532258825517,4.644948112576163,5.176970399521721,107.26212001926291,12.289264261138959,39.16682523306657,10,0.6380775206209961,0.4469832086892271,distress
1.048407646797603,0.11643922500190988,1.2450861557789936,76.16443940132169,2.5721081345847123,0.19797435926465257,7,0.1725709979682396,0.0,normal
2.1312740820452167,4.697165335785027,22.976219208672184,88.77745092456436,6.51084416969372,20.5135250944562,0,0.08203691598371537,0.0,fall
1.2398085780651018,0.7205058441092649,3.4203499089664406,90.89830853729461,5.586747442937521,8.397810413006656,50,0.9255287929054808,1.303397314217809,wandering
3.837222601943138,4.496154430224026,7.193443550184806,120.71761172418994,11.619736385401428,28.208606854382865,14,0.5494422213534091,0.3390652960349588,distress
0.9681255419981049,0.15620361630266338,1.1934753415166042,67.39183315648327,2.004538607002849,0.21494002845966786,0,0.16700764419717823,0.0,normal
2.3240500793470567,3.4323051332739767,18.253831839473484,102.53997715012537,7.884017308700538,34.97727467983795,3,0.003146732722572021,0.0,fall
1.49833832458453,0.9661691790443041,3.353298320063221,84.79989613978262,5.6512106833921205,5.365830916048191,45,0.9264489896646172,1.4545304117070477,wandering
3.200460920959099,2.129472156552486,6.112259090092122,119.29863792714991,19.428611979969936,37.74226966776399,11,0.639722725727749,0.3247003282390613,distress
1.0323520879582475,0.20572578147560183,1.0526846346887444,69.50733928447222,1.7023515077564886,0.39101483323624775,0,0.12642263204453305,0.0,normal
2.1433208428124066,4.462361816762337,20.918707303951287,106.56427768513889,10.056197449887716,20.123681914841903,1,0.042160171663772374,0.0,fall
1.9333798397419502,1.3731021641679166,2.9451781449764285,88.08965963441338,3.577727805287684,13.171330953038785,59,0.8870213515521465,1.3334618527020106,wandering
3.4654902251701762,3.361517584201164,5.069241745783939,101.19574296968237,17.133941599919797,20.509181122916925,15,0.4323089684709458,0.3601280121262339,distress
1.0847461285570978,0.2719017153960558,1.4097951338720325,68.57395062580993,2.0740601154870104,-1.6888271994638133,3,0.1045425047193088,0.0,normal
2.812113516165428,3.238318927124123,18.689238073333033,92.29232644179721,6.423548220149157,23.767094458564067,3,0.07481455772988348,0.0,fall
1.2288649454124365,1.1220630756531333,3.0685673895925967,84.13083822736407,3.932785967589531,9.588134328804582,39,0.9035173872708666,1.374008780193451,wandering
2.197464452128547,3.98344585270977,6.592814984503598,129.08032080587392,16.29326052179848,25.944701489536307,6,0.5632599821622855,0.37971410163818775,distress
0.9410345029104837,0.0920480751698007,1.3926373874867526,69.4353555365933,2.340485366915366,-1.7122866803126322,0,0.08721297635710251,0.0,normal
2.519702940390921,4.844190440187788,23.90436726385729,101.30956805751497,7.773163272382945,25.69161012857639,3,0.0279269275543663,0.0,fall
1.6979288332676643,1.1757654810105498,3.830888154646664,91.1607589343717,4.020861798036931,11.559864921222037,44,0.8040085812962255,1.0852855006863296,wandering
3.6990252635578864,4.181444868291548,6.377869924290071,129.64636339287856,11.933000941623522,15.993957858543142,7,0.31654705076078893,0.002386106733372473,distress
0.905696677418864,0.10554918533721837,1.4238480314793605,71.53812284504315,1.3135722946118846,0.6517800512095064,8,0.14953454820171702,0.0,normal
2.9632206112040533,5.954736548845251,20.205156920614677,103.57858323059135,12.505584754473336,30.947613072130054,1,0.05507395417230559,0.0,fall
1.253271370187895,1.280407793435247,2.649098797420267,88.0314840165908,5.924487225563619,9.043860606509636,44,0.9609226161377256,1.0647207578343068,wandering
2.7095493743339474,3.490776187578362,5.955189510715202,101.98537448549887,10.42317786687857,42.0794533255,19,0.39397530463492947,0.08334680064913613,distress
0.9072165143875675,0.22648766772655898,1.0384507574614315,69.16827957794382,1.6241054330109506,-0.8565617220132977,5,0.08665057639571327,0.0,normal
2.3455674618805835,3.199674773499272,15.100660782600258,97.01899159519694,10.293041569618763,26.18293928084,1,0.08675984407303916,0.0,fall
1.2293958712640183,1.0779240619069799,3.0001734908349285,85.23410289109303,3.9938742335956254,11.522420414445733,50,0.8282777867989481,1.183359837967013,wandering
3.669002213649693,4.688607500554184,7.691689492672917,112.62639988139912,24.65685429125447,22.79684065576963,11,0.5954593693234186,0.24506633336462164,distress
1.0554314949839507,0.15859781582007743,1.2493513827416995,75.28212151203326,2.902550859988426,-1.6969567049978762,1,0.11866643863577638,0.0,normal
2.328263596618732,4.126225122145428,15.029504182226436,88.68805363929158,14.826734985430859,32.36428686288701,3,0.06861045282437504,0.0,fall
1.7228489157788798,1.4526466254102224,3.613658616779831,84.94550462170238,2.148060188363638,13.816810104098376,36,0.992645750206869,1.1723717780179475,wandering
3.7468081354218583,2.2738879882578074,7.3540759170637955,101.52440246761653,18.260342814504426,38.391584063252935,9,0.659098237141466,0.42539360850891234,distress
1.014237320214223,0.08535526356532115,1.4704476484769047,76.10536313993997,2.2254605630248245,0.060423994385853774,1,0.1592542259780729,0.0,normal
2.0005448705487026,3.926041839064305,17.22400377137375,103.4230410961748,6.14356787422312,24.193361118444543,4,0.021390816602345132,0.0,fall
1.5543456936207694,1.1511696962079485,3.717028847289314,80.9523662900612,4.952801246140853,6.815785770561089,58,0.89982604350702,1.3133431027099496,wandering
3.828638110210543,2.344183516428685,7.5094734043353775,109.81078557614457,17.092210480365512,23.491376110329753,17,0.4570564352813848,0.4712798845276531,distress
0.9398826454661917,0.2723208213268765,1.2014973315567978,72.09445256640015,2.6505557326728573,0.07058059218806179,0,0.19908611188272665,0.0,normal
1.608262765406839,5.486622766800613,19.736352395514004,88.60164983037883,6.5699929399297465,32.90491861697994,1,0.03752534080916736,0.0,fall
1.6122408517311397,1.4783174417545373,2.4909900743873736,90.01383877841428,4.004708796723801,7.109183230474853,56,0.8192940457239997,1.3622437598948345,wandering
2.504597461889853,3.3043678420269056,9.737705525483305,107.91622065214315,10.325099328091795,27.17954437673894,18,0.35188132477039735,0.3515153204702906,distress
1.0016942609941095,0.062172709134567614,1.334668081273167,67.76188048377175,2.253671743924521,0.3153922102153306,4,0.07169553518203518,0.0,normal
2.9691451853281126,5.505306447601677,24.83255215239654,87.39721155027692,11.447308604516504,34.73667146299424,3,0.041844464528322904,0.0,fall
1.7990379758218804,0.7034639450259478,2.806328265624451,86.41037425782852,4.270445215465925,6.888774652111808,50,0.9800961631904086,1.3337631407804726,wandering
2.8022844247838883,3.033971211953059,7.9527992044537275,123.31248483322324,22.291428355288673,43.52682135932095,13,0.5816011004846027,0.1035470391141341,distress
0.9168836341915831,0.13602877127015833,1.4186069768845075,69.06460787097012,1.2152217312373719,0.45294862164087357,0,0.0035266529467148366,0.0,normal
2.7408956481304116,4.2851905516427635,17.625649282182195,101.87043524168189,7.026925509806818,23.905048588142755,4,0.011803805240210975,0.0,fall
1.7269564706972382,1.2682933902241822,3.240667413657352,87.92438982286359,4.753763742051113,8.223157516009735,58,0.9026207751578129,1.042222954901476,wandering
2.662700214549532,2.8553984376611385,8.847868849446904,115.97195006722268,12.978632335034053,37.33861978057456,13,0.4052396181657463,0.2569871058150455,distress
1.0717245270842517,0.0702654295701189,1.4493549884436139,73.18324189051216,2.2786427049384548,0.09718023089869199,7,0.09186342833560282,0.0,normal
2.5078033635220556,4.638606250101074,17.135067186028987,104.37153278600704,10.03587682609076,31.369292497956064,3,0.039368175012597074,0.0,fall
1.6784351519095029,1.4446543820196114,3.7639273607012216,83.42370140494158,4.291862355334979,14.266746387902769,53,0.8815470079695779,1.3803830229070733,wandering
3.296216201003658,2.3963931423659477,5.313481521060589,122.15876208937848,19.101269178241537,39.78148090411749,9,0.3136628066680826,0.08123568762129407,distress
0.9468757712546744,0.1885831749891943,1.265722899547992,71.27639453519953,2.154995084237992,-1.1929540835279218,5,0.19145521538140847,0.0,normal
1.7872752595390633,3.7856558588466642,17.831709568736823,100.85079047765342,14.03997010771843,27.71063478263055,1,0.05309176862891013,0.0,fall
1.6995126136350895,0.8929307164005116,2.9373126144707133,86.2648999871516,3.5518103284655123,9.195802465819426,44,0.8836908126238318,1.4524832793447287,wandering
3.2226415863883893,3.1180147577028796,7.495302681690744,113.1094825207396,17.891231435379044,17.33235807534383,8,0.5313466683396291,0.3234909761600308,distress
1.0693569008698915,0.2818394922144707,1.0142669065322554,68.41971241735747,2.070016509676325,0.2832180134704392,0,0.14818890155168143,0.0,normal
2.0257319578915753,5.4290215035002145,18.453460550077978,92.49592086590997,14.641392024124078,29.33447681799087,4,0.007247928155982453,0.0,fall
1.5911078804844836,1.338197644521674,3.8422242584476654,84.45330546382633,4.21628699526579,10.112568834080664,46,0.9129254194237185,1.1195041001765813,wandering
3.412924526164473,2.8869440080943654,9.00515510263824,102.57216832541728,20.241817785233927,43.69596155257146,6,0.47336090430147826,0.16778832285130818,distress
1.0999953117793568,0.25018414115387694,1.3804534280604834,73.3948840342102,2.615347956763678,-1.4713798873954165,0,0.08582426627252573,0.0,normal
2.0223908590734982,5.353796246984315,22.04976613266165,93.85167779862245,13.29384149294848,31.356384252848052,1,0.09251963595614748,0.0,fall
1.5958188883806854,0.772589025214788,2.415132948476778,93.36440118671023,5.7608164022598425,10.0559245751501,52,0.8174233796841023,1.365588656980354,wandering
2.532908276344628,4.84186688830301,6.463901065996485,105.46231941132578,22.321154589565815,27.33993106310139,8,0.5302767468153825,0.09696368229073266,distress
1.0936102707186732,0.08842204032285929,1.2579430297557233,68.12207474480124,2.876555273761129,-1.684803462089044,8,0.18972665846977066,0.0,normal
2.2679132772901114,3.1934048458992463,21.26327133675479,104.66568932859136,8.736394022118743,25.31819216274681,4,0.09797074904184343,0.0,fall
1.557289947249599,1.2732735443378824,2.224959392820141,90.43013504728341,4.169442666229415,13.232920121239918,54,0.8997074228273181,1.3138024890602493,wandering
3.8332975324542202,3.7383038856578925,9.214796746083934,119.7650676550722,17.568903610248594,31.475298923675037,6,0.6833015240748299,0.07253061925184456,distress
0.92481265544493,0.05155286447203532,1.4578747484641537,73.5655938089531,1.210895871414502,1.5976493905292117,7,0.01773478513189557,0.0,normal
2.048131721984611,5.306972519568307,21.019690247323233,89.30889578422479,12.776892808940246,27.382631479906173,1,0.08739687929396968,0.0,fall
1.3135967697904545,1.071108786615841,3.5834639123513643,80.25718263561852,5.131990761168968,13.158439623418921,34,0.966839975908066,1.252440296328533,wandering
3.4070491547116006,3.1399786581319815,7.271225857154949,117.38837699349672,24.076343920653272,28.413499200815785,5,0.3572898005522549,0.4285717892289121,distress
1.0535358831506996,0.07071311344639088,1.2200716586478952,69.1387438233395,1.998508417897601,-1.2673005020775094,8,0.043072819999985225,0.0,normal
2.4015431312412705,5.931962422420976,15.119422856386965,107.80073716582915,6.125232879969048,20.04179746485141,2,0.026681372227947364,0.0,fall
1.3751532972029359,0.8994168066275561,3.191941807831595,85.30971450199664,5.826355226752559,7.348725140085676,56,0.9254830233523104,1.1808190425834346,wandering
3.2107826843909693,3.9608715059803536,6.078813425851901,109.08383874919268,19.130184118720017,32.41238866448461,17,0.670089615782093,0.4075337267209196,distress
0.9335755996077185,0.10075505324549565,1.1517767801748795,75.90597032876194,2.2448352635988797,-1.408683386432663,5,0.010314951430933772,0.0,normal
2.727035796658107,4.773411683970229,18.6914308487771,106.13472385165288,11.764216260106434,33.702618548694176,0,0.09490212146476584,0.0,fall
1.4842776156231121,0.7734944738776668,2.6391182858385878,93.49821072606464,5.831724249668099,6.642611153920296,53,0.8950054482456931,1.2674652689502548,wandering
3.6297998789303687,3.6557631840328924,9.81296100209008,113.16056167234251,15.443023507862794,25.59225366653563,15,0.47333833797924885,0.26496089966844105,distress
0.9062126348739103,0.05815408559589523,1.4844215777064114,69.8705768684699,1.2053040071321057,-1.4597942101910166,8,0.16695505932268362,0.0,normal
2.9015620697941173,4.961775266203994,21.087733731810992,109.8173404310453,10.07106069283259,34.57254185861116,0,0.07140809902263552,0.0,fall
1.2510007179527844,1.4158785493169832,2.150892513279356,86.13769345548361,5.888184390730029,5.027944836788214,33,0.9780534438936347,1.14343782477821,wandering
3.0281801896451332,3.0974435656626036,8.939546902324471,127.47974600841307,18.869244550165245,29.870244454650248,13,0.3301594318207595,0.3750133700152962,distress
0.9427738682977165,0.19529825237474935,1.3864729676925227,71.1817400082795,1.793152631795028,-0.12647042439972012,4,0.08165428168882878,0.0,normal
2.868400797534633,4.555191338999714,15.481370454182068,108.97668755060198,13.347507440976354,32.82066229444837,4,0.04108532206696125,0.0,fall
1.6202678614770178,0.7331010008827444,3.028984291871054,87.84054041788124,2.5644042521997714,6.247007270733893,52,0.930580249820986,1.1964920085915738,wandering
2.209149446195351,2.7775075269769065,9.588630172243295,103.22511246376486,12.59494820334303,16.197846710877947,9,0.5764787384357224,0.24451167107222854,distress
1.009581072689095,0.07215311479716723,1.1616423178233215,75.8722718552983,1.2404319829368216,1.1743316698708806,2,0.07403172947790991,0.0,normal
1.734294325589605,5.000754100423861,23.195558430723445,95.63507976768449,12.136109446288843,34.322559888766676,4,0.06102349060991761,0.0,fall
1.9173596728188036,0.9811345997100295,2.748705486508834,92.9335204362526,3.7978198734123443,7.606947384209856,45,0.9768137529173874,1.2209262648064023,wandering
2.717071371522945,4.118277087027403,5.682139800284361,124.21061872495851,19.64366890110457,25.02315532135153,17,0.3693493209656151,0.26451193087013086,distress
0.9770938596773027,0.2924792313920516,1.3479336410003833,73.36313435790758,2.672891396380783,-0.8444264573309401,4,0.09377066334115908,0.0,normal
1.8089278353544538,5.948075497358295,19.60972571018648,109.12931801183842,6.753088859496549,29.152569435978624,1,0.061418678928404614,0.0,fall
1.4014879276156076,1.133091267540379,3.0463246578020877,82.7362992891589,4.743310586378943,14.687724179941275,56,0.899725386253922,1.4404531955350934,wandering
2.8517868880757584,3.7849420615585996,5.272180863699022,105.79946675608831,12.580296078251624,44.71642395587388,16,0.6178733192793079,0.3286438019882022,distress
0.9246702961768152,0.2806426304398026,1.4297496080937873,71.95951762739323,1.3619878970647439,-1.372421657587521,5,0.028309804485225534,0.0,normal
2.168035652220496,5.167592916579748,20.429904591501536,90.85158357809621,7.977738444979733,21.699151666537126,0,0.09400286399287494,0.0,fall
1.8391026148245402,1.344857850366671,2.8793309521954202,87.10075711279197,4.632801031823627,12.63964005439247,56,0.9720000168856237,1.4468196931044457,wandering
3.4549161243538156,4.054982205526838,5.024383812930356,115.24394030092748,23.540250655644794,24.757177439905874,14,0.41049622305627825,0.19264862668408772,distress
1.0292258242133274,0.07919099277650714,1.3241759418526442,74.35940520532904,1.1490160839965617,1.8653148091516694,5,0.05381635436463792,0.0,normal
2.053674050734999,3.8958268010180053,24.938614484144807,91.22854928565641,6.911093722549496,20.371885960443286,3,0.06133116283405141,0.0,fall
1.6098690534243185,0.8837735509270507,3.288834236475221,90.35864209267271,3.5626299235843484,13.84995216792156,43,0.9123191471958432,1.3275892657879331,wandering
3.3040496251204132,3.739747582411205,5.387177657287856,105.56115852185995,19.757617839385773,30.48204470067258,6,0.46614536403719864,0.027604605880372945,distress
0.9671897397056405,0.2197262400996327,1.2571739877366404,71.51792091390926,2.6615742224542096,0.14609354966716825,0,0.1401169824806404,0.0,normal
2.7571044842085892,4.409237547296438,21.1515222846064,85.01180019891507,9.577397647257147,27.09702726580057,2,0.03840159600623153,0.0,fall
1.9461370281682864,0.7754887426519134,3.7292214837784914,86.65487397680137,5.184563277985692,12.509111887147148,50,0.9901765672974778,1.3983180788293141,wandering
3.3765672704667313,3.615396340688447,9.35349909905643,120.9537242650082,21.12507082958853,18.965409542407077,17,0.39636514276329976,0.4044536431010706,distress
0.9528114131694186,0.053349615769782935,1.2187881513788055,75.17939242675898,1.348283945209282,-0.7055569378098379,9,0.1556434690096978,0.0,normal
2.517929407777328,4.478277719008957,23.43653072636378,85.11724898462515,11.831977193149232,28.686518156898245,3,0.022884077213555454,0.0,fall
1.5181507512693637,0.9903910489213053,3.045351697759525,86.75520931051437,5.132076446689904,5.9196994267854075,42,0.8790809189636329,1.3050904478406482,wandering
2.6795165478621605,4.938022662301833,5.372725724577333,107.89716742945829,20.928757085724612,36.15050128900804,12,0.6660249962805513,0.15170556177364874,distress
0.9696944345754555,0.2298900430920378,1.3092549835503478,71.6080023124946,1.4879351716294673,0.011846132041468671,1,0.042383656950143817,0.0,normal
2.9603257023660996,4.830301324857685,17.684650501164157,102.24948285332201,6.371822708578209,31.411543931973345,3,0.05527971273416874,0.0,fall
1.8691929355862664,1.0200451476224064,2.8302799197678983,94.12073501787438,2.775225086975576,10.62303705293592,46,0.9955842475085703,1.1269725962002561,wandering
2.6093649642672263,4.772018258622425,5.904837931136113,126.9415781398499,16.30378361644506,33.868732113718295,16,0.6855025219552,0.21215222725930794,distress
0.9991292330671219,0.28781861407889725,1.0606253886405463,75.86049362237733,1.4053683252083058,0.1568189065430552,3,0.03201102201908255,0.0,normal
2.427930971689504,5.500395660463633,15.311216588872497,100.01919995422428,10.353870852046112,24.952379990595205,3,0.0887918436863737,0.0,fall
1.355895193335495,1.4165957676629053,3.4222512813153836,91.01426085301102,4.8595359098381135,11.722842459085289,31,0.9467912364194758,1.4463007085523223,wandering
2.0030753438964926,2.9183908521548405,6.202044306359094,120.94068012533216,10.677877032029214,42.48432167792383,10,0.35128999436952735,0.4772070262310558,distress
0.9771534997268978,0.1361925569973509,1.46616393728628,75.78738464709106,1.4852674692996801,-0.8180060251791028,9,0.08978318602838636,0.0,normal
2.0093929547023417,3.247587230010128,21.01513439878853,109.81079806250415,13.229343774322915,27.69425020040586,1,0.021296253284591407,0.0,fall
1.3459587520120002,1.1632176777953445,2.13515913759288,94.65368627174293,2.9112098789805083,12.407362487754352,34,0.9309728529783989,1.4040598354796403,wandering
2.6932576262101895,3.516783169613632,5.382330724035416,117.36194801055238,22.57987845168553,22.679689365921384,6,0.5679479102360415,0.01108196248207044,distress
0.9232207890738949,0.21308176886507513,1.313317448579239,68.366528744009,2.9831427368252736,0.4224382263667015,1,0.13234127204225304,0.0,normal
2.4582226254278865,3.349870804243068,22.251193852407457,104.17527665969526,7.984162294291101,26.007168472175128,0,0.03303819816594147,0.0,fall
1.8365673111325491,0.8706205786038623,2.573052932999328,94.38172223723272,3.267677897802735,8.231034458994174,33,0.8313375182114369,1.2865589955813401,wandering
2.1075983924203854,2.892222995981746,7.407593606089143,114.16594123982081,20.255090006713786,32.74286375074983,10,0.4312014155319921,0.1778269228433802,distress
0.9705480429003109,0.11940565387920112,1.271687850672981,68.62574490003341,1.6787156391320794,-1.725789023141581,0,0.1680300562277583,0.0,normal
2.1781444024278627,3.3639174275616157,18.277412367227363,91.1634673817309,6.052133946452567,24.13326356610065,4,0.09158784415003397,0.0,fall
1.9853383623429999,1.068148620197932,3.4525896758282704,88.0194738471625,4.768445545704548,8.77726084453777,38,0.8218106306004607,1.2856533336022484,wandering
2.519262374643969,2.417643168938941,5.914219926751184,122.01703625970231,15.511657610501727,32.41018051674064,17,0.3787653069124271,0.13920490849589856,distress
0.9970641565294828,0.09835820527267537,1.3414115034582297,73.41907794270709,1.4172268056700585,-0.8607456061033658,8,0.02334077100765706,0.0,normal
2.343918064692925,4.197015914570901,16.866507287770425,101.51317930816664,12.035687975391332,20.886323231526912,3,0.07095254090972333,0.0,fall
1.5310691111001917,0.7833477578351875,3.786388588736071,93.34548779098571,5.699217515027397,9.353305381218295,52,0.8700511243307636,1.0201318987504693,wandering
3.4733311194951018,2.2617100133199313,6.002911714057213,120.51204349536188,16.63376279428956,30.326351717014777,13,0.5127869123830991,0.16995884615817963,distress
1.070527958751165,0.19703621632830087,1.3749538398447223,71.88235867866128,1.7670594811128277,0.390072319153151,4,0.1318416872167207,0.0,normal
2.1616849835105842,4.622057311657378,18.783571748509182,108.60355291963664,12.79281681087575,28.131802781085543,3,0.09256212465811144,0.0,fall
1.3740179707033358,1.022645056716742,2.762458075906816,94.87552159771502,5.702660462745657,9.906460845594832,38,0.9403930422754483,1.4820461519149957,wandering
3.2256432771091292,3.1184818539274253,5.748763467711135,120.57947007838952,13.58261432873519,43.691838340284185,19,0.4230589804623986,0.2615128021427075,distress
0.9721163969145356,0.20422002180497995,1.0554442168751006,73.19098672853097,2.112266694383647,1.0736994326761584,3,0.19337654874274482,0.0,normal
1.792064806201662,3.3572937594530963,23.51652348546378,85.3051313266544,13.164479886920995,34.79659113959877,2,0.014439396016673224,0.0,fall
1.8846750788498623,0.5290861971732158,3.632404329253034,94.07039172486378,5.657624594945018,7.475666982378003,41,0.8941519501956202,1.3001340819506781,wandering
3.666004698753916,4.832272837505201,7.572364920378725,109.31385843515068,18.918033179867052,36.95804171737865,5,0.4154187399929261,0.4311258918671281,distress
1.0568791895987097,0.2822357440398185,1.0885186916640641,68.96156237200535,1.0746818550989237,0.7896033475278421,9,0.03018484109970574,0.0,normal
2.8333493527015303,4.26301881422475,23.261698994896285,97.8798883881351,11.828612502438101,21.373790735158156,1,0.008848537088756426,0.0,fall
1.6428167380092191,0.9230978284512779,3.8969081286116056,92.627915406242,4.071829931034751,5.366869360227126,33,0.8558931004854429,1.345457424675096,wandering
2.2859531725228917,3.652041196819978,8.10146597421571,119.04057661897407,11.597226020286326,26.865064201370792,8,0.5902795238530941,0.1954764449581362,distress
0.9459369355601379,0.12755227360421673,1.1760856705998357,75.37848543769621,2.0488680774371195,1.2186773058846576,6,0.1924116122000971,0.0,normal
2.8381736724667235,4.091632089456458,20.105832169718724,86.90796985264426,8.37263580289815,34.67817833283965,3,0.04230537477498193,0.0,fall
1.5822721523138998,1.210489083433039,3.3386684174439285,81.57123000631522,2.373257325933161,5.27039179561712,57,0.8453690598412078,1.2079229269993035,wandering
3.689031642170371,3.9551983192837157,7.09852636540655,120.05237370124948,19.350007192517083,39.218949229459845,15,0.37589972299558455,0.343964562630452,distress
0.9087306382131293,0.05446423651967973,1.0020263381783012,71.91329123949708,1.538099063242615,-0.04532313196505111,4,0.11618635634095711,0.0,normal
2.1889185756723144,4.199124764142896,16.785683011326253,94.59045176080741,11.925914983682183,30.334536659168265,1,0.08974773674184273,0.0,fall
1.993101483579769,1.440243726149847,3.7450893220117987,82.56343816774954,3.562939166422335,10.645838138243645,38,0.8627788391293919,1.0090322970197623,wandering
2.020790405674278,4.649062201561417,5.744293887469345,109.24117497794526,23.217155332242733,35.025268874482975,7,0.6401751113544248,0.2414967686587462,distress
1.0985689020005571,0.08476361931305455,1.356459466634325,67.45248745113335,1.4675398012829914,0.1903701306618033,2,0.11289957415526344,0.0,normal
2.7563783947206737,4.363732807600799,24.69677730880914,96.29613077424817,12.681892773862913,31.250733161696,1,0.02542983048672556,0.0,fall
1.3800758766671912,0.7385050110222402,2.0125717742333853,82.36818958958636,3.074371257937443,14.968290581998373,39,0.9506168118896137,1.2529673359221745,wandering
2.3043991095153067,2.5481315007441236,9.990758557153267,117.46398711698,20.93152156387829,28.368725391392427,18,0.6799314911655592,0.4062842433597992,distress
1.050151464702728,0.27998760163975006,1.1609203844828895,72.42718572170287,1.1098121646678065,0.29652616142733823,5,0.10153006976421258,0.0,normal
2.6725630653362873,5.189577595660595,18.14261633092064,95.87801044710424,13.539755390879455,27.441615089520077,4,0.06262742068763413,0.0,fall
1.902589460193627,0.858141755504752,3.963739413942106,94.25487835934041,4.631057148816932,6.819886472284783,44,0.8164010866366129,1.2063344827543951,wandering
3.6036467014350277,2.1658847054149035,5.462049292811147,111.95695282355722,14.594875708641483,41.32736999075563,14,0.5317322360799772,0.3420389354533038,distress
0.9561532579948587,0.18289660709812033,1.238855039454806,71.34441430781168,1.7505422862707993,-1.375705206418631,7,0.08648048223343503,0.0,normal
2.158997767609015,4.983499744611548,21.572682217468312,106.5110506091898,7.893814744290326,32.19121164813033,3,0.043974804174556174,0.0,fall
1.9342283871455859,1.3378469602175298,3.4951552891213344,81.96834435174742,2.3494716327983136,11.748179192778903,52,0.9475673286188687,1.0542247629311088,wandering
2.695596892349766,4.1697100184009095,7.63253776536825,109.52855180514499,23.131110854953842,31.938624985102262,13,0.6457198598344528,0.46973391747268534,distress
1.0580245088696818,0.21470325910505583,1.0995995388692301,72.8188273522734,1.820922040200843,-1.6500295094047526,7,0.15815900058430976,0.0,normal
2.468097115724695,4.432487282278817,24.880617745984935,89.32134132187385,13.109898546717021,28.9440652004271,4,0.05830544941088276,0.0,fall
1.559622432555438,0.7539911770449945,2.2773503658882355,84.12775074762003,5.643933835272589,12.45540216898645,34,0.9606213784707727,1.3351439315047064,wandering
2.0005360889859016,4.656992594998705,8.009335629008127,116.02579321725156,23.10875055601972,31.36600963786013,5,0.6551332975193599,0.042283013336427644,distress
0.9388373941162672,0.23805443809493365,1.0928410728389935,74.63384083967117,2.107685506900647,1.3615300402205124,2,0.12524421131785612,0.0,normal
2.6920420623045036,4.235967135222685,24.138380966512266,96.33144873208903,9.913767509548933,21.227832345799353,1,0.05357685084836148,0.0,fall
1.6241944793673397,0.7631497708078857,2.7046128606297826,88.75685526416318,4.8492772110192846,14.17308712052138,47,0.86910544094434,1.472819878704515,wandering
3.0484054007152146,4.2517663508767365,6.542362535332764,123.08172311108507,14.744662349390993,26.57807930886061,12,0.5817903421739827,0.07788493354651527,distress
1.050994491360478,0.11374874086233137,1.3016652822817356,68.06904701178945,2.895319163192789,-0.9915364258355166,7,0.19533050874222743,0.0,normal
2.972140483241844,3.352215548217462,21.580559715843115,93.67261126648668,11.734308902094929,24.507464633758943,3,0.020994237719074993,0.0,fall
1.7600376056871474,0.9548557116529519,2.8137645395825457,84.0999251869946,2.0317962584431295,6.376762194162492,35,0.9254592130405794,1.261685470315472,wandering
2.4872657211772204,4.467559855088152,9.85368567173516,117.41029331547482,11.800767791323805,40.89535740021385,17,0.6178482930008211,0.13043333917679234,distress
0.9347368576786081,0.06147081951037832,1.4514943189931688,76.48271686583345,1.570154290615163,0.37136316512627987,8,0.05931177585324028,0.0,normal
2.5102560669491774,5.274372058585736,15.554148049768164,100.2096660320112,5.737958911854713,32.443752285929556,4,0.03767896745191271,0.0,fall
1.337263974704302,1.1287030456770448,2.321268367714047,87.10551298743906,3.9042320025367565,13.332943576271138,58,0.9107255026439064,1.3569198309022628,wandering
3.54897236134041,2.840030891472825,6.060635046447102,105.49216114602966,23.83640689454569,20.044998614385683,10,0.6144651425298242,0.470805789479965,distress
1.0481444800210373,0.08330180017888424,1.0912466865201946,74.52980074993708,1.8580342878613985,1.9275026941884361,3,0.030491877909032385,0.0,normal
2.2528971084486327,4.963033120007382,17.524520985872524,92.31403836773194,10.184022426865438,24.83969572183748,1,0.07249223316243573,0.0,fall
1.294706806315269,1.022861806282596,2.4246568177429557,94.39961970321876,3.375940368257287,5.209397146782423,33,0.8933812786958576,1.4147866431010692,wandering
3.2526313259431165,4.7283482324524755,6.935098747420437,105.30653237659692,20.21113901127893,34.2990050692359,5,0.6941518185518859,0.3466015924211724,distress
0.9133027492499827,0.05471249040145394,1.029874536546119,70.08461706757961,1.6135945151265634,-1.257572161802417,3,0.08546498320512047,0.0,normal
1.7446816221050536,4.8681507434953115,17.27955347806646,100.78370696315953,5.18471933075195,21.49192243849521,4,0.07719377294264927,0.0,fall
1.810700220826734,0.7950339203812005,2.141613219966847,88.83312686127962,4.1216886724300235,9.201818363103495,44,0.8066481033150829,1.0451371860837793,wandering
3.6418407866739955,2.4403187839656777,7.681137938001835,119.594797912151,11.603664049743202,44.15290337283807,6,0.3954574681999367,0.37395013299341917,distress
1.0383938997610893,0.14439075231089538,1.4220754851717212,74.23124441626979,1.379578958613704,1.2228486523840703,3,0.03386242916726665,0.0,normal
1.9861396800606996,5.959583007391608,17.2599099360623,87.59296044641222,8.131084572112838,20.074408858817726,4,0.007780136314267727,0.0,fall
1.6247470128913915,0.847798823990229,3.4460530190666647,88.46855556568627,4.748410587678781,12.471385284546017,57,0.9182923031804061,1.3748674924876911,wandering
3.2958232406325196,2.3135496228110055,5.4465265907537646,107.02957692635086,17.35139348524062,29.124873346174592,7,0.6015243649974176,0.46073583481049635,distress
0.9387204049060061,0.10260941142347542,1.390098104544852,69.94259419877761,2.5647640436780206,0.8311435901356559,4,0.016056894751858786,0.0,normal
1.905755420655585,3.1485087069586544,23.397187750697938,96.88095111077095,13.194848418889597,25.635724779258428,2,0.06273150522587119,0.0,fall
1.391519263364342,1.1943484717423152,3.2858675509771835,88.35281422100803,4.905212612492525,12.735405229520392,57,0.8632140411633229,1.2818592459008304,wandering
2.78751105999771,2.9125657866477983,5.474073169994905,117.30886184441412,19.282000587245705,30.805328979260384,14,0.5475290586629131,0.1349915410614405,distress
0.9527837171174863,0.20767259902088864,1.4629114817777469,72.59058596482222,1.010502956864275,-1.782263737599152,7,0.03059921166193602,0.0,normal
1.6965239203796378,5.471836527460626,16.6073412022105,105.37186634944152,13.494693904862666,25.64346366095617,2,0.03090096604560132,0.0,fall
1.3244464394477624,0.7816288031595583,3.918029370759667,82.0777685376933,3.0939277587765948,14.901176522237229,47,0.8160808740953895,1.1833077294209402,wandering
2.915360841683357,4.178771821277613,6.847163970687999,114.39516325802462,23.150288682691723,41.84572813346365,11,0.45344178446053457,0.4502457499681255,distress
0.969970314103644,0.18551836732585952,1.3349942741835588,71.37494744931755,2.159396831014675,0.8384431296587245,2,0.16173105298892124,0.0,normal
1.503928418392452,5.583624263208306,16.459088177348278,103.2780998432184,13.054062429023908,34.25811363555171,1,0.0010526474141328013,0.0,fall
1.5364011727540092,1.4668872883341524,2.7807844656797096,91.75070276994734,4.054332675179484,9.7275751574246,52,0.9498747282920136,1.4695572753546098,wandering
3.03117377005006,4.358845815746857,8.95946022245584,117.67526380706053,18.618067569281955,31.236024093448272,5,0.47059965938906734,0.05765139062389063,distress
0.9963059902943882,0.18775177249797959,1.4945679585104603,75.81288451379751,2.7160244720619375,-1.7240355022056972,3,0.0985609304452107,0.0,normal
2.458001594166843,3.0324964164516857,17.478330894322713,104.40665839158542,5.270980611842767,24.796486086898405,1,0.09000701401151034,0.0,fall
1.506206295864566,0.6704004742838414,2.3000387659025145,85.6173086952471,2.2032921959832743,5.423931424598493,40,0.8745230592141129,1.4834786810747742,wandering
3.789512004091825,4.831979710232617,9.608231160533382,108.5817909903095,16.573183087817497,33.15097560563126,19,0.4196174921926292,0.24147447001568384,distress
0.9154410564382746,0.2608737142864953,1.3721193936793912,74.35331246530089,2.9405695777585787,0.38369476063293195,1,0.19259718981141957,0.0,normal
2.3849962138149303,4.424738388385293,24.230061257182534,89.5045032641423,13.887363391120287,23.040434101639136,4,0.06984346850616832,0.0,fall
1.5642092248507855,1.4120957730972088,2.466371502076521,94.12292615754525,3.5224896136206314,5.860867471583507,44,0.9676365357787923,1.3409570736002359,wandering
2.8197206897636438,4.222887915377921,9.097995809893463,120.87345933060064,20.681581701158983,15.826409827234967,19,0.4712186641812002,0.29669997248583085,distress
0.9601183501604622,0.2956728836068442,1.0832980096642078,72.90128674734696,1.2078139367103748,-0.3703927245103551,8,0.0021347514776304923,0.0,normal
2.1545297714428506,4.143024016968819,18.125526548139504,96.75599469476192,14.279050445076148,25.55508836083637,0,0.027265234707955822,0.0,fall
1.2384002768810338,1.1634088848633477,2.307532674386347,83.76680403002248,5.460884284581736,5.247744059958967,45,0.9716274616346565,1.3638298299071536,wandering
3.7881957591229716,3.9283292561694254,7.799895043705456,100.59527675272851,14.558343464430385,28.639468852484107,12,0.5932657954016579,0.13620040612907608,distress
0.9301311622857826,0.28395991783777264,1.1067932329666306,75.8837937652482,2.7155313484328034,-1.544587937468664,8,0.08385260100550287,0.0,normal
1.9674522039513977,4.82157748396711,23.7813758805233,89.68214311267091,7.660658035568754,30.943298481947338,2,0.004138942447967075,0.0,fall
1.6113794291356105,0.8861539444764488,2.1270006378494637,88.40398469147885,2.5289682486923994,14.423877486149586,56,0.8132208459440236,1.4700424082793788,wandering
2.957678904907848,2.4497016976891075,9.17713778650268,126.12597371257375,10.338260453719112,41.382245692244226,6,0.33388370233628395,0.3265722348035161,distress
0.9545231131479222,0.2894428428664453,1.3073257730247798,72.11148341476394,1.084228208064332,-0.17142819682196464,1,0.017102445572180148,0.0,normal
2.886374408471189,3.5372395236080103,19.333124150417923,101.49069820436299,12.066583754757636,25.318033037704147,3,0.03557900061051,0.0,fall
1.2509233103804813,0.8247104993133132,3.6623426729272768,85.84847005722064,5.730200276597143,8.451776272008093,37,0.8395788115357792,1.4355408100068558,wandering
2.599718772938412,2.2645789447111997,7.874611965879945,109.32592031189867,19.219863221932286,37.93685961388605,19,0.5074285288212403,0.28767565421312447,distress
1.0840639039798803,0.055016720634049984,1.0461990920911537,76.1640587480484,1.813306922236758,0.8668293380705356,2,0.022755865663441812,0.0,normal
2.4569865933240393,4.212144581879468,21.94859157105709,86.98933242100513,13.800262433181974,31.01703402887375,4,0.07870701938976156,0.0,fall
1.8995245082002716,0.6429749695162006,2.1687606799537953,85.77968547347895,2.905606175022391,7.824363753208379,59,0.8168038027362701,1.488508020921437,wandering
2.469699598921576,2.892361474564729,6.663186619152528,123.33323860886243,24.666088180118813,42.065282486639795,6,0.5134559894426386,0.02309055380650321,distress
1.0441441045054625,0.11642618980759774,1.3838293578077303,71.67577674675483,2.655026196204304,-1.7279568220287924,9,0.1520993449880726,0.0,normal
2.462417333432776,3.6198324561903634,23.736745625360783,96.48740395642646,6.668909863026789,25.41941772958977,4,0.09989864266490721,0.0,fall
1.5863734719176423,0.6236836659383743,2.0365442787162014,92.73739302391337,3.1714930540225676,8.705832480239508,43,0.9881228455589101,1.3683303070305197,wandering
3.7448273265738914,4.277898494415824,8.210742031223365,121.85324918815274,18.82960304341102,28.75855450625814,9,0.46871607970318757,0.40230672113140536,distress
1.0107668477297045,0.19348997243532168,1.1666136024682503,69.46888819461624,2.2910959851001236,1.9350290062454705,5,0.14877421284625247,0.0,normal
2.3724031296157486,3.6840234303670103,18.020245420928873,86.66609504880371,5.722956324207993,24.65080271036013,0,0.05874673440065173,0.0,fall
1.3652711036375826,1.3521029201755759,2.2710303892972146,81.691446514674,4.780160799947904,13.160578156101241,44,0.9002807775508854,1.3559042795388336,wandering
3.34501871427213,3.0809894324996683,7.52833179230967,110.49808188806459,21.239278890816422,35.33701892192916,14,0.5573190738556033,0.19103890680637964,distress
0.9170066472794443,0.09029285714743239,1.4522857759452394,71.57286368300187,2.0881734669169827,1.8634589818989786,9,0.19405875176918086,0.0,normal
2.2133359977162854,5.240178143033067,18.06707444191018,101.78080260423918,11.949575942835404,28.834922832298673,3,0.008515449010846466,0.0,fall
1.5646231275798603,1.1574529629942745,2.7350843898220583,94.04112850382317,4.238279210293063,7.751714398029316,56,0.9657755668435539,1.0648399500342387,wandering
2.9942059437631086,2.7490352065582897,5.57746778019662,105.89453605857345,17.846727932177348,36.95298267157459,18,0.3230685986359847,0.14498558930913408,distress
0.925947279636928,0.28743017734057874,1.2149078518456138,71.49261466545057,1.695657136236811,1.415947360588374,5,0.15011828357741624,0.0,normal
2.26126407143584,3.754280629259884,16.624414225358194,99.43929761058097,8.453878581567224,20.183124794991244,3,0.0013337332611754737,0.0,fall
1.708852755095963,0.6240006046789436,2.832764877431086,94.51173708474636,2.0510736406068655,7.581355447696585,54,0.8351647063702592,1.3475064943969766,wandering
3.7700491365778683,2.216260319232336,7.065558363210228,118.2659891690437,18.026377008439805,35.73910854148767,16,0.3867499999718278,0.4326431934791625,distress
1.0848878979429224,0.19901310118292248,1.3761356849015742,67.94446663909727,2.625865022616724,-0.04709664070221509,0,0.06158010869851165,0.0,normal
1.8321496332419656,3.4142870951214563,15.431134628536128,96.54102903181533,10.551737199038458,21.859107583429946,4,0.06138371808712465,0.0,fall
1.88402850559248,1.473738889382974,2.6356020234782815,93.83099942690471,4.847303022911934,13.445355207689337,40,0.8899254428068792,1.399944580548649,wandering
3.50399621813395,3.1430026914490203,7.239141981796882,116.64715253571188,13.291858357517864,20.017692817051987,11,0.5411700075394202,0.16605863017230876,distress
1.0350804666461122,0.2725736854620354,1.4590665435744588,73.06150897537076,1.596489332738974,1.1285295581051082,9,0.11423912392186807,0.0,normal
1.5983297098652267,5.783318942775585,22.69766925255913,103.04389142122946,13.435768400083116,30.038879920015734,3,0.08672076363182743,0.0,fall
1.9019841291050508,0.5321651787330763,3.426574210230986,87.91312547023631,3.7836408972339,14.25930490658443,46,0.9385841001163617,1.2667715689557402,wandering
3.279635593463577,2.3614672752331387,7.0187587791266015,114.21952880205004,10.79520403803896,22.307500836095976,13,0.5997209533109489,0.2556559944360099,distress
0.9022543003750861,0.11087901197925566,1.3563042309812858,75.72141374193382,2.7330876417056595,-1.1146866194704148,7,0.034745403377738904,0.0,normal
2.137548572589303,5.330796788328088,24.781699726668123,101.59159072626207,14.378102886449172,23.903421458087607,2,0.06384563337634712,0.0,fall
1.3953231529475936,0.9971361720669987,3.423040974501363,91.97542134592523,2.703402235130189,11.11160331588622,56,0.9919862144893707,1.1526297012989946,wandering
3.4785692368741365,4.509623867996424,5.115167484980737,100.14821829629687,13.220216341143518,26.365857134754314,9,0.6947404414269321,0.1808611697430328,distress
1.0936769310716257,0.1496779171365803,1.2847051705031896,72.94182324885224,2.317879157167041,1.416603679258476,1,0.08806978048031185,0.0,normal
1.6438117871971012,4.228439757522124,23.438164491843157,105.24185282717838,9.440991204289535,22.154045864600583,3,0.045753444447833774,0.0,fall
1.3440732104921456,0.5592008131242283,3.553274466002775,91.4874417637646,5.5376410916658365,10.403704842007416,33,0.8796654100321479,1.0053880047956902,wandering
3.8974354234583775,4.811667215361062,7.930378580552552,125.68053921518572,15.17458440236209,42.72653067774485,7,0.3870846038752953,0.3593627327351083,distress
0.9907076255427487,0.07075683350440638,1.4446842917653522,67.29574049590053,2.2875901885771888,-1.8310339246225276,7,0.19909279819550232,0.0,normal
2.6469440314909525,5.113979019607611,22.294967873383307,91.95554778862474,14.90011791371011,28.35536603830068,2,0.022857454969910863,0.0,fall
1.7851121668702166,0.6808547953227466,3.574880029107592,93.02046917973922,3.6873405879904997,7.198526750472515,50,0.8433257922035189,1.11754329991774,wandering
2.857705460447712,4.323247292314244,5.8520232192785135,125.00346821871968,11.877566056405628,28.34728895542476,17,0.5923413561820751,0.2916492267019032,distress
1.0754766728830842,0.05239529934584304,1.134658168812499,69.55945635751708,1.533380653052574,-0.012885122899204404,3,0.03230431065633412,0.0,normal
2.016705805166774,5.614418770019718,16.045926628236227,99.00991049920157,5.156335007889847,33.59342707843729,4,0.08424871566433788,0.0,fall
1.8064681885701912,0.6943818977237385,2.229229191038073,92.50782534935621,5.641687728783171,11.818639659845825,53,0.8803717879816595,1.4026696828634786,wandering
2.8905071233272173,4.174134846099647,8.227598551725812,108.51720502579506,13.792158408825891,36.745849146187965,11,0.3315018117597419,0.31187395450668903,distress
1.0100491062013859,0.09508394303253055,1.088179553488478,73.02186174138785,1.021927101174769,-1.3402338394839695,6,0.03721216191260584,0.0,normal
2.1295902263503135,4.170831600474187,19.05495175443697,109.78238392682739,6.866841900581926,30.040034662753442,0,0.005788238931190981,0.0,fall
1.585748591014132,1.1554129804960414,3.9947239860884123,82.88680130568201,5.6603907999917435,9.449601698752437,53,0.8950663145288756,1.0151343511250084,wandering
2.1212989991199427,3.8903569634947215,6.195505994245579,114.34927088139199,24.804724305953076,17.356778154939708,14,0.34457500314235334,0.4815042437224485,distress
1.0253876867697878,0.2181498027867277,1.2430719759234348,70.16176498343404,2.3846674491023743,1.420997217685747,9,0.18184529384830803,0.0,normal
2.8220576747017496,4.24087945458065,24.322108939232578,97.76024453579552,11.27824286641623,21.696946849277793,1,0.08517604632585576,0.0,fall
1.2625672964201258,1.1817474559465544,2.8548848931999498,89.29160695565811,5.496916605140793,5.654203919028445,53,0.8008304459913527,1.433156113247276,wandering
3.590400012096776,3.845250354903272,5.19445450180789,104.3242004205682,15.478992155617348,20.057976019251427,11,0.6009591652443,0.46018827649460425,distress
0.9639167091952807,0.11359719126066369,1.1044376653463748,71.66146997196022,1.14904256532787,-0.7029035917894522,6,0.09545524979840635,0.0,normal
1.5209184734731678,5.069202288679028,23.0023541881717,97.63582230008737,13.30469218381496,21.651051048742247,0,0.00476717972456826,0.0,fall
1.6452236962674074,1.0918371709300039,2.433268857441438,85.9505435815019,3.22853495427237,11.851687847844214,52,0.8517413399642217,1.153456618302522,wandering
2.4645037096160713,2.4266103594855837,6.918816583521688,128.85309328065827,11.931120720189538,26.717855858456986,11,0.5892176367463667,0.45289170420219743,distress
1.0515647743133463,0.24430444758827025,1.0873945331322092,72.75215238892875,1.096921679111537,1.0427406019540628,4,0.08899473987990653,0.0,normal
2.4330486366788486,5.274028891345105,24.858355168067018,108.3012421063042,9.49108797480875,28.385731062908114,3,0.002864074753351942,0.0,fall
1.3108096739741495,0.8380435931897066,3.2511545013469796,81.75922594954146,5.908396493887021,10.416794284325537,51,0.9903648064993085,1.3762542161043338,wandering
2.9588107511152626,3.067208896287714,9.933628286624817,107.27769490888771,18.80505581707982,41.29370332365634,11,0.4723441014920675,0.4040381963588531,distress
1.0628223232457703,0.20428838755621798,1.1967579357856208,69.9033140398015,1.3502294715370329,-1.9709152588041055,7,0.015218295868172605,0.0,normal
2.5961232905871308,5.270924165483784,19.42506449577835,90.05669107230048,6.515118481867904,33.13804559945796,3,0.01105587671550431,0.0,fall
1.9424440670347858,0.9752075884615198,2.0992154473567712,92.60418808725818,3.119308569215061,9.95348833175349,49,0.9639359479129687,1.376512328983591,wandering
3.550270868945812,2.6560287912540343,8.501697108268802,128.91993187068957,22.102729043292328,30.489256479751123,10,0.4964093805617558,0.22879130988713775,distress
0.9293358300730113,0.17282725777751934,1.112208194491577,75.95662121709131,2.440301975395609,-0.7489527860057072,2,0.17029037716724682,0.0,normal
2.7335054353868116,4.28313614607694,16.958366561948303,100.26648591068312,6.489024099575546,32.573106725703695,0,0.09728293106347334,0.0,fall
1.6499022366387441,0.9474951318710132,2.199373448906515,89.32614446446843,2.342939952358051,5.294673279641292,52,0.8397989621854199,1.1369747711980975,wandering
3.348001633060087,2.7294799325756314,6.557969124519443,103.7650030236011,22.52451115275722,33.73481394718592,12,0.39302147791666736,0.23580408726354224,distress
1.0345104811922234,0.10096127130914927,1.1466204023349633,75.17827041732515,2.307639394753668,1.8858273598534647,4,0.13389319573257585,0.0,normal
1.8697671026092477,5.549921738746869,16.890190798664342,91.23029258746185,14.590491124255363,32.70528072052764,4,0.009235730436217693,0.0,fall
1.6409301190747918,0.9723912398787798,2.950628964082507,83.05716256449759,4.534107899187019,8.154874831520665,45,0.8913705020140168,1.3626287768074414,wandering
3.589957597224489,4.722898307269402,9.95948607221258,113.52287935478584,18.34897928048582,37.4537776669977,9,0.6899873831945498,0.4305106148950267,distress
0.9612777461134056,0.2988746588839004,1.2586027281185368,73.0020191332929,1.4301386553208573,0.5209942449032066,2,0.19220968604055022,0.0,normal
1.7958779583578424,5.087609557613524,24.96771302992969,109.28398426593796,7.368534939538183,25.85066868538104,3,0.022566517645619046,0.0,fall
1.9392328145904139,1.3271214967873277,3.708367154020471,91.35311033963652,3.856064692781264,9.671513378956686,54,0.9611452473266908,1.312272953042465,wandering
2.11083903801543,2.3656149879122115,5.28577769363436,129.34365693927253,17.88950762744926,19.18729280426172,15,0.5225322036983764,0.29539743945193236,distress
0.9261323878612852,0.19819086705771094,1.170031838224448,74.18098960473041,1.9212887851093652,1.0307389821918251,2,0.08551219611300404,0.0,normal
1.9270946157951385,4.0762701017579275,21.769062602761366,97.92122628532991,11.073578881339152,21.61004580616957,1,0.07784888699075121,0.0,fall
1.4618994606492512,0.775658677784459,2.1162327436603463,88.70934319622097,3.379889974646669,13.382529702029899,43,0.8342327476736552,1.1778804419910471,wandering
3.997986492122868,2.1138560668794097,8.054992835958846,106.49072715780498,13.044660504397488,33.04958843038108,13,0.5016991785206973,0.3952063908129367,distress
1.097171201170163,0.2612253213574006,1.1392397981340159,67.09081172168703,2.074376819960313,-0.03406558439995999,2,0.11477528066600257,0.0,normal
1.909664305599178,4.210230666891948,16.174492616276847,90.02375928474707,11.466477606266178,31.031094209105788,3,0.035993390157284026,0.0,fall
1.2686105584399912,0.7204126985266383,3.263380018765636,90.94668860447587,3.7227760372381886,9.456616756626634,47,0.807404550737012,1.180759106434547,wandering
3.769697834004284,2.565943581315336,8.212024910847049,124.99954373757802,14.673044611611129,20.67764797755924,13,0.42262200505317526,0.20986613834737805,distress
1.0070658519227687,0.2668831354370278,1.4385546930263284,76.51843228277292,2.5166883880807727,-0.7326392606363865,0,0.12056633286142915,0.0,normal
1.939372977109214,4.810881983192576,18.47282800635172,91.20509259322199,7.431887459109657,32.2016431100422,4,0.030941514986830867,0.0,fall
1.2219007104078154,0.5428225504867777,2.3924127761151146,83.61881249074861,2.084131199334544,5.897429576396257,44,0.8379978909142216,1.1812581433515708,wandering
3.160418036208772,4.960904501475364,5.94033512051409,112.61375661799893,20.150484340468168,38.768191238458776,19,0.49820616297557874,0.18431687942926334,distress
1.033587920825887,0.08263901094803973,1.3806279912740722,70.18300427171602,2.7093472438139825,-0.6718209439116882,9,0.14432480429910535,0.0,normal
2.012888126144742,5.862401638251444,15.477321585418805,98.29231649022397,7.655321439841504,23.261036613552,3,0.0008053058167984295,0.0,fall
1.3036008751997143,1.3896594351175255,2.9999377159145872,93.17573488489776,2.7647416898334742,14.563642121677592,47,0.9459494852341259,1.4330763105703572,wandering
2.5875467915243164,2.2297067004232574,5.419466231736454,120.14776637618405,17.070472993166998,32.230575792606984,17,0.5459192806996165,0.38140881123956955,distress
1.0569875494833676,0.24874423243089983,1.1111060428716932,74.01180780717743,1.1980401743474007,1.4717769640253557,5,0.1840354872078318,0.0,normal
1.7733795577151492,4.503335722617905,19.80143519346622,101.19915157949272,10.73658964711845,33.160662657517186,0,0.08819639124602077,0.0,fall
1.9825999122295184,1.142457401197205,3.065841153246554,85.41731696297273,5.367340940224262,5.000188983435876,45,0.9099844542392541,1.127495372379291,wandering
3.514466275072278,3.694663325281637,8.368352561279366,120.7663497414069,15.887069510705677,15.556461028239191,5,0.5658884152573789,0.09228609649796438,distress
1.0620139273569051,0.12450445014334859,1.118783419525683,70.06478694980129,1.373611033462174,0.10969716712599231,8,0.197744114401661,0.0,normal
1.876571434521686,4.162315119651215,17.88666363842426,85.49517351854111,8.757293469293197,30.151307430939422,4,0.07030751770906503,0.0,fall
1.2651203255878338,1.0539676180197,3.3171588071221434,92.38152362329191,3.3833285807928464,10.132260804342796,46,0.8197248142891729,1.1463342318597107,wandering
2.5337246391747383,4.074950144517544,5.902915563866688,101.66345793582533,14.752626760993829,22.76112269581139,13,0.5161244502465854,0.16886084891055841,distress
1.0681432791864762,0.25812196288656686,1.0158679030876256,73.56838673171595,2.8362928300443726,-0.5764544918805097,6,0.19983687409590725,0.0,normal
2.8747111477363405,5.303530092227563,23.03475147629473,106.29154841183512,12.12992154377783,30.7082655123738,0,0.05830215783738425,0.0,fall
1.44162886997226,0.9212335939291096,2.7559259800663876,90.71752356428846,2.9459075338140823,11.046648718248369,32,0.8062048105981653,1.4888160411608322,wandering
3.4766565915539065,4.345106179484784,9.329946326001995,127.03993561352428,22.334346594548887,20.01248979433357,13,0.4930836358002706,0.4476659314973389,distress
0.9624553382445271,0.2902141287883052,1.1651669719866198,73.31678891621074,1.4605055983341695,-1.454826338625741,1,0.07888125537410884,0.0,normal
2.2678643474395406,3.217888706843286,20.218852391199157,100.8215077615159,9.41385296380415,20.85500701194378,4,0.07375592085355136,0.0,fall
1.6458166302715407,1.0712497030625636,2.5008798795978686,89.52740926732818,5.615539809181065,5.388957353131483,45,0.8435925900186285,1.3234934280457789,wandering
2.2325365602083256,2.384783074907289,8.715871240602018,120.2249782710096,16.384780210040333,33.25063607974708,8,0.37396005583265113,0.25538880475447473,distress
0.9414470962551355,0.13270675515494157,1.3314092379435847,76.85447186789365,2.6928372614998324,-1.7034426226342756,4,0.17260646776701463,0.0,normal
2.0653267332377085,5.2756333843724335,22.469440387471145,90.38604349881113,9.946408717977604,26.62321522406591,0,0.0608032015453435,0.0,fall
1.2095085888589392,0.8952840735109007,2.9945769137878155,89.82042562754617,3.5270623688912273,14.655922277478858,44,0.9354747243131517,1.3072129731512836,wandering
2.5445816675365105,3.7862944936025533,9.392143069070997,108.59463391142728,21.883705093568516,16.672475740369094,14,0.4063332917470753,0.32951531704669385,distress
1.0577378963047437,0.12480250802770741,1.403388625911281,69.87537474485501,2.553831568251089,1.682197571062765,3,0.026078848502964783,0.0,normal
2.0254787512036696,4.361537920567136,16.61500607510121,106.48925874827546,11.658118933351798,26.036768257373122,2,0.010073191550688632,0.0,fall
1.8051110927672485,0.5347404591658024,2.2030305237909698,85.76944268189006,4.9181824308278586,11.137819390343981,48,0.8011052819629735,1.1409393524802902,wandering
2.7976271804670363,4.194064569100604,8.806714952984077,128.649710924188,18.427064507543935,24.211923431944527,17,0.43738732109709344,0.11694920872700093,distress
1.0663108592781387,0.28824146451868854,1.3659882255672753,76.93317140644155,1.9756970623155246,-0.46173266458087525,4,0.14794040432157576,0.0,normal
1.7085718615528833,3.804709371394055,18.890843056334973,88.69881819298062,5.446187287518028,32.593681881158034,4,0.06010068416942117,0.0,fall
1.5842553407740558,1.3863623158072649,2.4503532970366524,81.26098057360278,5.652621569998804,13.716206529401063,49,0.9232812209475963,1.0411240447557655,wandering
3.059939396858021,4.549391908330369,6.425751840591749,128.66962151026547,24.884461890367085,43.75203496266799,12,0.6307167391893069,0.3085290190558556,distress
1.047292045923879,0.08400763601481355,1.2500161332322732,76.45515119211252,1.8442234476743042,1.9372195104220697,6,0.12571820904791747,0.0,normal
2.1982999779837558,4.414319631478518,24.135889580912817,108.99275904477014,9.09201738441448,27.802871765899344,0,0.029616942356228106,0.0,fall
1.6722387582991174,0.5107813561704774,2.5964130133338026,91.36937963681703,5.225432252993989,5.143389698479851,40,0.8444090455673916,1.2348462108233578,wandering
2.7259717557456518,4.35680391333829,5.883459283518063,122.91038994284904,13.595833133490371,41.38203622452387,6,0.3917405651928059,0.262060571790962,distress
0.9830575808351963,0.1360029420738701,1.4231763674603564,71.42080811944574,1.8326488201558109,-1.3004498795843769,3,0.05262185397922177,0.0,normal
1.7680894535905214,3.564090863136533,24.73669948457359,88.79370248906258,10.297405627168441,23.660324394260908,4,0.011252984580830794,0.0,fall
1.7232511863348747,1.376665441303696,3.902052917221553,92.75108808287682,5.234590951877217,10.334030319184404,38,0.8068615779268807,1.4612491201213382,wandering
3.5076352843600205,4.0655987767300985,5.4901289523701795,128.83154437423218,15.812475822146324,38.096520732208035,6,0.6532174287835606,0.22116835254713202,distress
0.9260127359226195,0.2276651964396223,1.3701716322384785,75.57617045760996,1.6968645105865587,1.4174221528073132,9,0.06592136001309433,0.0,normal
1.8860019967823294,3.6312973338023906,16.206008879113764,105.50166949647274,12.549019442691026,32.758841035277065,3,0.007997377639336578,0.0,fall
1.4513586718935496,1.0277355254601033,2.0932869557669385,82.3217562233309,3.053450425447357,12.148079110078566,59,0.8606093069262921,1.4351022397494875,wandering
3.6125157409164332,4.941468869897583,5.087460342621854,105.64155527936646,16.32230258945544,18.5682135946642,14,0.5475456055814132,0.02278444565642923,distress
1.0556630048458162,0.29767802297219514,1.4896441688761763,69.13582387568424,2.339873602431496,0.82369803004211,9,0.05475734967211798,0.0,normal
2.335487964202225,5.117057151108458,16.675316798834306,98.20960892675232,12.181341748147792,24.33342011637893,2,0.04542459713615286,0.0,fall
1.2379833080393927,0.5496349685744402,2.8445932565474275,80.77405622258145,4.564552728021491,10.758910285683978,59,0.8472878620178235,1.4256837069841266,wandering
2.640834839015973,3.973661021033972,9.497789406318315,110.039665634635,15.763163633451244,27.018284084429183,16,0.621564606955489,0.1384775035821158,distress
0.9481885894871074,0.24423751794879328,1.08628203477303,67.23981746760897,1.8215237956196868,0.7691371646860765,6,0.18081841855860922,0.0,normal
2.9360889402765658,4.905975462239019,19.397374793399123,86.05185563428779,6.653239922900676,23.08906996061557,3,0.06675150381071243,0.0,fall
1.7432294901173058,1.1565114386399669,3.081322157530936,86.63003371113223,5.643059281201552,11.894163196059637,35,0.8029202279381848,1.3759905112135364,wandering
2.8753453559110156,4.0189444070695535,8.6048957364025,116.59177245558487,12.902226792129682,38.558890265315824,18,0.5192258987389716,0.013503825665002356,distress
0.941443779836212,0.06044091734935937,1.1983795855315278,67.4372647596496,2.253704834099291,-0.4467013389737038,7,0.1887575016567813,0.0,normal
2.1276204033954995,3.0672958822640677,21.822827008102696,99.3018135829159,8.580582255226592,21.789009069832808,0,0.0697801370390536,0.0,fall
1.8147353949273999,0.6657299331989912,2.839451605053406,80.87485714419047,4.024302878817204,6.367543628569395,54,0.9943093540641395,1.2221995604377918,wandering
3.855008011778514,3.3066603685826506,7.420846668228967,104.03979996982699,14.816564156939204,35.424205420251404,12,0.34282945220296246,0.4324891698864313,distress
1.0228443312635416,0.22140977205475193,1.296988551645218,67.3248039784699,2.3286430958066617,0.11771922353604847,5,0.10065431344576195,0.0,normal
2.2410883975258074,4.108017669758613,24.39098724446062,92.36055121902422,13.026024675059947,29.18056652471977,2,0.09526323903061096,0.0,fall
1.3557969637335594,1.461553320021822,2.733481702921381,86.82774759063511,3.822910990872063,13.100737820116832,58,0.8922709121129825,1.1707927702788288,wandering
2.4280362327312988,2.6544857785825693,5.914900352581199,127.01747048684037,20.803232688349357,15.853905284500167,13,0.6309555757391362,0.33136579345891964,distress
0.9201309871190475,0.1691590777969807,1.1952159225611,73.65155005725848,1.757747589372302,0.5693060402922545,1,0.13465216409502476,0.0,normal
1.9013435561348908,4.465119386909963,21.052356519815536,107.01626564652483,12.538412273826507,22.57996137436772,1,0.03054147311984017,0.0,fall
1.7792579173028469,1.0090221749772197,3.518485315803246,90.27626827312466,4.626056639523869,8.148733864901224,48,0.9057424826952619,1.1017517291066365,wandering
2.838544914627942,3.4912235069390105,7.405494158660928,127.73191286870652,10.927073634675788,18.281243453381848,5,0.60375624414348,0.392022094275907,distress
0.9411488618206192,0.12302065779339232,1.0226619561521932,75.99653836533922,2.551611777303917,0.9034803586105871,5,0.06537086573751615,0.0,normal
1.9072465082911862,5.541410835383415,18.35413721002316,91.38177944658736,5.632161861523455,33.951408492659446,3,0.022731376004556027,0.0,fall
1.599013617837268,1.0690637100207718,3.7042201843851945,93.31579087084789,3.7949307071011633,13.455272364118603,31,0.8197391345287703,1.146919699196597,wandering
3.530370728446871,2.1860214256913815,7.402447854534048,119.57973300685654,15.993992534585818,25.71930895847098,7,0.6790138393485019,0.11638708108343931,distress
0.9592016918622451,0.23978809579144256,1.3502576506665314,67.34707682677963,1.7684207926882471,0.1408021747926922,2,0.12097773703955157,0.0,normal
2.561745780927352,4.879195020019606,20.67102201738455,89.92044058753437,9.625864898970118,29.627555889991562,4,0.08195532125720167,0.0,fall
1.9840262491925595,1.3988877049353694,2.613460338909208,87.19533672402125,4.005565343144855,8.824541301640178,58,0.9750131716793708,1.0372564746348731,wandering
2.570832176606614,3.3633340545522876,9.557218140274042,109.31805229553025,18.692470849450196,35.076505767478025,13,0.6011817774373227,0.4253306266077554,distress
0.9867103116652496,0.1558511969989987,1.0214866095869284,71.04844549846062,2.059093028212547,-1.8268735278138424,0,0.19447556567468338,0.0,normal
1.9650661762729478,5.000741926592185,23.62598241290719,107.64598601836187,11.064281292645873,28.131137302012597,1,0.026705683277054117,0.0,fall
1.7045135184652953,0.645777506685097,2.0129574259001433,80.96235322962039,3.776292473894995,5.998097273861097,48,0.9887138103462694,1.1308697474884246,wandering
3.709724581560489,2.1382966772614576,8.805345114661431,113.9096846966716,18.790649565975805,43.574717076264086,9,0.40992457984447217,0.17576739123748475,distress
1.0512850785502132,0.24189674364506975,1.0455201296128807,76.84641700793259,1.251342446575196,1.5612403898290914,8,0.13230866598553995,0.0,normal
2.2844213261932693,5.0364750214884095,19.362505600653147,102.51904594096578,14.562507442027382,33.27727741101333,4,0.09714475840991807,0.0,fall
1.7287068407740493,0.8919135410287654,3.144397176133812,92.50339343200511,4.443285201600189,6.078498231963728,53,0.9553157826432362,1.1620331691750945,wandering
3.988528795780758,4.199129984251,7.654931779519185,100.83151899982823,10.98671687293861,23.391172707464513,9,0.6811171770774885,0.015835910758529692,distress
0.9777154804742169,0.2989369146407962,1.282274340035572,68.7807975718447,1.4217369064143903,1.3581542290382704,7,0.09433675586248524,0.0,normal
2.193364818100105,4.3825354262379665,23.98569038357098,94.71788527056987,5.595847947687514,22.16849071201812,0,0.04046656333437393,0.0,fall
1.3770217180823197,0.7423741484231332,3.3568799036290606,90.68907731941334,4.786342161310641,11.877953802871058,48,0.8423442275710422,1.21872875729011,wandering
2.605561487490439,3.550836939764029,6.274027942336927,102.88495108746262,11.203039020166534,35.39684221643989,19,0.6882109934694353,0.4618590183936518,distress
0.9231379059816617,0.28016438338660893,1.3667251478812503,73.7367250405657,2.214828922906129,-0.5414901698874606,2,0.05553767887493906,0.0,normal
1.5754714121832913,3.6755268338444775,16.538564035610516,96.73766730243156,10.66786177909411,22.78730608470572,0,0.01123859980093993,0.0,fall
1.9900650112689942,1.43897547258528,3.716348930356088,91.16475474653906,5.370173636332192,5.552973082852631,36,0.914495242023587,1.4108903684669194,wandering
3.273326136334525,4.347358477327307,8.729899670366326,128.2127720949291,15.975382096117867,22.820831285160175,17,0.5939898869935034,0.02537003696168516,distress
1.0243085809819705,0.22379206973202687,1.471485034312834,68.30269404403467,2.4239617417032617,-0.8255884713890489,0,0.07773195925292518,0.0,normal
1.503136796702715,5.62770506135643,16.038309682632754,106.3462645817482,6.057036054479809,31.456087430579952,0,0.09509269810406881,0.0,fall
1.2479306986580896,1.111991642609527,3.11229729430797,92.22756848919832,3.2148109438575245,11.495462573741733,31,0.8618237650197041,1.4966395967997204,wandering
2.104500935704075,3.0964397784475453,6.894852063572929,126.94046368097304,22.932056188434487,25.053481059496033,12,0.6347104474019655,0.31017056040156293,distress
0.991584376965087,0.2803964069299651,1.3345975806926618,76.52603106256883,1.9607062383584704,-1.1265500416025085,0,0.17334167574009254,0.0,normal
2.6988854622406393,5.567778136408365,15.282353473858048,86.99358371112783,5.330062942390255,20.860634280183923,1,0.07817540116490951,0.0,fall
1.2102269162350716,0.6619306114999315,3.1372782394949428,83.13514892047607,4.882072554452529,14.18335516898295,31,0.9255704216873214,1.1067095573668309,wandering
3.1930315111674092,2.3294175709987237,5.842263682272158,117.07997271728334,15.690747587633446,20.04627293356941,18,0.3805530256021736,0.21851660682534152,distress
1.0934806393924479,0.06293104425301028,1.431017834160112,73.28418377341426,2.846335105562182,1.87478664230387,4,0.1043279172942415,0.0,normal
2.4624585611862972,4.70107043404431,15.144145193365746,86.78697310459994,13.138157118237551,25.817220243497978,0,0.04903822304482789,0.0,fall
1.6259936064292486,0.7053423252480479,2.4028853522090814,82.57041556694914,2.771705124895187,12.360916589910877,41,0.868647508291302,1.3544196934171664,wandering
3.026227908530915,3.795630977739582,9.389674562431058,117.94184979721933,13.852664252906294,15.99739611470308,17,0.3259795397496027,0.000182792797003839,distress
0.9693849207308022,0.14502618192315608,1.3822656867372638,67.01998078840958,2.374350392129089,0.4523986430949858,9,0.09007393635227018,0.0,normal
1.7602761254768553,4.671340840963979,19.59327445844653,109.3993605358178,6.156985942113068,31.80869802954677,4,0.007228426298833569,0.0,fall
1.4129385372480217,1.4324855762181794,3.4684788398852393,91.19258452136789,3.711358482712646,5.170396200860708,52,0.9325939888113295,1.0629530361594544,wandering
3.7001813999493276,4.110988213505173,6.275043863070807,117.0177935176711,24.757938654748777,36.647125188328346,8,0.6911326359127925,0.34887485304341775,distress
1.0991648252138655,0.2537717415967956,1.4225592926596862,75.63544494348216,1.485005675766501,-0.018523196722445512,0,0.16775131674064545,0.0,normal
2.229970308644294,3.2753058477105284,21.479481550208206,104.09056031408028,8.305575807169863,25.56206958569508,0,0.009368555091413933,0.0,fall
1.3732074207469327,0.8385009750095703,3.4908941164921137,89.37040316020013,4.92930645999006,8.942984578628739,52,0.9272146316463283,1.2586184930171656,wandering
3.9992958378997328,4.467450906397137,6.771071686149573,122.06793870372395,15.32671699796992,20.416666042796972,13,0.6566410153456471,0.38373354137532834,distress
1.080501906663759,0.07786870151498974,1.235703445510464,69.7491642231527,1.4957325877607635,0.5347523189749483,6,0.07360416765129706,0.0,normal
2.0835584202110207,5.6612784063330075,22.098635773396456,95.58997080918695,6.792186956641758,29.02285098575347,2,0.03503691597772758,0.0,fall
1.644176138507601,1.199034466590641,2.3541562658124255,80.01972657469885,2.81378943155555,5.797644011154882,55,0.9843805434474145,1.2065070700418679,wandering
3.8593182305644698,3.2790453222771747,6.842683795471795,117.51637871766833,20.440527294975936,43.70760395867443,9,0.3149785122031786,0.18629013648113313,distress
0.9964001209445705,0.170040766482436,1.361195476445779,71.96036838492006,1.0238988048483826,-1.4396169472822193,0,0.1658013633885136,0.0,normal
1.946804642371211,3.9273138290140963,19.229063639935028,93.32133233905665,9.062690102272263,20.09947094287273,4,0.00847785007200801,0.0,fall
1.5921806506142484,1.0581729466658976,2.096289955036095,91.6428323356694,5.923401259510378,6.125751274950786,42,0.9504740279371877,1.4617273500504935,wandering
2.376171512382311,3.3666838158533707,8.78971729305127,129.55952064280234,24.33145721147204,41.91015740029297,12,0.439717135623952,0.3550210395991504,distress
0.9612763416698449,0.10365214514744032,1.3096255576288705,71.3494341611887,1.7452129499322118,1.6045057128924323,7,0.02990319336079408,0.0,normal
1.5811636397692428,5.484341332953016,18.73621841338007,108.73957458861776,8.629327480376197,31.715904669209856,1,0.044678131771452516,0.0,fall
1.8381054692080863,0.651792850143853,2.3606771187553246,89.60112958647443,2.647596302836912,9.249743486770088,38,0.8591112974495692,1.423204070501619,wandering
3.8789235279064567,2.7542506113858476,9.078437750722022,114.85114110849939,10.311304117337189,35.98701545914085,14,0.31177225220808025,0.36547182094666514,distress
1.0185025477085408,0.2598384791090647,1.336050539508124,71.33486257610637,1.056113844871058,-0.5274193476215228,3,0.01845680829809473,0.0,normal
1.9223232564773345,5.362791288643896,17.99366054365311,92.71317349505304,10.513577321529628,24.10103976121922,3,0.046208529677067525,0.0,fall
1.7714551690952556,0.9425842015361553,3.327253056110491,88.50212545768264,5.367482704710986,13.25873475274271,59,0.8430839504365464,1.2689256937169855,wandering
2.208949538529363,4.81949691706691,6.764120955399095,118.4547549000944,11.26455992807142,39.22076198888857,13,0.3154508539623618,0.38194713701141886,distress
0.9521211517173399,0.27552502196585804,1.2754477921768468,74.89748874770069,1.8671998376691932,0.45733092637087935,7,0.0011425591932066048,0.0,normal
1.960754589280268,4.144696873224229,15.91010183726276,98.54097083662022,5.243271935668182,20.266661845597483,4,0.06771677490644254,0.0,fall
1.2826392771412936,1.1375677416298866,3.8575264875556234,94.35164752504467,2.3373901298554163,8.857043813266873,32,0.95219260277633,1.2920486584587962,wandering
2.9752778373988864,2.7120291615051966,7.251618586608016,124.18179570188165,12.889726868382049,35.97370700238539,17,0.3053529221301799,0.050320670621681274,distress
1.0609232502815522,0.1971653714809427,1.3140681189427577,67.92533446670154,2.920178875477103,1.4001810613929315,6,0.1975986758318616,0.0,normal
1.639906946576942,5.06262489668366,22.50054234481164,98.840146527458,12.231971717498428,21.477028242845282,1,0.0979882563590851,0.0,fall
1.706721259116165,1.4484792170269263,3.9254647857242935,84.77914505654915,2.8412208144618365,10.565841355182549,48,0.8264626339257233,1.3923476784778188,wandering
2.645028761272486,2.2466454272949457,9.031687134863038,129.05492591969923,10.622192279122945,39.985511220494985,12,0.6190043986302032,0.12400454410324063,distress
0.9438217790108366,0.24004452957427036,1.0553206557558386,70.19115245013916,2.775209828157436,-0.051363139721091855,8,0.19047128379556377,0.0,normal
2.3082220713937183,4.322118074768667,16.63876240359895,85.8866083780206,7.896647356903358,32.7888372035833,1,0.025395550766194586,0.0,fall
1.3565069570983717,0.5629792436204492,2.127261912145796,90.08453407498357,3.5138749304128085,14.064114976545843,52,0.9420644389267292,1.1747501063983947,wandering
3.8039231993661717,2.014469484645333,9.070437452687063,111.65369369404324,21.736107094023993,28.29184681906019,6,0.5705215362415292,0.09052818935900903,distress
0.9921987635028858,0.2723272964945782,1.1453857417091409,72.2778846847609,2.4750519519385348,-1.1782510681413605,0,0.07277252558829915,0.0,normal
2.8217298221825557,5.864006023597882,17.610140640373245,90.12816337119527,9.718473786091476,33.79963545603191,1,0.08726151190617813,0.0,fall
1.2306435142310854,1.3964430465178719,2.590602441941434,86.87609649979828,5.875773351116396,9.828776750893287,51,0.8604408628378805,1.3484469526916203,wandering
3.727851637658178,2.8653508921043156,8.93809061678524,116.10281403562354,23.113423490619667,24.545257746647472,17,0.6587684926569182,0.0946829985933243,distress
1.095707028619314,0.23555237778979443,1.3997531713039326,76.71032253491525,1.825633989266656,-0.5148237244521114,8,0.17934783143764294,0.0,normal
2.4373096633109124,4.195023309005876,15.157668576337388,109.39497723618236,13.598071907777555,24.834143318382726,3,0.06818208061402792,0.0,fall
1.3018757087581776,1.48710901631921,3.1671698292267942,86.58594346547397,4.863909317157928,9.6929172461885,34,0.98484813432141,1.2325945919626249,wandering
3.6972195360945674,3.1173711258157026,9.405085040227863,126.91579689297825,20.663052043930684,34.306651022078924,10,0.5087531398820394,0.4675234759795946,distress
1.0688783342517398,0.22632582742977264,1.4304567816424747,74.56047379336545,1.0883437522765704,0.966552663639594,4,0.13284433875450716,0.0,normal
2.2146084931162124,5.866833968867959,15.257853924500935,103.43450379754363,8.989007871285448,25.69289926295712,3,0.021691139168837827,0.0,fall
1.4058767973207196,1.3392878109227018,2.171983164590346,94.49112004522439,4.679111443358163,13.19292585622659,44,0.9958128393676853,1.4022580946553287,wandering
2.2247128303900494,3.9487851391764663,8.159639581506859,114.66770322018961,14.946664364858227,26.037570290269695,7,0.4506875037162263,0.2930249271683887,distress
1.066094492876712,0.2590844368336317,1.1266590875319036,70.13628304457016,2.860097708857934,-0.05325966081928479,3,0.08365569099255228,0.0,normal
1.5828107172775574,4.520992120150776,19.411036048427075,97.94671351647123,5.6888490828461045,25.66335897101321,0,0.04596411645123166,0.0,fall
1.7042038866293399,0.9064999736530645,3.3229514851907513,93.58674322313628,4.805903836258858,14.654750271968359,59,0.9101859340449426,1.3471591833395307,wandering
3.858472263985716,3.435179651132425,6.447042667341526,119.88779403828218,22.184625436896305,43.98757087619633,9,0.35954210112669305,0.2897385947798382,distress
0.9196472909332927,0.11508220825515446,1.3206001165324524,73.70213874114168,1.2120001240018283,1.2840249579856176,5,0.06109178981758099,0.0,normal
1.8293861483644067,5.564626628664298,19.888825787822878,105.97241821334163,6.102847050160237,32.760682413673756,4,0.07405491849302058,0.0,fall
1.9657578078147309,1.1522691342236493,2.5149187316650785,84.57818423729275,4.4045342047916805,12.74025232629375,45,0.9428278878295324,1.1689970079844896,wandering
2.1782023307703633,2.808278631871872,6.564644538152945,108.69018927809346,14.967134380831151,36.67670187175283,7,0.3891319118220797,0.12338765187536938,distress
1.0607809948601798,0.07798427899852813,1.1427452930603805,67.61021643277476,2.931403632687519,-1.9029722323607983,0,0.10786749538863356,0.0,normal
2.0632331947095883,4.780041475274034,20.227334739734754,109.90286686594811,6.704068519478842,29.40193594251423,3,0.027130152235299545,0.0,fall
1.290639504723136,0.8285357314527244,3.4242885838774466,83.80540833129936,3.595472390041345,12.370672776753475,48,0.9488954014933061,1.1634068241487998,wandering
3.563834657684256,4.828234361185015,9.904849047206817,112.15325595207968,17.552906733165454,27.390354732464413,5,0.5332251697867819,0.34385169270101,distress
0.9237994246843408,0.18205627787413192,1.350377562065699,69.16071972966975,1.1837962764953414,-1.7532401092280492,7,0.01934955491270407,0.0,normal
2.4260140251268325,3.9400000585391908,21.398767662598125,91.93844581025346,10.661966574072993,30.20037963755613,4,0.07164182599311875,0.0,fall
1.5690642997440982,1.2499893550687715,2.8482303134636098,81.89585675824108,2.1624349161140244,5.185844333689777,42,0.8335484012431933,1.4341581523022746,wandering
3.9361107890873424,4.9150900424601325,7.766927805530317,105.61231104931028,21.235508211600536,35.46405797518206,8,0.425078913442546,0.4668779547799285,distress
1.0095187408137065,0.21008738605789556,1.0091553221641814,67.5154929583638,1.780516716802629,-1.0114400169119895,7,0.1759689485996725,0.0,normal
2.394982178361393,3.747617578028949,21.240581852926816,106.15085814641924,14.045776772738877,26.213308876675985,2,0.03889188915319733,0.0,fall
1.6185690463269475,1.0814370248970215,3.0512518717434536,93.27609034694457,5.4534773251079685,11.079316763352157,34,0.9862703171962536,1.1211229171228645,wandering
2.241810306538084,4.457603702212843,9.647897577514033,112.75961942314811,20.26828854222753,40.95541824561597,18,0.59048876582973,0.029207723820837972,distress
0.9905763288053622,0.13925865535820076,1.3441199727523965,70.39994555466124,2.884670764622417,-1.539566975298758,9,0.03433547343244221,0.0,normal
1.8886753294936593,5.137468465103494,17.327958874595588,86.01033021794231,12.975044498060562,25.670715092919533,2,0.03054217004734471,0.0,fall
1.6330898149353077,1.106400328993199,3.013583063881022,92.86424921507094,2.5240770884413344,10.716138369756845,34,0.8427797753064871,1.0610927066967784,wandering
2.9294251336269816,3.998396053636622,9.653806115881313,119.8295175124958,20.293735047957725,32.58383004745416,18,0.6282888390793754,0.03032122889095029,distress
1.0317096981285012,0.1607066526924557,1.241994040322391,75.58431546325443,1.9445246629304203,1.269664113784244,1,0.08776929723805722,0.0,normal
1.6602673191217878,4.624230870602943,21.450600305857478,105.76662435743934,5.20627676768286,23.912613640118117,2,0.0945039640438086,0.0,fall
1.523616031050678,0.5315223050610012,3.976984761384797,91.65901295680057,4.421039371212617,14.899655471223397,54,0.8890080796225327,1.1314337629673978,wandering
3.0339701036447697,4.89272520425275,8.480785919081164,114.88670303692356,23.679946746362013,25.023552414528694,12,0.4308684035281573,0.007549038931859431,distress
0.9239885429422146,0.19444372115857328,1.2452432967213563,75.42295276386807,2.060730124408437,1.0438143844341168,8,0.017059346927183007,0.0,normal
2.6328624802199863,3.958991911470953,19.316851677461866,106.91156298679277,11.714237152669458,22.48579030772138,0,0.0941509698556608,0.0,fall
1.9833252755175481,0.8607858891963186,3.333354110691569,92.59670802441526,5.160562947102305,11.684240431932235,35,0.8625852686040333,1.173774317812295,wandering
3.1600397428976486,4.73576535443746,8.71214620205464,104.60095479973008,23.56739599381691,36.09313946229659,6,0.4951068146898839,0.43013192045864573,distress
0.9407284028567596,0.23043139841899113,1.4954094688013995,71.63544762116948,2.2166463759723665,1.4933752967239622,5,0.11341884562950029,0.0,normal
2.341160776224613,5.335865048730314,21.316301504627514,108.77717632255874,11.921172770173586,22.879627492513414,1,0.017168475876978673,0.0,fall
1.891097202976943,1.1063478717667952,3.8240581013658206,82.76753455057427,4.438713799063064,14.933184354209889,40,0.8006807978730904,1.0440446499524207,wandering
3.068214769854964,2.8373330879178473,9.801336405866767,101.475478588328,12.892192535429572,36.13517428978437,15,0.5181288297532389,0.2615460141675742,distress
0.9035988990304593,0.26035777703344376,1.0164600435153783,76.67436337168986,1.2742109244127875,0.022630979679090668,7,0.13129508918893293,0.0,normal
1.754514390384958,5.880261070939191,24.677579077452062,100.77039503429407,7.7300508081267205,29.109520283953458,3,0.040898891434013734,0.0,fall
1.2224633770966904,1.2875635049050214,3.133025425856677,84.31206922856902,2.13654316926342,7.751448422167369,38,0.826982432749555,1.4152495852935125,wandering
2.497852585208508,3.7625762094411788,5.590161889992186,109.13505314444797,21.53508135097805,21.348284852732114,6,0.3508951776305094,0.267827247002665,distress
0.9382821487833957,0.09787952926825362,1.1872309818625686,70.4149353656631,2.800506539176787,1.5327287751496463,5,0.14077873663486198,0.0,normal
1.5306744587136218,5.406145821634645,16.051513940182346,88.35330368138723,13.958789651494131,22.214835367067874,4,0.07203809469309035,0.0,fall
1.5059460624005987,1.153582855128954,2.954849538281791,90.40685637256585,2.933420591240214,9.79133400398375,49,0.8555076505691812,1.344453103859694,wandering
3.2621399362281,4.285052712671546,9.183656616169808,127.38694055446855,21.515728855305625,29.7795671260423,18,0.4648740602558999,0.1066165802765679,distress
0.9121152974910054,0.10175322287979681,1.1847566581385947,72.77423655199499,1.7493501602298225,0.6829089228141894,6,0.0836631962977123,0.0,normal
2.7181747642033454,3.907068245961841,24.013181035578356,92.45356804769656,13.074444119739017,23.24670581811705,2,0.06037709678835005,0.0,fall
1.9924753810818356,0.8613075028871711,2.8182239118101506,88.22682590340196,5.686142103292652,9.979496033162503,51,0.9405404764801725,1.080392761390677,wandering
3.5945446262638985,4.050287419153435,7.578704588984802,125.43591525237119,21.057323441356708,30.411928338754436,5,0.6278910012048171,0.497336785035309,distress
0.9881775095836997,0.0682191368983391,1.4392236804206853,74.16191088426304,2.329422690499075,-0.37242426090956204,7,0.18333870874291733,0.0,normal
1.5198825069256312,3.7175408756959465,16.894934615154458,95.4272835136506,8.080640187144681,25.39195589994855,1,0.030260147408492113,0.0,fall
1.5197473035510696,0.6127624776300075,2.0685308151460022,85.49850718465736,5.569991082759452,12.314737458969743,42,0.8281978189635246,1.0070972682076418,wandering
2.46109403651952,4.350389341120186,9.207948337403304,127.76990904505848,14.458049468234833,32.4986368908997,16,0.3103803927463638,0.48422484856677733,distress
0.9473852540522192,0.08533954215887275,1.3281387314239692,69.76649782612866,1.5512320676208844,0.24537094375397128,5,0.13577073522421465,0.0,normal
2.327331872487931,4.327297157355211,16.081012877998376,97.241274490188,7.555568720475792,33.73451479801668,4,0.060781588637551426,0.0,fall
1.4501612751252702,1.4915444107352234,2.3735273576539475,94.4150110587554,2.770787822866791,11.57185080598061,55,0.8022233875117525,1.39041262778786,wandering
2.7536787726940704,3.9942749601441845,7.4996065302110155,116.44225133720687,15.702254284217418,32.067361578873474,7,0.6182426906443945,0.05279196092985883,distress
0.9022127487848264,0.13121549358481033,1.1895039303020947,68.53812556319602,1.5745007051634183,0.5454085763770009,3,0.04891517912895374,0.0,normal
1.732075778351224,5.678652110512474,20.27728281856553,99.96582130020715,6.282980305454602,32.393748655811216,0,0.08108853535785557,0.0,fall
1.3670651003478413,1.4869442235040542,3.7673921370157437,94.40703930275757,5.838384336048488,13.395014053305202,52,0.997907400032543,1.2892158121557127,wandering
3.2466444765522673,3.89364413444668,7.21477298703667,120.7875118469359,13.480847606452734,27.870084166030367,19,0.5697018156974645,0.25314225793513206,distress
0.9701215960014021,0.09065800344780321,1.2026850619592409,70.56085764581663,2.4742528914513904,1.5520328074680614,5,0.1491087634967386,0.0,normal
1.9086409891812375,4.9506546175100405,22.583011083670154,94.80305963291082,7.341066517898104,29.78359441486644,3,0.034287345180039966,0.0,fall
1.312566947210671,0.5172647164454863,2.0594187877153045,90.2565264791531,5.22388211410483,10.240650967402589,45,0.9684539873469356,1.0104659382171317,wandering
3.1612683910234676,2.3222809654275163,9.930537431877855,101.19609632935358,24.84126162539756,19.06406627551089,11,0.6575046214585415,0.46254389901538573,distress
1.0929678683491522,0.14293120615319727,1.3208747841548902,73.2479545289327,1.8802607765351271,-1.6608227586107445,5,0.10018279476164982,0.0,normal
2.3428515125975036,5.604029372452626,17.472826284174115,103.76376121634009,14.474537987585455,23.42220695822446,1,0.07616988439676436,0.0,fall
1.4776680035091956,0.6298009514074746,2.8383480712484297,81.76631604890542,2.5799810107311614,11.789823677316111,54,0.9333255384142378,1.0152162898579862,wandering
3.0020302431709887,2.041181387029082,5.035558943482006,122.84284464667786,17.602776021221885,18.68989901648641,15,0.4578595944084084,0.15609470723166252,distress
0.9724926611888757,0.2620068008201063,1.4797801178351935,68.67682400575282,1.1421154864527137,-1.5883054806637533,9,0.1880357288189991,0.0,normal
1.8266831798937746,5.518912433061697,20.886393114948465,102.76132974624967,13.062710889575932,29.145924429212982,0,0.024322615692866423,0.0,fall
1.6997081421907838,0.8333758131887524,2.6978156219956175,90.39070676257764,5.356873802556954,8.245104211928641,32,0.803823474233053,1.167339109202458,wandering
3.233708726521355,2.4216280183655634,6.302948426680182,109.67918043180615,14.97253483564888,21.24328132376558,6,0.3851958034141932,0.2941506889197364,distress
1.0750720098899649,0.21496664510558589,1.0439244753276613,71.61964365397725,1.0335563488583437,-1.8328284370474393,4,0.10740023727417414,0.0,normal
2.9905889572020596,5.909719647161909,19.57243506346593,101.44465449430005,6.606313816914058,25.994540350410812,4,0.06626152984329453,0.0,fall
1.386791443218031,0.7126583670236295,3.774518038530088,85.4894180486525,4.4318120510483645,14.786829024739545,47,0.9999410944654583,1.1620165573255703,wandering
3.1607551827195692,3.863597156982979,6.2600062872357585,127.6752945877293,22.84139207918533,35.33447946547519,8,0.4931194384482831,0.31754674302139796,distress
1.017926041160718,0.25199365574226634,1.1335063793011544,71.87110581344741,2.7472750432838904,0.25076095709626944,7,0.029549705547917693,0.0,normal
2.4179296066525158,5.146467338780724,17.53851225294841,107.26389054748078,14.596096484944617,33.021295434598166,0,0.03924640329573477,0.0,fall
1.8032328638190107,1.4742481370689609,2.8812733360197824,81.54422962992703,2.423721976123649,14.450054851278416,32,0.8594921316428503,1.297327751665327,wandering
2.8066961931771797,3.4835636729360777,6.033314883381984,108.78900834412414,24.253218085129944,30.38984640653982,7,0.517649945961353,0.4917263035447534,distress
1.0028324710318697,0.20589761014827396,1.3835725086320338,69.35329530655568,2.1896229397652753,1.7924826102119265,1,0.12905068622693858,0.0,normal
1.5160955675096017,4.865645741965087,22.506877155508157,93.76914014025233,8.492453509763287,27.585755865869206,4,0.026478946463998978,0.0,fall
1.5238528864931153,0.9182000128598805,3.4914202846124143,86.66239372064283,5.701596481714459,12.477816263838976,46,0.9570102648294042,1.4555170700725681,wandering
2.2867930158018916,2.256312570271486,8.911657890963687,115.83810801213542,10.567658687937419,34.47106110118279,12,0.695978351136985,0.12041183330383964,distress
0.9959926960005268,0.27659797570895567,1.3867691546837928,68.84788880322608,2.934851930044215,0.4268114464075756,3,0.07826652285558709,0.0,normal
2.887222336000211,4.577414163584725,16.020005938382628,86.35463047494994,8.119711092220387,29.60885132113104,0,0.02776837764324405,0.0,fall
1.5004847262638739,1.3698237771861315,2.095404432936638,94.56195843165288,3.239827060161254,11.628572949209275,37,0.9384876844608244,1.2719692650166217,wandering
2.0410976015314204,2.9954255159898358,5.345259881464952,106.63211224424967,17.155728628717654,41.53532159288113,5,0.6670750233654137,0.0938635466256671,distress
1.0393420205184398,0.29271578510734975,1.4240431886221643,67.55550907626663,2.97053791178845,-0.3717891879004247,5,0.07855159558151088,0.0,normal
2.368556792748663,3.050213406907261,20.74442282957836,105.7689148824216,5.928125168994674,21.90128174269738,0,0.0451684197859215,0.0,fall
1.24077589790068,1.0034725407340641,3.884879392862747,83.36800328786848,2.4199467431064714,12.7219381327361,38,0.9234644621456629,1.085324870677084,wandering
2.3289254472930567,4.406705686503075,8.740580246446788,103.15340636516682,22.08017321710051,24.72764424505242,19,0.41294805905397747,0.24852334490330164,distress
1.0463231483562865,0.12725513724304433,1.4110695784391913,76.90485465720434,1.1672595949634634,-1.8650415156253586,0,0.07586869397561911,0.0,normal
2.519106926991025,5.457609727436369,17.416987666791293,107.26198661067048,9.971846028798106,31.846132530728504,0,0.0008323263435467521,0.0,fall
1.6308383161015123,0.5549179454180094,3.202138497564313,92.06070250886144,2.5598008316739316,8.631470521091929,52,0.8627882063210246,1.4837523889467603,wandering
2.0085706899071916,3.9017351126494946,9.319504068206248,125.31191355317662,12.785976652053261,29.729321413170158,7,0.4244911725381333,0.1170476687115346,distress
1.0213338285449947,0.13270968138622702,1.3791098898844838,73.6012775235341,2.09139787735943,-0.8181639629380122,5,0.153089578124449,0.0,normal
2.9581850104169822,3.5764601192307706,24.035583875838654,101.61962269055779,11.203505828695016,24.29220146263937,3,0.06371288489012163,0.0,fall
1.921948367812199,1.1765068774494463,2.9505993247015594,89.73457390847953,4.061151300893085,9.128670817812253,51,0.994141014430366,1.0422052735691834,wandering
2.276251117091933,3.452760191425054,5.299413954110194,119.83211340424285,14.068147174346066,42.005626549529836,13,0.4713534809921204,0.32558377456335197,distress
0.9180964372495307,0.29805851298233543,1.1442353523462292,68.51319751212704,2.5528135692952407,1.6746051346087496,2,0.13877803961524235,0.0,normal
1.7146749205199412,4.665690430726981,24.084879217866693,105.14356404913612,8.432609848432818,23.90951833341637,0,0.0016456574805624236,0.0,fall
1.3720890788535642,1.2773648961240316,2.0503179343316598,82.34746852694305,2.9818482378029567,10.479535358317065,50,0.9889088517262923,1.454573460666023,wandering
3.9311274110361416,2.0135478661023813,6.964976470005283,100.07865603350288,19.016454891637665,41.473643147861225,7,0.4823855718350971,0.47227437144022905,distress
1.0576220407310242,0.19940937133005165,1.0200606149065394,68.62327397553881,2.023261187663822,-0.7366626288348725,2,0.11295479709215711,0.0,normal
2.5123752000330732,5.462515367179018,21.127747353507747,93.5741338567309,12.462552266285694,29.523097150199348,3,0.025321525443184258,0.0,fall
1.3527567225085173,0.7186648085301927,3.714098432035531,86.38797967617612,4.683732958697341,8.127888814191403,55,0.8333600921962697,1.36240468129004,wandering
2.3052938694257743,2.0354112293599904,9.780001342016789,101.73496594111609,13.061410403600657,20.607024946314326,19,0.6019640903127379,0.22784176393647465,distress
0.9394235730095839,0.06334620839413889,1.2748580388714057,75.90779653913447,2.744287176959348,1.705838664198946,5,0.13228781741689408,0.0,normal
2.4088841688845384,3.7628242558867,17.501123722706016,85.89794271235712,13.52897907766851,33.82149772275135,0,0.08130845096229083,0.0,fall
1.6601468629743001,1.0586210993487883,3.882390890500897,83.90403984092214,4.175021529171542,11.9949632024329,58,0.9094514755072679,1.3624503698113875,wandering
3.1751370140130426,2.265021070376203,8.141899713794349,108.0553105680543,21.277836029201055,22.134693142728807,11,0.6848959853163216,0.27560526836496,distress
1.0726213951168586,0.2980582363040071,1.3843088628578053,76.59201661665594,2.1079940961159984,1.3657338724028123,8,0.004493494094813144,0.0,normal
2.76143029312105,3.4038607117154687,21.44525171933777,86.90928506468819,10.361390645890825,20.389014750237056,1,0.09390516881794751,0.0,fall
1.912716158758471,1.3388161700221364,2.752060141163785,83.58418646675257,5.719557428351523,13.645878636018914,43,0.921436916517399,1.1428961584948565,wandering
3.59568142549046,4.36787365235545,7.192158252717424,115.09477336903015,13.937921894072172,18.57586362545696,13,0.6606190614070883,0.36641024117317456,distress
0.9109732922377332,0.12995696415756514,1.4436526602039939,71.18056749629638,1.1588922840895572,-0.6189745837929257,7,0.09834492801202444,0.0,normal
1.7732918354914196,3.4549900486255014,17.212702989992845,89.79542554575461,6.367819221551562,33.93703363414706,2,0.075197405055543,0.0,fall
1.3567562339499484,0.6024757255963805,3.801079476351237,94.53565171572727,2.688567169336678,14.700437063293608,41,0.8888250151128114,1.4448117716868225,wandering
2.476497412481078,3.887563305137213,6.556821792558157,113.37612358746003,22.880575272528922,16.483863338494398,5,0.565650898097454,0.06447603584722261,distress
1.0831229617152318,0.0958107896650273,1.3918138408904233,76.70389723007472,2.5897779978606636,-0.9420292251816087,7,0.14045225504361272,0.0,normal
1.6564173453351478,3.0140567460739947,17.021072861858396,100.52466044353513,5.567042347261275,28.54531341142441,2,0.0943710431831401,0.0,fall
1.5845348939243944,1.3261184048287453,2.6913558754090516,93.73492304076481,2.64314398889727,12.01103638065342,43,0.9514103275839938,1.4303794019126936,wandering
3.3185474086166327,2.168278473850277,9.08880732036944,116.26760367691796,14.366589201848488,29.088931768468115,15,0.3852913731558888,0.18851052527599343,distress
0.967117853485533,0.2054919995339427,1.0817732673251899,69.4472479213646,1.7565587483277099,-1.108274830485601,2,0.18620800714722158,0.0,normal
2.455548980316696,3.3547254483534026,16.29196461109998,98.49884882482766,5.924299996064624,28.423369154575333,4,0.08424630441357263,0.0,fall
1.2359712346199363,1.1426088569890123,3.298913280741226,81.9153138581285,5.227922849303393,5.920941721685839,58,0.9757668890618127,1.2806879481642712,wandering
3.8710215894826785,2.9427494812545456,5.840039401435742,114.59752796343099,14.593730810919155,38.421738195415,6,0.3597397339398315,0.2959864435026918,distress
1.0114748234286821,0.07338991965233359,1.3815165537538228,73.54934810184368,1.7029562202303568,1.8306757493821681,0,0.151154468417402,0.0,normal
2.797618090542112,3.12447462791123,21.33798816340413,108.336362908167,5.9740913780801215,24.990331359913796,0,0.06102807289056947,0.0,fall
1.415138891621911,1.0993208123848648,2.7237489286201617,89.72866206801676,3.974907765748751,7.844280302719752,45,0.9542671194186647,1.3881163397129928,wandering
3.519688074139549,3.7241633177176343,7.993778951689867,108.51971106830021,19.148506546748745,30.569023507508327,6,0.4555659197139748,0.03515675931600365,distress
1.0171747524052959,0.25928108102152664,1.2729683730104056,75.4734147971571,1.9541128749975465,-0.722889591889615,3,0.0775315192504247,0.0,normal
1.5984085371723091,4.359214135192927,20.691251447989046,88.55234308573206,5.377245539718905,32.97925213886391,1,0.07729873358191997,0.0,fall
1.6304842712311969,1.1133504454064789,2.5711298441966752,91.781959822016,5.252805035773635,11.770603347934102,33,0.9874130601424439,1.4506623151794362,wandering
3.790404883032092,2.4993329785234946,5.663321117671459,113.44880618344435,18.252098161152077,19.348825744374302,9,0.5700021245218615,0.3671312053511659,distress
1.041912984730132,0.24466766230101855,1.1360193910481733,67.0767315604542,1.5179816213988602,0.18417028193377938,5,0.10995999204514809,0.0,normal
2.8027263718848934,4.8119978255626155,15.30765223786388,96.26557281888161,5.752087673096251,26.710581252683433,1,0.049042583600341874,0.0,fall
1.7033485130858215,1.026215489720649,2.311631967034445,86.7404576378173,5.469137324879395,11.332731151343516,44,0.9278703342657856,1.0339702715139996,wandering
3.558200662678318,3.392535179546747,5.610483057498645,121.80120998267209,15.938482121815628,28.479169041848962,6,0.39754600581637756,0.10476935134373827,distress
0.9674468942905031,0.22684799474582595,1.3707238610114705,75.53299435429386,1.65319688604523,1.2628995847041855,6,0.0419310309369435,0.0,normal
2.278305440687095,3.61789058486677,22.598017651414132,100.6904655416518,11.039948243879444,28.184327747191745,2,0.026848546817284227,0.0,fall
1.5271357809910349,1.3963237560989408,3.9698066554038443,82.68152652213811,2.563600349630008,11.3184372513138,57,0.9554537471320196,1.0264883462026344,wandering
3.01973765638461,2.244891133530958,5.852016145349664,104.99715394053597,20.636265259699023,40.69752081693801,12,0.542307664949431,0.41095095569349405,distress
1.0891198219677707,0.25856146872142644,1.1254193314676049,76.10702891103942,2.0397218072294057,1.4155169180965466,6,0.05109867805553506,0.0,normal
1.6567940937797705,5.167088247601043,16.018038002749947,100.26382764404326,13.526151374127496,31.252526445094805,4,0.076800803337153,0.0,fall
1.2036795842127173,1.00374695518831,3.16552739568911,90.63147433540945,3.0327893462514783,10.324018049966405,55,0.8837858976762656,1.4968494735262128,wandering
2.669689334762423,2.8738105687675026,5.1218311027322,104.17383713565945,10.468516192314507,34.47345264721943,16,0.5643168380527983,0.1510084017317186,distress
0.9409884593995859,0.21336615430657108,1.3018296745023246,72.06866998219117,2.8338775091800654,-0.1475772380953133,0,0.15991823961614032,0.0,normal
1.662293188862023,5.281638981623119,19.81815386356272,104.44800769555562,12.523798823988736,28.24806710630551,0,0.07857192417182583,0.0,fall
1.8242891195477575,0.8065121541302528,2.1666457849040803,82.65179669666084,4.065385200203929,12.657273271414315,30,0.8938853536294674,1.0138998207560739,wandering
2.673493411001038,3.2412184808571736,7.619651615411508,126.83060714384244,21.55464710560655,23.449714539902935,5,0.32057150230505155,0.37843851436105014,distress
0.977112522973547,0.2177194397417983,1.1020532091708142,72.13121474195678,2.8402405451753445,-0.18681514567346547,8,0.036691527823887626,0.0,normal
2.7071829539890904,3.6577588827457763,17.639819278035024,97.7318856461429,13.462508713654,34.71494341096038,1,0.02823576281661229,0.0,fall
1.2429331316420176,1.2147593991055137,3.7646635222965386,88.53475083648475,4.605973363876558,13.06059214254654,55,0.9909501137907722,1.0975780861852897,wandering
3.8536352333184922,4.045327116676035,7.624045904257285,124.17238040066555,11.001707810599374,41.93589556361484,7,0.6211952380458148,0.40682852266361474,distress
1.043204712550261,0.27806001324394636,1.3595496108384582,73.53513573171863,1.9528206256140939,0.28901863472530254,9,0.19085155816139698,0.0,normal
2.244316529118624,3.358135352878014,19.150491482433075,98.95112174781983,11.954243853422536,24.89794719562216,3,0.03094321057385422,0.0,fall
1.5844858776559732,0.7049469387073586,2.557401797324009,86.28883180033735,4.514701543442261,8.136411582386328,52,0.9737071639040944,1.3600345635771984,wandering
3.6085675178490595,2.060889372713631,7.511156433336952,104.90264770803094,16.524730223415904,31.725080631744763,9,0.4774200965699263,0.36978007009904895,distress
0.9628544869429994,0.25192912964237363,1.1141742861969914,73.02060324116742,1.494989454808544,0.5446160566859337,9,0.16366145911226765,0.0,normal
1.7027557640228008,3.4500247845478533,22.843486289759017,93.54583160749903,10.69938973753253,20.242712367171247,3,0.023381583073024428,0.0,fall
1.7261735500695699,0.9814931485900639,3.3337313805128526,88.94432180419001,3.0375892030337233,10.429580774391075,42,0.9797618049684671,1.1295158448960922,wandering
2.3763027331024817,2.3677755351605865,8.574002909507083,101.87680073557394,18.501022034778636,32.91601537414331,5,0.5370924395646589,0.0422007877240978,distress
0.9200916699428933,0.07197562956547764,1.0350779059933237,75.869378645209,1.8044994421615401,-1.1614259327157748,6,0.018449957326322486,0.0,normal
1.8612316540651817,3.817403841114157,22.97785632941897,107.60419767000843,14.437290761424254,25.889017132006465,0,0.0008179312142363116,0.0,fall
1.207794242437718,1.4732988613609286,3.175524774678986,87.99689661868274,5.936535173981408,5.153818158758279,59,0.8522100074204233,1.0845701304524742,wandering
3.6473687721273853,2.977317677035635,7.634521410443588,123.00451617088714,21.660426603911567,32.86495998743379,8,0.6319232670587223,0.08758154540223534,distress
0.9278105064232604,0.08331873672630498,1.229017774632564,70.62471153999245,2.761667134576242,1.2530430621115105,3,0.1263917405858518,0.0,normal
1.64614932896953,3.1895252888136065,19.280757195803453,106.03637656591467,8.865857985610369,32.75679633106412,0,0.023959403250364643,0.0,fall
1.6692895737015927,0.940391427173887,3.7433755327555813,90.61462354776657,4.088667255427506,7.302080751394987,38,0.8290000578559273,1.2456736960964498,wandering
3.711635058220375,4.497640677316747,7.105753964053662,103.88208357591333,15.892955025167726,24.080619373353557,13,0.3151807968569442,0.16254095529225293,distress
0.939222486491444,0.26647363177059785,1.1410863914844633,69.08679045641986,2.0308230816987773,-0.464375666767447,3,0.07284598988164315,0.0,normal
2.7611793136426943,3.8085822782054843,18.78294529003172,92.14202628184017,9.982355542528378,28.49402829319845,1,0.028258606417236,0.0,fall
1.7429155674134544,1.331284902245692,3.0299386223364477,89.76256192467672,5.7315861034939575,11.78149078203555,52,0.9679215092733925,1.230038200708955,wandering
2.6947142872197114,2.8304878748507774,9.010754681480396,129.75817544753485,17.754728184525078,41.40089528596083,13,0.6320409155381077,0.4796820497581313,distress
0.9971209601744273,0.09955301579376745,1.0496624758084376,67.00308847697278,2.9270087329916756,-0.6811811831239512,9,0.18728370926602442,0.0,normal
2.611474046009212,4.5632278238388775,24.71662911329929,89.81171035230558,14.170233207135889,24.93952502093678,1,0.06268186544958232,0.0,fall
1.4450513235682165,1.0347020688630262,3.0474612063412967,90.03570128707173,5.133454560653067,12.598090100437428,38,0.9862601071857835,1.1136689118294425,wandering
2.915113399182924,4.109828533391315,8.29415896027779,106.4856843093769,18.70382243470426,41.17244044934886,5,0.4205712238399996,0.478410440825246,distress
1.0296561081974078,0.18482315149655204,1.3111519339667683,71.50932587444174,2.620044161289928,-1.2689247627920812,3,0.1835473424927312,0.0,normal
2.292494701001546,3.4954744243355367,23.60831943601165,108.08577529121267,13.36132454717016,32.57912822467242,0,0.023551048895179196,0.0,fall
1.8023983290803334,1.2299620138046408,2.399214249566003,89.0814160152814,4.776551052882597,11.521339101215894,35,0.8844821370370518,1.0807118813280536,wandering
2.359136691617065,4.262018802974675,9.069316720484746,114.09205074073192,11.78274056032749,41.627320716004874,17,0.6578283607759094,0.4515772419352319,distress
0.9679101866657509,0.10274738621852626,1.0546259640740652,67.86787179300896,1.9670710243118408,0.5456672574596331,5,0.046145189458613435,0.0,normal
2.522802284542,4.24532518946705,23.623050218317513,104.59956056661493,11.308807025991957,20.2972409849202,0,0.08673072271979525,0.0,fall
1.618463620239079,0.5788898567329089,3.2010293628853312,91.00317296804486,4.23880457816659,10.082200177675851,47,0.9506999450454876,1.386663995088369,wandering
3.0742970101699667,4.28785045731897,5.727933071952193,107.42244177485766,14.770385854848444,28.780092119505458,17,0.4716401072808405,0.26382157094150366,distress
0.9413436610588385,0.05982746720707276,1.3593302784755243,69.52982402272484,2.12787310421008,0.3527754196890647,1,0.029519472105242885,0.0,normal
1.7716202528314362,5.307819772794578,18.36204609911075,86.87908642609727,12.7677083997986,29.959727910724357,4,0.0025697948764116575,0.0,fall
1.9103712028422473,0.7726300457305912,3.6148899677400452,90.45485129456416,5.940400669752459,9.899871340501779,51,0.9724431537735216,1.1580176509651257,wandering
3.4658465865656836,4.213729370884646,8.05074069071894,100.80492111486241,21.529459502659627,18.369549277413878,11,0.34910178559964145,0.4449718508442451,distress
0.9929913822321434,0.14785915630780705,1.4494292063918515,76.42000099276419,2.50275266764863,-0.5785657391811765,3,0.12035102321154588,0.0,normal
1.9424165821818273,5.541590918607492,17.335188109032675,90.73964785435305,11.285489109796586,27.468797401227356,3,0.07298919695136638,0.0,fall
1.3850653525388297,0.585567301871647,3.4233706858682313,94.18196329795501,3.5683056780240436,6.551543356188816,46,0.9828034244824856,1.3833402229461411,wandering
3.6718215610450953,3.636896741156176,7.3517055683081445,120.77460748017722,10.891968364721501,39.159279279626475,18,0.4167818573913629,0.24315478246895572,distress
0.9246324010319156,0.09662762589830591,1.2853467063519934,68.57585301287385,1.579422280635009,0.425879763268703,8,0.024911647816953188,0.0,normal
2.933989929072316,4.658838084589941,18.890872128252138,104.02767913330999,13.583350452074836,34.370669955333284,3,0.048388320724849734,0.0,fall
1.6893367141705689,1.2133652977940619,3.465938285143902,92.39571743558841,4.211315930144132,7.509112629466599,42,0.9465101514318777,1.465689305689653,wandering
3.264406268333728,4.470391992112631,5.397418934085423,125.5446582641396,24.681642136072632,21.64700523893638,19,0.5188162120265228,0.294315037103637,distress
1.0230811926817514,0.2025878306360136,1.2340107557886473,74.82602439659904,1.5922626955286927,1.10870991277814,8,0.12149270456176581,0.0,normal
2.1405597350272916,3.626323527672868,17.576106847414316,107.2433554495268,12.389494338880654,29.277987773577838,0,0.08263889090285487,0.0,fall
1.8100870335518011,0.7122960432618243,3.2935453508289605,83.7440652042161,2.3921301840680083,9.86975346384202,44,0.8053439696822402,1.126823033485647,wandering
3.2586956646263996,4.690443638833168,9.682245509908448,125.98486493963051,21.740656379948064,16.116400682268683,13,0.3965626875838806,0.16784815324893593,distress
0.932283571836166,0.07338555371980708,1.223089674556374,67.65153161505935,2.276931140682277,-0.1054129458590749,4,0.19144970748725088,0.0,normal
2.444729646200167,4.580939517594606,16.047252940239634,85.57936028161241,12.96281166506633,29.06434298650726,0,0.052728352063917995,0.0,fall
1.9265884801145066,1.270896842146769,3.05548634118827,83.08852905752892,4.992297033178033,14.826084078464287,33,0.9283859528208904,1.3578381324250708,wandering
3.6481768473480263,3.8432588560581538,7.5251623528662925,106.31112082903223,19.37836905953747,40.57001054813199,5,0.3216533313329929,0.05499854030757295,distress
1.0165015130276003,0.21928671787477977,1.0380287474956065,71.90292075558017,2.486110312130419,0.9012862493168785,0,0.07078986916426709,0.0,normal
1.5342352702719508,3.8938790604470754,18.963255419777173,108.14155854062204,10.858488458327262,22.334501145665268,3,0.045142813043312816,0.0,fall
1.6291115773415341,1.006638959693978,3.5171280803738614,87.75587483204198,2.388350031203897,7.814451816058017,44,0.8920480620759929,1.4288057832423409,wandering
2.758383234401463,3.8056376963573504,8.932637762461965,100.96604378242534,13.442501745884702,35.21359832011149,7,0.6247260356196606,0.17161002236528927,distress
0.9663370669998121,0.24965875598246667,1.0558097742382708,71.0790199797117,2.6316047428112563,1.1474012923472943,2,0.1985777052963851,0.0,normal
2.7651943525162936,4.631798312321732,18.105027535077664,98.32922783140766,9.637010118762593,30.807559830630076,4,0.05202575295736045,0.0,fall
1.4142385280884084,1.2259001632590891,2.0660769651391715,83.07763715968089,2.6051236560481157,8.936750558163702,42,0.9387387246653925,1.0435301386495603,wandering
3.787407654238698,3.7147291593410654,9.306036880496404,129.33637890851534,12.349229772021594,28.017466169583766,11,0.31007149243987936,0.10962509246289265,distress
1.0197847380847709,0.22021487729578987,1.0802555707996695,70.12866626212488,2.001897363101351,0.61070674496673,1,0.09224586007153138,0.0,normal
1.9185295327094027,4.837249937718283,21.339918718214044,85.88719883660357,9.406164420581163,20.02987381344319,1,0.08953470703008681,0.0,fall
1.543698381150824,0.7774836539033648,3.2113286929356026,85.27843313032704,3.9674181957360757,12.752687694414945,40,0.9999886912456459,1.0076592262298374,wandering
3.4463224836175037,2.0132761729439084,6.208669422786732,121.132569589663,15.915788879928375,38.29305007324233,10,0.6601736744900364,0.38039165205726266,distress
0.9724501327508315,0.2709373396693317,1.2043150353835508,69.70368357261137,2.4727229661274643,-1.0692990366747694,7,0.05089820570053341,0.0,normal
2.586486311408777,4.496075726435095,23.57521017920945,94.35612114618253,7.721706990287797,20.599224237016703,4,0.06419309016642895,0.0,fall
1.652482574598397,0.8637290846441815,2.712683192166075,83.796730319148,5.897078634283305,13.89483141806349,37,0.9209356380556849,1.3775536587449386,wandering
3.602298746049365,4.9398498642451845,7.8180822327554615,122.21206685832442,22.079674392698024,37.32639531383073,8,0.47322462225468637,0.08584272521458519,distress
0.9149595222547401,0.23312505285239238,1.3067856717315052,69.49703245262042,1.2068255977545805,1.5942897496061215,0,0.01943731607508801,0.0,normal
1.8424435485640993,5.365828061757901,23.49303181797007,104.08324074534477,14.649540974093355,30.37229732058237,3,0.03730926355641134,0.0,fall
1.3857799150575336,1.3570896546167996,2.4998397127807666,83.59404245009793,4.449338113836225,9.003492932197279,52,0.8199560697305326,1.4010401053787966,wandering
2.385216085444431,4.199613726610433,7.782366001148027,112.0693523710881,11.723032549824035,35.37715702950754,19,0.36966180197207055,0.1993902467939207,distress
1.0658781429328659,0.2738847466760645,1.3252956676512073,68.77567791934725,2.6982812372133864,-0.7753174302667274,9,0.11481136888940963,0.0,normal
2.0775616634502585,3.719505685033068,20.051189282096377,99.88583383244453,5.897184154223596,20.23750670533599,3,0.06469001702115516,0.0,fall
1.366900979068705,0.7324240144006655,3.904859431371062,87.52093122898691,5.622817849993821,11.963414425439097,37,0.9168035154850485,1.3362755292668653,wandering
3.0160631308708385,2.343159349863967,8.022682745303436,122.46203013447709,22.67284556613191,24.36204579128112,13,0.4670187158667565,0.4741930554687316,distress
1.0261268595214488,0.1370529732660486,1.0351478792967521,74.2263409326815,1.0741840495746464,0.5697890389202138,3,0.035686789022347676,0.0,normal
2.7878577604781962,5.38015218196365,16.703146197798088,92.91843091265282,13.24996604512665,23.307875600151657,3,0.034645524010022855,0.0,fall
1.7035150088010504,1.026489579079373,2.581863743335509,91.96607933815696,3.102061062494803,11.590315042001205,32,0.8768570923612535,1.4794427542839146,wandering
3.961655975493527,3.1047703564791878,9.517095807612987,119.5909088687542,21.40795734693026,26.237344326347436,13,0.30060588724881565,0.2548561788925011,distress
1.0211755697501232,0.13255781762282987,1.431250259898878,73.02799674299455,1.4845099768211947,1.4238775225700917,0,0.1046517199740163,0.0,normal
1.9660407630938537,5.99888968593311,18.89891864970278,94.78863880201598,5.501767421306138,22.367118128290116,0,0.09690597190795586,0.0,fall
1.7397870103312114,1.413866120518474,2.593212470191345,84.43721392986969,3.87153853963097,8.632208894236745,33,0.8447740566882781,1.1088447286937022,wandering
3.533568688796879,4.431940068894842,7.896987865248532,106.94392305416096,18.186413519935954,23.329450403816104,17,0.41547703740446024,0.24867759476673806,distress
0.9579735127385841,0.27591160505284673,1.0927843836437439,72.36796068209568,2.1097833596010576,0.9797851705317489,0,0.0567197350868526,0.0,normal
2.7387720490069105,3.741943957856763,19.813240060450234,103.94536450330838,11.623770567609276,20.115416346007862,3,0.03255082977207279,0.0,fall
1.2114921316432083,1.271681629798056,3.3352790725815273,81.15269644846299,2.426077216060557,12.576080592417878,38,0.9756700053405098,1.444334386405474,wandering
2.68748209783819,2.9177913130662154,8.289492567764444,112.48677188853728,15.379726739405239,17.572089256773417,17,0.3139833970538556,0.38415347814368855,distress
1.0763581632845352,0.0767386563511545,1.0782417703949472,74.37946914214302,1.4485070367918553,-1.6850447301231877,9,0.17516701762967435,0.0,normal
2.9795924976352985,3.8781176571350744,17.30381418595471,108.47894096400489,7.098694345558668,25.7602440060973,1,0.04622014713360495,0.0,fall
1.9746350018163525,0.5274087496501528,2.9750098459186507,87.831553499647,5.036854474358794,10.629369103120123,55,0.8801264714842953,1.3828862128188344,wandering
3.1505900874580686,2.760320800635638,6.307064451333931,109.52114083271596,10.503825355309438,20.87637048669622,11,0.6026917265228716,0.18799805205912,distress
0.9025311597991282,0.09239323160569814,1.173267633005275,69.10845951336356,1.1349790110355233,-1.7946038307965173,1,0.12026268596162987,0.0,normal
2.3649062451579357,5.127477596167379,15.6223088229997,109.12345611644348,7.022903714475802,29.28004233879666,1,0.04413908091754634,0.0,fall
1.8359224279765682,1.0449571414619114,2.3150278262975803,92.68059496014455,3.5766711786263627,9.992727353581806,36,0.8187524160852487,1.1444897454960665,wandering
3.67698210331065,3.239267126443,8.84478844327384,129.5255533528893,14.439224570116949,42.90178976337091,6,0.6355486786402108,0.24048074766314387,distress
0.9367537750444588,0.2468151088192701,1.4713633525183716,67.0208285572594,2.3414574347404677,1.7135452747570108,8,0.17970274144056717,0.0,normal
1.8713880601574813,4.927133382017751,19.783707914156736,89.10275476913095,5.4488819221835225,26.754058439765764,1,0.05906074783650165,0.0,fall
1.5650783735918035,1.082166623827029,2.083601201990863,80.70983651434686,5.223375912426788,11.233630515025215,41,0.927213935797002,1.1448987091519263,wandering
2.663477030438637,2.1533364302741975,5.192182747401134,114.86792448210629,22.46922842353314,44.51928045019028,9,0.6350087892419698,0.21686108213045935,distress
1.0032757200174565,0.14252295104214435,1.0108412244770124,73.39596503036046,2.348807445739025,0.3744722325919274,8,0.06903033793136155,0.0,normal
2.5894953757706025,5.107888502154283,15.362303505250754,92.57611551729255,11.4700760516495,29.590712477231023,2,0.02032427857757333,0.0,fall
1.242583750916789,1.0341682823490654,2.8914291278640576,87.82119754795129,2.772168206072769,14.877619621541157,56,0.8902035903007022,1.0472818171316847,wandering
3.6817397650866197,4.799650105393211,5.590103072164773,129.13138409261916,24.258871638712726,38.68240574893208,19,0.5149521271829051,0.36241421435607923,distress
0.9167965557515318,0.2984322254408248,1.3882372825018139,76.41661349440417,2.045031665832595,-0.13553456146528253,9,0.16209938518348163,0.0,normal
2.4950689796262875,4.595883978373058,16.483030801244507,104.97818519965023,12.82164597142186,29.359763965734953,1,0.0850995611185879,0.0,fall
1.5286844049242323,1.488737800674088,2.9449537645888935,89.79381514579116,4.5648402670113715,6.279530855689989,48,0.8521386952094088,1.245003802002125,wandering
3.1752024543059085,4.61948542596866,9.4550162363728,127.67243690038558,23.296800295762253,17.033761225099106,18,0.34189236080830004,0.3338587081754106,distress
1.0254171979990288,0.1970198015100978,1.3210758419985609,70.49682957501017,2.096289143867706,0.4813504319665718,0,0.1619554219571865,0.0,normal
2.8740586460412296,4.4356997389444235,17.539240239757238,100.35660501408941,8.88183072961436,32.73303403163545,0,0.07827862859522247,0.0,fall
1.2953570521603015,1.4196097080438188,2.2139339019564472,88.65862360239069,4.785537255444201,6.352418049027325,59,0.9529316879872312,1.0614009595071061,wandering
2.267033331887118,2.5543564022617726,6.766277228171084,117.60072552813729,13.024329807964858,26.671148429587703,15,0.6204578929087671,0.06027108048645191,distress
1.0943576350231794,0.16528161596490648,1.3814285062086178,67.49663069478909,2.6849186387026043,-1.36569340833972,0,0.1482609205624022,0.0,normal
1.559596536197657,3.292618511047161,24.836692780512593,86.28664108883807,12.301352850573057,22.133464848232567,1,0.01750408818514523,0.0,fall
1.2368094781828796,0.7225980310363737,3.5693905377990243,92.09526401062962,4.505051701670377,8.727362822944244,40,0.9382876151027358,1.1349739846194131,wandering
3.9614081271597925,3.8454485313310975,6.7312738910087155,116.48619262403771,20.379903518801605,36.51629934886722,13,0.5721358921146025,0.14951794157765153,distress
0.9491349623879591,0.2376541075678213,1.1103905289586886,71.44972058591881,1.8500876517807043,-1.130471617408888,9,0.11430338762916781,0.0,normal
1.5889611139892792,3.6931270371081375,15.275483642640806,98.58758548475434,6.31621658551979,20.384254396869498,2,0.053958085350696273,0.0,fall
1.5132670253314573,1.42292755307126,2.136665320823911,86.28968756666877,4.7638359886120725,9.354555345917701,50,0.803071762932214,1.4701057231563013,wandering
3.0810749733260314,4.531294409992231,6.661719080378026,122.08666505724972,13.177924485993726,36.70466993806389,15,0.6822924034365849,0.4669491520298438,distress
1.076690250635957,0.18663170342429947,1.3126569621246493,70.08449018186484,2.581756110912583,1.9740693775698523,6,0.05203952358895969,0.0,normal
2.3886042939256313,4.1102845905581695,18.1658553042022,94.25546921567711,14.260093220975808,25.624011171933823,0,0.0391682391053351,0.0,fall
1.38503246443443,1.3465038699750576,3.0520477976607374,83.41675585223473,5.26194120204126,9.794131384376849,46,0.8219455270535592,1.3713399423538235,wandering
3.0773824301000046,3.1300038886650956,9.071898702343018,114.17472315307151,18.473820997947996,23.492492891277667,13,0.6810083706990963,0.36114502671585097,distress
0.9290568862885866,0.10857396784620484,1.4089477808430875,70.1114897840291,2.6944881160012364,1.5645128909371295,1,0.07227990885641365,0.0,normal
2.590366717963512,5.387121834081549,22.839269263043818,93.20066714110732,7.245660328046812,28.933076578408237,4,0.06383710923047158,0.0,fall
1.7146441095128235,0.8430028737799168,3.3412413907574807,85.47126251878186,3.1102667659741696,13.61290634159391,53,0.916303337840588,1.3727585300475866,wandering
3.9548159059013237,2.3371562376008534,7.5410356392603255,108.57139432274553,13.258944437707934,25.0288941708209,8,0.32544839115320984,0.4227989836349812,distress
1.0622435003936115,0.23065113475118282,1.1676223650380617,71.12356231125015,2.2247853463929426,-0.34162130952088976,2,0.056176286375187345,0.0,normal
1.842538944810816,3.9260069119412817,23.225659105181872,94.30074283929878,7.170587115529322,30.996593570857236,4,0.09406478167424942,0.0,fall
1.8769576817329219,1.033213964008566,3.2622900808484623,81.81479171988576,3.4636078812684876,9.374461243677139,34,0.8719965747275712,1.149874066425168,wandering
3.194222145510195,2.679684533501048,6.750058779847423,109.03839213327788,17.4632625561306,39.78204300755996,8,0.42758043368023535,0.0017418293300790477,distress
0.9684114890137634,0.1710649284052475,1.435500523312866,73.36213694178483,2.0633871163967514,0.8333015196228764,8,0.12793398444620405,0.0,normal
2.7857411142046256,5.827273505270668,22.076854560918502,98.42603872280036,11.534941462201948,23.156200594454056,0,0.06168485962052037,0.0,fall
1.2912716787004221,1.0601240681476711,2.0356656244729794,94.1813258581887,5.688918174413999,6.317310878947668,46,0.801830050675853,1.4934502931083136,wandering
2.1323099745985825,2.714979753846042,6.85578440677487,100.67619651890013,17.852351250737687,33.561666717540156,7,0.4282118805670536,0.15094910876700246,distress
0.9250919740029829,0.26159939497339757,1.2729966614127433,75.40093127539942,1.2971505741134823,0.4506201562556065,2,0.020244386647655266,0.0,normal
1.5696402016660258,5.2416414004945455,20.918499159586574,108.66168436676556,9.183080601438196,24.453888033671475,2,0.02046939273175944,0.0,fall
1.8901439075923843,0.6515009587316843,3.163540488371731,81.24367658586817,3.872019751729264,13.888656787533773,47,0.9523991845252064,1.1229335101218978,wandering
2.454144115388269,4.5755725383512935,9.400739352964187,101.36758866867599,15.821936651171125,22.5760112794757,13,0.4381180561247107,0.1569396259382394,distress
0.9806640853553652,0.2325251841884018,1.4122185915846996,69.37316710873623,1.5940923988063689,-0.3574400956630557,3,0.07677578943348362,0.0,normal
2.4369057663707867,5.674421004754131,24.65443627615508,91.57446575609782,7.690322880181142,21.423396137804104,2,0.03371530365429851,0.0,fall
1.8071769148543226,1.4625395461448008,2.206555995608192,89.80987112651127,5.874044463598658,14.326531761560044,48,0.8495152957177291,1.4699345411249034,wandering
2.378608203217973,4.018838554310998,5.060841581297563,120.38308765613621,20.228539603367967,41.270997411712614,12,0.3316446474044063,0.06888955143885334,distress
1.0655999294614928,0.243758866615298,1.360165472260376,73.43748734613064,1.8585905734697556,-0.012844907305577635,1,0.07152297666640538,0.0,normal
2.2296709908361674,4.81321502195669,15.306777721245016,93.00626646694636,10.95461324910029,29.538700431635554,4,0.058383711947686184,0.0,fall
1.4560516625694147,1.2273578943006695,3.1179337959467426,89.67605999354555,4.251251820963892,9.69427481966709,30,0.9370371221104914,1.0965118059489638,wandering
3.4707204440755985,2.7405038488843054,5.454079708888027,125.85484008822463,22.57357527270251,38.47165141760727,9,0.6724094464615773,0.08355662645807937,distress
1.0102122974326393,0.23525716883786724,1.2905888106131422,67.46120173771979,1.4470132448966724,-1.525994767143601,4,0.05449945719629168,0.0,normal
1.8780154999867402,3.7176339890380072,24.10457008870108,92.31369498423206,5.520874496027779,21.388688314536026,2,0.08876170408033641,0.0,fall
1.442418553601577,0.8997006695091674,2.149527010860089,81.0265828553934,5.045183281022045,5.564435089100343,54,0.9807501437040131,1.1777851271486537,wandering
2.9704088668702475,4.677569632074943,7.276064978590815,115.57527862165277,15.99619746525889,21.656733819337752,13,0.6759079178206966,0.1817759368320262,distress
0.9431195849596802,0.16700305137069776,1.0234548858470087,75.3645681143164,2.09607418977731,-0.797465998602815,8,0.03389796564332175,0.0,normal
2.5972787139839615,5.487134985284509,17.087632924562882,107.93963050050603,7.11864730770694,31.931428612447988,4,0.09920543702241814,0.0,fall
1.8622086576669759,1.0873644859231204,3.8427245150110325,89.95196226809924,5.250994467794399,7.826756497098291,53,0.8573591564299214,1.3440478167534282,wandering
3.4090318924612566,3.919744845680871,8.317010935733595,115.38627088910735,17.59516612932227,30.25149119139457,12,0.36654987291968605,0.29005729117464635,distress
0.9254074164967689,0.18044288184278612,1.4656024481943606,70.95107955618592,2.733441956680685,0.16691722006651144,6,0.15376192521937887,0.0,normal
1.8822079914708505,3.62896111143052,24.88808079314849,89.09365705342593,9.123131964149792,26.417044712686216,0,0.0017465265022682864,0.0,fall
1.3715344065288106,0.8212676702790939,2.841041415428781,87.91394908782445,5.438581787335723,5.8840889827892005,32,0.8797237115895405,1.4727159112500243,wandering
2.8081965076278115,3.2476464136629843,6.362283431357733,121.32980813932481,11.289607508711487,25.501268329701908,14,0.5425779583489131,0.01853229774185844,distress
1.0261176742179263,0.17340525964390435,1.0405715318789461,73.78309192302514,1.0439271735540632,-1.4169096577661309,6,0.19056596160219935,0.0,normal
2.7976892481947404,3.862479353158375,17.911765364845408,96.95983788800517,5.979129510506426,23.758988234817068,0,0.047503558414421845,0.0,fall
1.205908511473034,0.8231195447211666,2.4827686835127762,81.82262514717588,2.6875355742814038,12.195835214947165,36,0.8383768649625091,1.1810897435095975,wandering
3.6570606487684945,3.381918077580957,5.786819734552513,122.98800150947609,10.31117733552455,17.72359939331958,13,0.4662284297943902,0.19262421217972742,distress
0.969702707439655,0.17639601369117663,1.4229430195197459,75.35432197903954,1.157777132506762,-1.287538203373972,1,0.1595174497784414,0.0,normal
2.2705920536100366,4.804614513636989,23.744876500182453,94.84393690050723,13.54911016925766,29.37833154252427,2,0.056583178649961874,0.0,fall
1.9694426444434576,1.2574638490038992,2.9772307491504053,84.7126855581775,3.7706541185581357,9.263577898032086,51,0.9388442764148908,1.4663679297468115,wandering
3.64635197426537,3.790695871502632,7.95110147642513,113.36917630691488,17.140330558488472,41.219952039641335,13,0.41553860828260647,0.3655639889459908,distress
0.9238539124052032,0.055814500291737804,1.4033293260352973,72.06884109016171,2.0204062318556346,-1.2925108029172114,7,0.09768995259757261,0.0,normal
2.464605803797931,4.914276237370556,17.042109103354008,107.93997595401184,13.180000608203116,20.476477546202997,4,0.04780441062204153,0.0,fall
1.8554317776696323,1.4101923936163379,2.964345842080851,94.22407435378186,4.944066214408384,6.963701810801882,40,0.854371686613612,1.4092858194823776,wandering
3.6193002444119546,4.258631429202023,8.729181691011833,118.043958514397,24.264167170630586,25.184276073946513,16,0.38776135877481255,0.01744122384328345,distress
0.9676097481976708,0.10492119167141846,1.0770198080426239,70.87335437027426,1.522438217132492,-1.3927187319865548,0,0.04027789188357165,0.0,normal
2.322160926254392,3.458074284736295,15.300313776614313,101.20205273446334,13.155952980716725,27.193102976972057,2,0.008736064741402127,0.0,fall
1.7585688016314176,1.086691558726189,3.238434919345379,81.27074555286518,2.917336997398491,7.884695548239574,55,0.8637610728930749,1.4800015020574584,wandering
2.891871818941712,3.159388705876902,7.663690125054671,113.88536637815429,12.478868077993393,16.8539315486795,7,0.3641425065564563,0.457901093491873,distress
1.0780198159823962,0.15772585874448375,1.3210016682823535,68.35422881949368,1.3721649273304743,-1.4113756485541455,3,0.08898041635390692,0.0,normal
1.594195488300859,3.831171658482969,24.816701026890136,105.89790432660061,6.347762935539928,33.70561243022068,2,0.07483633119823947,0.0,fall
1.8519853213468318,1.2817462153678612,2.784349612137451,89.56398350047822,5.1172713677775405,13.064275012634583,41,0.9797048172943426,1.4830885875221196,wandering
2.629313235095697,3.2372387136260548,9.779150397730337,100.51485601748936,15.690615980101137,22.50237350437712,19,0.6150693891590412,0.1416962826902548,distress
0.9604493205351826,0.11693348795683813,1.3394165129697964,71.47113972086606,1.8800984385685586,0.5454135623769583,4,0.19777682613126135,0.0,normal
2.056607522373337,4.093189205968058,16.452257552139624,105.50133518767493,14.668913251968021,34.209576777381265,3,0.03884589583476686,0.0,fall
1.2242821103617942,0.5838059113324289,3.535822046512528,86.46157395155825,5.289252677144594,8.610905670714455,48,0.9976755175862355,1.3378544111079647,wandering
2.995828355248178,3.137489238061113,8.981517790575412,104.46049971353679,11.010566313531758,25.83009049948082,9,0.6790700601593676,0.4936078380211908,distress
0.9673996258835886,0.07492582515616021,1.4358551349098772,67.29955238571166,2.5604570146624077,-0.6337917682274861,2,0.06478052461621069,0.0,normal
2.255372466612057,5.061322414042399,23.35053303875963,98.09190162372812,12.433462526840206,33.804727704445924,2,0.06114999584481739,0.0,fall
1.8138389272708064,0.7498815286862358,3.8171658490353524,89.14358367699586,3.7620986701774553,8.031465909936314,56,0.9276020647441076,1.0603142439917461,wandering
3.9677078433597117,2.500752749771163,6.248710533474938,116.93932867852092,11.622593547997583,15.037074123986997,10,0.6235953678335886,0.08545335042006791,distress
0.9700208248445961,0.0589503621516244,1.1200607158132323,69.95520877376556,2.1561901056152335,0.13157876798242807,0,0.15152933471695285,0.0,normal
1.6278433649857647,5.794977052472831,19.714458079043503,102.48725446289575,7.833274386644048,29.831242832421314,1,0.008636546609093387,0.0,fall
1.7613292646943974,0.6336545551143473,2.1851443550233824,82.44738658146329,5.947649938787784,6.08126295767163,55,0.9622863758388657,1.4810672222394994,wandering
3.0824947633433775,3.32525001912316,8.862090969928266,105.3353925117757,20.142771514161137,43.95280854158209,16,0.337081014552929,0.28346077955524795,distress
0.9746329800175164,0.24311642527829408,1.4810575549393707,73.71306085034009,2.9455362179338485,-0.8754047130811631,3,0.15494800454209567,0.0,normal
2.490865712954365,3.508978388583629,19.73032786193319,97.94882139656843,13.060429323285637,25.86280386961618,3,0.03707155290716766,0.0,fall
1.4123206020214054,1.359403673295913,2.7654278650353854,90.98753435100292,4.921765825268811,6.834097157131595,39,0.9726873301811563,1.1364222556319465,wandering
3.6676150370078555,4.41583411683434,8.44416169576081,110.47041216683026,23.444030816657964,17.082911021504742,6,0.6673524653897362,0.13720736165790837,distress
1.0297264569324707,0.18448060360519614,1.0161480907488318,68.2417727646835,2.411894126687413,-0.5079607595458606,5,0.12265214483141261,0.0,normal
2.468989250012977,5.093892250803535,20.463313422513625,88.3530754713872,11.097728915940806,34.89122623331474,0,0.0744315331164939,0.0,fall
1.861892727199313,0.951137167128647,3.3764596821166615,87.32980516551122,5.615099879557333,7.557063236910189,50,0.8194177198023507,1.2252529102540384,wandering
2.1266570509173763,2.1908255073546923,8.591402713904275,104.89025958215568,10.687790776400732,30.388406806036826,8,0.4464903537954592,0.3534313852692165,distress
0.9748877401445505,0.06410022379785936,1.2252857011604126,71.60911459092415,2.0234522348299144,-1.064378409414667,1,0.18858881084369294,0.0,normal
2.180938959766677,5.887937759114077,17.277769903777784,98.80585164700122,5.210695872472151,21.698253907932163,0,0.06687900043401872,0.0,fall
1.473503769807808,1.254139708872649,2.98478385656705,88.3959732702686,3.42837835125478,10.001475338455494,39,0.9947916578910188,1.0678861999155236,wandering
3.0174605752449706,3.635025043733647,9.0195646594475,105.54915699068515,17.404944593431274,43.54760667432285,11,0.48362775680062775,0.4353843624411623,distress
1.0570086320226957,0.06402225955930933,1.4955574872644166,75.13472412048228,2.244697576747342,-0.7603763218314175,5,0.10323400013932969,0.0,normal
2.8705144357039587,5.103559263863559,23.860714216776266,108.50614619532108,11.476400414326683,26.252774068550274,1,0.08609701899354134,0.0,fall
1.4249727918985475,1.1126909718659683,2.3322126180570084,90.83718565153019,2.8233104462726106,6.794363358769745,45,0.8969836287526931,1.4003232283390266,wandering
3.9961444390073684,3.0799228144129684,7.57357894234991,122.73418030906711,20.871710875112818,25.561821174129456,5,0.6104678443975914,0.11431547209423709,distress
0.9250181150648397,0.07127896369569912,1.4430405541970521,67.39508972829303,1.5739270297217225,-1.0485959966096292,1,0.06321277877516918,0.0,normal
2.222847998385336,3.3800710483881535,22.044285564267668,90.67703694892046,10.378003139582862,33.352884209036844,0,0.006947391408426607,0.0,fall
1.9101916607130236,0.829728170734549,3.98822769015048,91.05233233622818,4.929471405075452,7.85599354663144,32,0.9227521795199536,1.392752749174896,wandering
2.1918749847592363,2.8070390556061,8.084115959573516,118.50990302093629,17.474496491489106,35.713896728623595,16,0.6116651889965825,0.02417027312962322,distress
1.0837673909970327,0.2678641194452636,1.451932895857798,76.07843983998939,2.5589676206665057,0.30483955700724374,8,0.14485540421031026,0.0,normal
2.463752188733836,3.4443050947534086,23.545101329744206,104.87454319110842,7.884270031700799,34.9719684252934,3,0.05256852551298657,0.0,fall
1.5506582835554739,0.5728619802916306,3.1369168118744404,93.90754137936062,2.3650421187035633,11.090906580616977,32,0.9120798662294933,1.32723768339412,wandering
2.405088285147947,4.194711190787648,7.080315664088943,126.98590515833622,12.44972417279407,27.401833768164067,18,0.4894346854736978,0.1567527020716415,distress
0.9066379781870929,0.12436508678729873,1.0329252759110927,71.60929470083997,1.755795234199926,-1.8779036734127907,5,0.0033925892874244303,0.0,normal
2.3787167768714683,5.597339433617439,19.5605476783136,109.70161687338683,6.053134688226624,23.966722659557288,4,0.04162192678318413,0.0,fall
1.730950996418731,0.6268270304409843,3.7301239605731373,90.41340022627665,3.24508924040982,12.314284503794973,48,0.8886394731324339,1.096006907295501,wandering
3.0235333626397636,2.9003320838354116,6.593923452075323,100.75741023040831,21.34669842726663,31.100493452328852,14,0.5553548905468468,0.4771187910254074,distress
1.0981455353110972,0.07499274581095157,1.025377073932459,69.6698961678917,2.229548469674363,1.974265466385666,0,0.08472597479088606,0.0,normal
2.8732716443330624,4.3550987880509755,20.151788143808204,89.62730028773008,12.531145372972507,21.0422478363259,0,0.02878067352039562,0.0,fall
1.4638729577550214,0.7071637091105546,2.949307508690353,83.48247028480279,5.280379191102591,8.89773530907733,51,0.8062647657515791,1.264710264517159,wandering
3.5379476468729196,3.287374282350866,8.918551893655264,115.92037247367043,23.47213069674505,43.123415727277475,18,0.6548708809678908,0.027995107658976393,distress
1.021467600343282,0.17773636830388845,1.2457842445192793,72.4624748925384,1.7503793679997914,-0.773511694279247,1,0.17744275724797223,0.0,normal
1.5163136379488726,5.27881604610062,19.897188894619468,92.90760253908506,8.198572253396506,20.71159116437168,1,0.0707971236527666,0.0,fall
1.3255742102263928,1.3944684226470931,2.705583037274128,85.71405170706358,3.3526698149965157,14.063092525082222,52,0.8681904101106829,1.3316394566392842,wandering
2.410485590949625,3.561415616624807,9.625504084999399,126.74626068670476,22.144289041046875,33.25107037293098,14,0.5149343615500539,0.1562353061850984,distress
1.099482011446826,0.20888986814951227,1.2644095640876487,67.6738916605997,1.0866297145848582,0.9521224806154045,4,0.07367442484896385,0.0,normal
1.9242114269940451,5.1153999362371945,24.392958652109698,101.07414392915001,14.036814651208356,27.373143027313617,2,0.016105224987959143,0.0,fall
1.8063741356886585,1.0797997428584065,3.5524255442248647,90.15906400442445,5.510152243855636,7.52834729306053,44,0.8890149955165288,1.0456857366054524,wandering
2.773459018486374,3.6960955779859876,5.068951779266905,101.09284139693204,21.258646114786288,28.02921049880964,10,0.5982470329742937,0.10804385727616356,distress
1.0245254038715492,0.13849351749274408,1.3676342279416707,73.0886477089854,2.486389013212806,1.3001007467894352,9,0.12877520556404143,0.0,normal
2.465491757479379,5.325721337832579,19.817363969416704,100.29913318468962,10.422393598903355,26.19227746744166,0,0.04008724251441886,0.0,fall
1.9119011530001464,1.074741933874471,2.699721873856804,88.90178307113206,3.1247826696368626,11.312595152535607,38,0.8840857080947694,1.1660456389387823,wandering
2.6514228198505236,3.2924048801622807,6.8368806477005695,102.52730389144335,23.91667209390983,36.53709406648278,11,0.48851952929326425,0.08077384687443617,distress
0.913302480153797,0.2656606714563265,1.2485609055226778,75.34589452411569,2.5381864734565576,-0.6118946178464757,8,0.13506473818123874,0.0,normal
2.554263909440005,5.030170766513861,18.441575049024735,91.98400038729217,6.62077022570683,32.45075953039169,3,0.07869709103477923,0.0,fall
1.2591983727761207,0.9495692285765133,2.0027091907260184,84.81921181816715,2.1908846451356325,6.656982754916356,35,0.9060201435859935,1.4050996280541075,wandering
2.620494694099354,3.2871885764504536,9.564105719618198,122.98821097382742,10.060506502776162,36.82607529558989,18,0.44706906716146505,0.4147113746271914,distress
1.0714753343520633,0.16500860622890018,1.1880040499537663,67.79307568458464,2.000677756479871,-0.2887404960113309,7,0.14389969658401405,0.0,normal
2.5726367289884644,4.689620674819487,22.63110715672478,90.02308535055059,8.904713817471979,24.72106127061296,1,0.02748304071950196,0.0,fall
1.4018572515303247,0.7454950568845339,2.1508214600361315,85.85814705350388,3.4076869397087446,7.342210910241125,57,0.9145440879172908,1.1645736521431345,wandering
3.3508223336366405,4.669819416807076,6.704689252204012,127.06116194472564,20.62112120945904,44.660883596808986,10,0.423750109829355,0.1692487836764065,distress
0.9404093440692888,0.2537447830557158,1.3329803510870917,70.36693174391608,1.7115948008184745,0.018826834706989537,3,0.10670880757561772,0.0,normal
1.5683134860193806,3.0568981728924127,16.87823611045532,98.56967492490948,14.00282526427464,20.46232028296692,0,0.032789964133768716,0.0,fall
1.9209143939956639,0.8116483630511344,3.2457943228206787,92.32350029422882,2.186738642133531,7.703926958918636,47,0.8829607642179482,1.3455322001015244,wandering
3.545527298485257,3.2774866917180128,8.939645831930939,115.78369427081458,16.549214808213044,28.854376179686138,11,0.4391521933257909,0.43118962599008925,distress
0.9314002982853515,0.16032263773302452,1.2618378257921474,68.2639511346048,2.96401564799704,0.9195633365409694,8,0.02305625835670573,0.0,normal
2.3271778550495705,5.836387818384781,20.62058313956417,103.98819277390707,12.155662265149223,26.250222092783364,0,0.08615006291666258,0.0,fall
1.9601868323298577,1.3059991989190625,3.7609101940353624,84.57210369966701,3.718724835191793,11.64894003505999,38,0.9410961248502916,1.4978930160653454,wandering
3.0675092207963592,4.280639040099775,9.361085195566627,121.3607074567713,13.461547413437483,31.94735939123194,19,0.45424332627564934,0.16956588913404713,distress
1.0318489846533847,0.2151407647750913,1.483007130778267,70.45365034537043,2.5600741701648273,-1.8349219214569454,4,0.14855504395366337,0.0,normal
2.7845140613310257,4.359097539897852,16.068449496910866,95.3791995055953,6.920464552179258,30.801534810896136,2,0.009332430606166554,0.0,fall
1.709059918943062,1.2704896371886574,2.5552438402049744,82.87607905916896,5.088983215500781,12.304236437984452,30,0.9023861166048747,1.1922880351056826,wandering
3.796273624239218,2.5740448160802796,9.93486175673426,104.29521001932537,11.734746071861228,21.998200587122593,5,0.6734753363377768,0.12078268685448657,distress
1.0098050059614812,0.24465451891170392,1.007839988211106,73.57985961757524,1.6766361077657452,1.8176502290245047,3,0.10373969963623271,0.0,normal
2.0166611357035054,5.306320009287834,16.846051822357232,97.91520181251525,6.949348220405937,25.340980997359047,0,0.004532112119874543,0.0,fall
1.7674194820732518,0.5348403807381347,2.151964537710663,81.74307894809289,4.607790152333758,10.022658261557178,39,0.8248276810771924,1.3335599561204803,wandering
3.073904516053916,3.453905088082816,7.33874591088181,128.09978267928568,16.216720477476194,18.332339549403088,14,0.47786956493326255,0.08995998491308,distress
1.0228999591683319,0.11254925497213082,1.3837723916956226,68.93300460338305,1.6513219216034984,0.5333127498398644,2,0.19714514573908207,0.0,normal
1.8300643901045506,4.568507616729553,19.432485062688357,97.54492942420556,7.92226498928847,30.426632783748545,2,0.045473264068351164,0.0,fall
1.271138331427828,1.2048295724818443,3.2662038998854994,94.45640565552453,5.932922259211761,7.1930406246028795,47,0.8468215273427223,1.1051655060044707,wandering
2.9077679869662045,4.534445477662566,8.926016173115373,101.99273153672314,23.035101729842793,29.02370608611549,13,0.6447538283222851,0.29360896827669075,distress
1.0123814941479405,0.2776660132834471,1.3971897242651952,68.38437859418647,2.9781444402725974,0.2414132282083692,2,0.10495586950659992,0.0,normal
2.3583423826036345,4.958476643723456,20.902636002046357,93.17080528621108,7.172972386458208,31.90192542351749,3,0.06031288040728181,0.0,fall
1.431343867669535,1.1731785057595308,3.6570262343394417,82.14584153073724,3.885163050033243,13.052493054987302,38,0.8831354047134,1.105879452747874,wandering
2.7869798055664123,2.0211867837060566,8.361900226845972,120.09988769745303,21.32465787164712,19.219732601568534,17,0.31579208568965383,0.39662962815971003,distress
0.9869021081777636,0.052328017060229756,1.032061739232571,72.7505712918376,2.6754976262579664,-0.34597991360100755,6,0.08783023329999827,0.0,normal
1.543711420581467,4.127107866493866,20.628078657336324,87.16394146518104,11.202026956230775,27.52162025528962,1,0.07120083940768955,0.0,fall
1.6825579623060813,0.7887411399596247,2.943424331650784,82.59697595545728,5.1466232279538175,10.267019504220897,46,0.864325496805599,1.2200673924309668,wandering
3.961644207165005,3.114953415924531,7.994924014437105,101.55617825049323,14.585061427978488,18.057959000585857,5,0.557542805868745,0.13126256408519865,distress
1.0169698841867767,0.22407273347274664,1.2693412505630814,68.4023853345875,2.679646435916985,-0.0668472302823444,4,0.00859078856512201,0.0,normal
2.0648891239758678,3.726879735494823,17.603241787641643,102.1158981889858,7.631366757079329,34.97112024779819,1,0.09358553888052044,0.0,fall
1.6407496587834567,1.1453143790272775,2.0146195570966556,80.36796587020896,2.279326944248007,13.216771647103494,47,0.88249496382718,1.1741136395817502,wandering
3.5531590803840185,4.811915371656468,5.779250735948749,128.36471120466476,20.774007525073692,29.28499007197061,14,0.39833835167420434,0.21435624833814249,distress
0.9489548318605038,0.21701834289856325,1.0403621856523815,68.37159035070152,1.7732604921460562,-1.2745692104122401,5,0.06969143038145598,0.0,normal
1.862034131275706,3.269771640620089,22.334430014688003,95.39747345091281,12.331350606600909,34.10749887364649,4,0.03933155995993708,0.0,fall
1.7016516785339078,0.8809241329112295,3.0980399347382597,92.24749157770385,4.528208221359019,6.336908458820973,31,0.9186234141512526,1.047132569307406,wandering
3.286296578236904,3.119805751321746,5.279499140425898,105.72627099143556,19.25171877278349,44.01147307521071,6,0.46291963783436857,0.34639994631378435,distress
1.085257087218884,0.06182852065251719,1.4961843109704878,75.31113223717614,1.824098374836635,-0.8875057604054142,2,0.02857968418632815,0.0,normal
2.608657483803223,5.955167311987951,18.597848441344095,96.25735554939158,13.638817904819101,24.226295586937646,1,0.016553262170917914,0.0,fall
1.9871176159235504,1.2609163119490066,3.554752541666536,89.89737001249657,4.270733302912334,5.198417427601438,38,0.9780022029407657,1.135963234269458,wandering
2.4454148024478286,3.679617202243902,8.771897413368709,113.98357660291423,11.603084257619825,44.35808874375148,10,0.3408820282056553,0.10323109767288646,distress
1.0222909496257744,0.06411014716188958,1.47072551298265,72.90030964236678,2.9495630355225124,-0.550388904088948,2,0.02259589034794998,0.0,normal
2.2728650452450445,4.520593458083683,16.05188852065672,96.11793221428546,8.264156565169463,24.481865145220794,1,0.09841712058365637,0.0,fall
1.7755301632492624,0.8246471914941116,3.28152213480881,87.46220012674904,3.4090809019529065,14.67460298969654,37,0.9258934590310196,1.2196917872655268,wandering
3.8634148241403095,4.17168853007608,6.41927606359264,117.04182818060667,18.645259415315508,19.339176027235613,18,0.34452172102385115,0.26667464143611125,distress
1.0571402188915802,0.14288814750993206,1.4316296431587188,74.17134727422798,1.7712062663798833,1.0274507703264275,6,0.13637468793963867,0.0,normal
2.239876106290173,3.777103018984932,15.946697593925679,101.50041856580283,5.321132534114664,32.55201376119411,4,0.057976415655920946,0.0,fall
1.2515464978469224,1.3832124376471535,2.8328467158947186,93.44789577464762,4.781029747080769,13.836526768344307,47,0.9226481644628322,1.0133463351947818,wandering
3.572053683493545,2.1543534968785365,7.524827901907074,102.0322456005231,17.81119630000164,20.29853926350666,5,0.3406195478660714,0.03533839957412965,distress
1.042036243608849,0.11253476404068731,1.3430617769353597,73.76138604716361,2.7920245732614495,0.3220807847594238,1,0.07687521824367075,0.0,normal
2.1325992837488497,5.813203268444335,23.615684615522213,85.29327696150933,8.224743738130803,23.206120821230556,1,0.07134749581728993,0.0,fall
1.8700028204387964,1.2645351682440658,2.5490776396324666,93.33860412948512,3.3825987290923076,12.47713686779946,59,0.9626854848315219,1.4977806803762563,wandering
3.167774757885884,4.645145611620093,5.691317636607911,107.53970226255662,22.260815785246628,29.287846817035174,9,0.4959325790804634,0.09697650142941733,distress
0.9977148478281199,0.142070494991264,1.1355105977557018,73.06488577428031,2.0434652030384566,-1.2757214910362835,5,0.04443595875182382,0.0,normal
2.450309736131805,5.604889187258239,21.221805559551207,105.92474153269295,9.94152591341784,20.958470783234862,0,0.06395871278608871,0.0,fall
1.8205790726343034,0.7314832765384163,2.5372104411877197,89.73508751585763,2.19992874756195,13.156635833231213,52,0.8750006866965662,1.1866250748178786,wandering
3.7371007321953034,3.2989875619263422,5.26434918047035,124.96640323468543,10.941850218528291,29.55393537522943,9,0.6754960715153444,0.4449203529072117,distress
0.9386350829235991,0.06510573373314608,1.3327798345100523,70.58068994426264,1.2966729123166185,0.9439174966019181,1,0.1476201876380124,0.0,normal
1.631636924926559,4.480311711318912,17.816741694799973,99.30491323804108,14.420769838100888,34.33772675390163,2,0.05952421723409829,0.0,fall
1.5171362661369487,0.6504924648183028,2.9182593651685416,82.97514227140282,5.46697910302311,10.879767157864006,42,0.9751241419162022,1.3410662492707701,wandering
3.951341778573883,4.236780569374146,6.267174066611131,122.55756917161321,21.635587944764584,43.740523591221994,12,0.4239765669300164,0.33104457126516834,distress
0.9735037429102936,0.12613682317297048,1.0634219449556854,70.9630375237949,2.306850838287547,-1.0935825380656854,2,0.15465598462300825,0.0,normal
2.1505493024019344,4.4882342427156345,24.210137761008674,99.50849913534132,5.295248443262299,25.055136216647828,2,0.09666663200640288,0.0,fall
1.6787204482883327,1.2654313527045782,2.22933232601732,91.40708520292182,4.441992653415685,7.710212825910451,35,0.8407368399982261,1.1217365754316695,wandering
2.4461973920436835,3.0642244794193663,8.045235721763966,108.7691248259037,10.405568702562464,27.524795521780124,14,0.47028398570291996,0.340986446094146,distress
1.0877820656935362,0.15976234185379112,1.3628846091392155,69.79327701964586,1.060294778339034,-0.003541583167115725,6,0.03616744069429983,0.0,normal
2.2385148600994533,5.472867340146591,21.7079581644436,103.9493346651234,9.88030982833478,20.766373943935683,0,0.08759003834720624,0.0,fall
1.9607079380780126,1.3211174278265978,2.7504039018570503,91.91357053702258,2.499598698293149,13.477414517530084,54,0.9018936945652889,1.3577996021820087,wandering
2.9894401628452694,3.5997415068129603,9.682120549789733,117.44508548149389,22.772185224244957,15.935976993800193,19,0.5146910980531898,0.0654456780566568,distress
1.0317292248577785,0.14452213050196872,1.1773453404668632,71.55589899540207,1.545304243988511,0.004886311476203886,2,0.12052447332169883,0.0,normal
1.5620110125000806,4.16774661262347,24.611676788885674,105.40420044324794,5.918883656466264,27.27822367419122,2,0.04110217040029654,0.0,fall
1.2426787309765053,0.741503247066408,3.1648353323106324,83.70445299720753,4.284471691380245,7.033234270708331,41,0.8596667522611736,1.4153378131802148,wandering
2.3195053952187936,2.3042066427553087,9.40922543868319,121.75331774130184,23.080725902313066,34.22023618737959,17,0.6414797970474411,0.0432850526713624,distress
1.0362507415371482,0.1292843555472316,1.0456301293184262,67.45537197894005,2.1610455547186387,0.5770171552208101,7,0.08488555681802915,0.0,normal
1.968372636293433,3.1501280810241097,22.846949895155685,86.25228903125344,11.167745297972388,29.514415369522652,3,0.058808632696066614,0.0,fall
1.8339186062903763,1.152656721680105,2.477122524664873,83.96294663153076,2.557736306905466,7.033527294826023,40,0.8686643258299294,1.4542659521362502,wandering
2.6315164723715188,4.608684476595289,8.104481503301407,101.4229732067283,20.5828054993678,18.871010132830357,10,0.37307964565860346,0.022301362100734246,distress
1.0183068937050352,0.2173086002682963,1.4078808434196752,76.71758882287469,1.3189652784368873,-1.8864976718514463,2,0.1378170310328414,0.0,normal
2.5889758523912088,4.4936509093344945,23.671075186158813,92.83881840329363,10.698923642411625,31.829934085456323,2,0.021136216891025395,0.0,fall
1.8551160181285185,1.1877144059526799,2.2386842599830286,89.03092025630814,5.39960590418559,12.73685126502344,53,0.8446046395906851,1.255641804640037,wandering
2.2001035933181523,3.147140759525797,9.518243542753481,102.79778254988588,15.648112837335978,42.391333572915116,10,0.30394958171958925,0.040826497776200954,distress
0.9658245546694176,0.13847231246374148,1.2365370956341386,68.8437909299776,2.7601911438710798,1.3016603005485696,9,0.01558593124747596,0.0,normal
2.224945186267271,3.80845362376175,19.581283500782657,85.62430402453204,14.959001043867483,28.644298860369332,2,0.08114790377737957,0.0,fall
1.9599023996470928,1.0401700365290552,3.851314767274191,81.75377572475763,5.856058927241692,13.108320022060534,30,0.9382453789917198,1.149904032227187,wandering
2.292032458449918,2.068304379378988,9.808257266232976,124.07625353921463,10.313415854010543,30.43847016952609,6,0.6310611142072884,0.3671847616311384,distress
0.9878156900781161,0.23999403165885247,1.3789198619606409,69.21336614286179,2.087174583642156,-1.9104937674839237,5,0.009128640194510073,0.0,normal
2.5356753413409527,3.0518557860141375,20.590442299076763,94.03088686096281,7.067277714708275,24.74441447106892,2,0.04186508816595402,0.0,fall
1.4661553090279875,1.1596669142804945,3.0365360778589885,81.17244029195672,4.0885094406957565,10.090769818256508,49,0.8804437234082914,1.2564596394121987,wandering
2.113885242996899,2.357062584509391,6.924771388177783,129.85811056934364,24.337807918239708,41.77583973988618,14,0.5262384725635931,0.3241500507184478,distress
0.9533434495827233,0.19289817522907754,1.156458935722506,76.88360831853647,2.10600059120811,-1.383841529069406,4,0.15928555824707974,0.0,normal
2.405992924457338,5.804729788168138,15.171048313792465,103.37764326156496,9.864342352231418,32.83309450843933,4,0.03369702656650619,0.0,fall
1.2240631781958762,1.063233238764521,3.996862821528001,82.92334906990035,3.9444080947961013,9.74787073115347,47,0.8216253236715713,1.2725596636097303,wandering
2.1416905894099303,4.000968291945428,6.238408431253346,112.9672205662086,16.293183886358783,18.830364194886634,7,0.660372975569414,0.11665699035746885,distress
0.911398975339527,0.23424233005955747,1.2485671470292745,68.32471455021776,2.8984918567621953,0.3307644631068589,1,0.10214949581360507,0.0,normal
2.3059425016899375,3.4272460137182135,16.791273334502275,105.54968529080753,10.619978966862547,32.02414189347168,0,0.047151814932964026,0.0,fall
1.2208127223833884,0.5163452401673598,3.6636225072643307,87.43924729701241,3.23214839128121,7.773026943831633,46,0.9933759961859351,1.1997028543270039,wandering
2.8347535875668415,4.389486325256483,7.8921817551757805,101.28976225995466,18.353908327334935,43.91961873507783,13,0.5786268602232763,0.4165331322553034,distress
1.0680795425415446,0.17955736955029594,1.4626246721306004,74.58441613877547,1.8738165191968035,-1.0695230465510543,6,0.15806612254033092,0.0,normal
2.8507267644022445,4.454543064722143,15.786937703272066,92.92241029842013,13.415681757139422,27.41470350204539,2,0.08122737601491602,0.0,fall
1.5423649696088961,1.3688154665655055,3.575578722472213,84.78929723108931,4.452854531442415,12.628629935255958,41,0.9924920953651589,1.0242298117725883,wandering
2.2919399517986507,3.5671717014583555,9.571096226952177,107.5124422423964,21.171712764049502,24.55323152393212,5,0.5538186987125198,0.3516313574952358,distress
1.0515919077084812,0.23531471203101684,1.3586271774757035,71.8852992967894,2.104607127808559,-0.3131719379950719,8,0.05391879070715522,0.0,normal
2.9222174340047236,3.494055184891475,20.80367680792304,87.38745992739636,8.99410402153643,32.8034031654037,2,0.08209362623883182,0.0,fall
1.3639377876354943,0.8104294917511536,3.6759527978473914,91.17344697668466,3.7870041062241624,5.3169858548595315,48,0.8801114339224525,1.1962549861090566,wandering
3.935949096600443,4.022615486897078,8.254203780422415,126.52507276900319,24.444115365349944,33.49696770912885,5,0.4643536636325268,0.49905636520416624,distress
1.0986036315513372,0.2925245809868281,1.0003083290682322,75.76236005699037,1.9720832374431552,-0.1389575828349523,7,0.014689929844689665,0.0,normal
1.8003864456879481,3.435540483278241,19.19468616928368,108.06840384920665,12.271475505981192,24.591265726204934,2,0.08298515795148488,0.0,fall
1.8101174419299018,0.8994894274194422,3.722222825259231,94.8741884606936,2.6239008106588444,6.8470731362130834,45,0.8267215664375553,1.377820820298822,wandering
3.7831709588743347,3.503337398477222,7.246747824509177,128.67021225720353,20.489723107044334,19.739641135378125,9,0.4740668719584762,0.32261855398358036,distress
1.017013352520849,0.08083256411858493,1.3841018007549764,71.0128620961326,1.1989964217536366,-0.8980539866898862,0,0.04838911855676478,0.0,normal
2.1438100073257753,5.912114918154422,22.452859633547142,90.8901614423949,9.83236736803732,30.63317649514927,3,0.051753329194903656,0.0,fall
1.2837459306039587,0.8930595959132005,3.354023924679262,87.91262027185816,3.1681419086194675,5.744910095210396,44,0.9520865015568319,1.1513584693924181,wandering
2.646401688628523,4.079245835454879,5.775754557783111,108.42540251332093,14.933230248090778,17.613804457899104,17,0.5093989115055049,0.4413808949070132,distress
0.9204040955643866,0.07850019129064091,1.4035593670163928,74.08223461856215,1.3027203195001653,1.4408898560161312,0,0.11974827267848798,0.0,normal
2.6824941651809553,5.718126114196179,20.214286015607385,101.105585987213,6.9144146510726205,26.270905202293978,1,0.030884609641511542,0.0,fall
1.5446322009061864,0.8538563774107614,3.6695845640368727,81.69733374156459,2.118642415279599,7.683992481881329,31,0.9137694769818404,1.3733606702966994,wandering
2.0657112133013373,2.0729516328105033,6.864722260185454,103.24975613338668,20.1267228863801,34.76478299996239,6,0.42678003340651727,0.02730065261603387,distress
0.991486385101445,0.11535604525590835,1.4726889488500394,71.64573201428378,2.64955829748588,-1.9939207810591695,7,0.1358425767933841,0.0,normal
1.7797550771174084,3.9875462391256047,21.55990243400996,99.57644585245072,14.91759068477229,21.35175942532565,0,0.08189409919213403,0.0,fall
1.509257820314439,0.5096525169715603,3.112982442779202,87.75492471861419,5.289835123711448,12.118951959199752,35,0.9655280332892024,1.0071861357967777,wandering
2.3880560409052123,4.319673546183122,9.414614859019585,106.75775314439608,16.51351004293889,38.35508954829108,13,0.5731153925487689,0.4342264243294098,distress
1.0093710785580847,0.23946407666784914,1.1715871663302098,68.0087064684649,1.2249785675517184,1.8841968609576725,3,0.011958066830895286,0.0,normal
1.9135810450669464,4.344030443948952,23.20877184476776,90.56275949862484,14.738148807908537,29.343154086494785,3,0.06128944582029858,0.0,fall
1.9187001564984332,0.9318484831646381,2.5510685487447335,81.19924049960579,2.330743196200898,12.42219560375168,40,0.9353020961061751,1.4623786953190285,wandering
2.9951348927395527,3.739128759489818,5.205368250502046,129.82904810093646,24.104228247199337,21.483606667203805,12,0.3161896056944561,0.14992746684087493,distress
1.0362587414954743,0.16700842785828535,1.1989353534889546,70.62307213327672,1.5955793048667062,0.3181947428502214,6,0.004469104614894803,0.0,normal
2.6097968071209516,5.987186849334895,20.397000681502824,105.90502591621197,12.023593937562136,31.487768606456747,3,0.027529911501097182,0.0,fall
1.4640071899829221,0.7195154254243019,3.4648462325177016,94.72651139188295,5.90442441421778,8.258686183371431,47,0.9157648613621082,1.383103401038955,wandering
2.5211462633305857,2.2777319525738506,5.665892524305766,121.56984895888498,21.247978099779523,21.725749223066057,13,0.6756834708128491,0.1535030691471343,distress
1.054427845506252,0.21465581876549,1.1310751394512493,74.21490536480934,1.447159940090256,0.1303964509093607,3,0.11637627427766091,0.0,normal
1.966568470636471,5.629710504561194,21.93192917904983,104.46315372921973,12.96523594020538,34.626388631197266,0,0.0785372289912679,0.0,fall
1.8898256559813627,0.787941774653357,2.461258649673196,83.72225352848817,4.7711640590061855,12.559546798646707,59,0.8733600773292304,1.154759488473347,wandering
3.141576069331094,2.8667527564689923,5.856764074814411,103.32700596396768,17.94493476075137,30.458724744970596,11,0.6658960288910153,0.19930548317639524,distress
0.9790567184500406,0.05483240079323802,1.4433383452835113,71.54889285093417,2.5654879304069285,1.7140670157000448,2,0.15927271288794725,0.0,normal
1.9860878135310795,5.120852967187208,20.707267997108083,104.06705510590325,10.194940690037946,20.065425089320925,1,0.034163591321995215,0.0,fall
1.4569382955781611,0.7782727077264888,2.7156012613548066,81.07742171669686,5.656449005618317,11.255833767120096,56,0.9000028043340627,1.1920901931497285,wandering
2.9373951908294593,2.4732167481323075,9.885212921816837,116.94926248668327,11.841947138881052,27.461243081532892,13,0.3777097604011432,0.2365407241981723,distress
0.9449398215772649,0.25397206527374855,1.207907135360123,70.85858521835198,2.2036531959943515,-1.9414508503916537,4,0.172792889808418,0.0,normal
1.9443748444344306,5.052172622739649,18.376835641532875,94.79904074939537,12.162556592702298,33.644490605000264,4,0.06715259274190215,0.0,fall
1.4534643926471151,0.6483206237458337,3.9466081998079092,82.91930785608963,4.244559590326001,12.724379106945886,36,0.9175326812638765,1.021913823382458,wandering
3.5819289913227217,3.066398507941339,6.697925963488589,115.87796787276442,13.905619833260701,29.863419648840164,12,0.5570107750776583,0.33376418206404446,distress
0.9431071040180986,0.21764346116093614,1.3655937595489942,75.02296139193513,1.7649560469138212,1.375774080700797,5,0.02695718693812901,0.0,normal
2.6497693074673445,5.944273054206487,23.516824465800973,105.97985302978464,13.250218027908712,21.17633455835357,4,0.03000324349993825,0.0,fall
1.7492917908177565,0.865938448305689,2.457007851120121,87.54815753053634,2.964650891406834,11.68500236813945,46,0.9358930966882439,1.133830242300904,wandering
2.1470852406733965,4.777358607324697,5.777466275724555,110.31459136643869,20.093170592509107,26.643365881900124,9,0.4646559368826111,0.44048680015513353,distress
1.0040890209857858,0.11169523870505783,1.117527713184702,68.7221823349357,2.5153527063342995,-1.4779073726661407,7,0.16192338779023974,0.0,normal
1.8316626327828023,5.361477702936419,22.70289154620013,102.4424783837137,12.876518552793296,20.387887336068403,1,0.03221611055246324,0.0,fall
1.3589368978951726,0.7562058734770118,3.7805209149434758,83.39804184438793,4.6636744254040945,5.11367653211901,31,0.9121891697326932,1.1921411447453616,wandering
2.5929208884190484,2.4240751220867724,6.928418369092107,103.47270560777704,19.460442407395757,26.037749605094987,12,0.5886061260020851,0.3709751693190045,distress
0.966464097703799,0.10805469284466333,1.0978782584258922,74.32547816849026,2.441847050314384,0.42812279728659686,7,0.01421446161300204,0.0,normal
1.9160675130284552,5.562065894836461,22.22740641393885,86.29670300450374,13.440792845079422,30.649698761047723,2,0.09139891513912352,0.0,fall
1.797291164786491,1.0776281174049585,2.7817213626858206,90.5524454038628,2.502419671897882,8.10624369951657,52,0.8440848570184102,1.252726668824006,wandering
3.5413839168216183,2.0992142930250943,5.089918094557853,127.43453497040758,17.84949547913663,31.3502679697505,12,0.3549529220880178,0.4984586578927297,distress
0.9332054090767351,0.22280310670385967,1.0793401811136016,71.36714378489316,1.8720711000537507,0.6231579272175445,3,0.1508362000692069,0.0,normal
2.1280330600778408,3.2808141114799496,17.301666736566993,87.1764214682194,6.707479318302124,31.32196636862784,4,0.07103293319450613,0.0,fall
1.8949871756801853,1.2307620361349634,3.035131030302413,87.29013653346017,3.156017108339976,11.123491005621919,48,0.9062738207564902,1.1553771104089887,wandering
3.44829718406198,2.6913009122440203,8.69485909648083,100.7574238229695,20.308007664831386,43.91355852931593,14,0.6641754079616495,0.2597093837966855,distress
1.06103331473572,0.21008329547021654,1.387443797361615,75.7141725439479,2.051015321182323,1.4506533129561463,1,0.0031354033998119537,0.0,normal
1.7395800873860447,3.4853022600462755,18.474803271956304,107.57890803626768,6.631564386716525,22.265507672221442,4,0.085282861818528,0.0,fall
1.4949871868176514,0.9295441046087585,3.1116059987702487,89.33311109386044,5.870359671845033,7.067918520899613,32,0.9670571276611453,1.3127582197239662,wandering
3.8560787678834165,4.8603854895818674,5.181717457426608,121.65243679371306,14.833910680360745,41.238504399096186,17,0.5843253323418214,0.14326809735098278,distress
0.9342785966311191,0.12749603769332984,1.1048344980354465,67.55613879265555,2.654152453595405,-0.002199452014151504,6,0.15415687790917548,0.0,normal
2.5438786767066217,4.578845962023644,15.101413330427105,108.08412054310016,9.893277633506989,31.454939587165494,2,0.008410499579488084,0.0,fall
1.4360736155716616,0.9078597662722269,3.342211067739292,91.07512839106202,2.554777258014257,14.031346825543235,51,0.985718057952798,1.431527243942427,wandering
2.0236357772803952,3.231385159717238,8.529770508463468,102.70838514218364,17.8088573250224,32.996344778705776,13,0.3328889794275839,0.3731676902806923,distress
0.9901695447150208,0.260474375805233,1.2064686152750128,73.02401266443295,1.3061361200993642,-0.6193095937502773,3,0.06909236164782982,0.0,normal
2.2261092840065606,5.430604111871235,22.410435523031268,107.24736051037753,12.525242950494105,24.128774449376138,3,0.09974620813007068,0.0,fall
1.8549125213853392,0.7775350934764316,3.2607576132779332,92.25268778366691,2.017912934205498,9.935155801276125,46,0.8671510906417809,1.4587172567220827,wandering
2.392451238016837,2.9173426378903895,9.794898196499773,120.34740844321611,15.462487591699933,41.2917867761938,12,0.6553469075412335,0.3887486039707789,distress
1.046235157545291,0.22951924021795456,1.1773480089232524,76.69244998478328,1.9156863371450168,1.0865694314285137,3,0.024471278031521118,0.0,normal
2.366338253367548,5.005142640638909,17.16889032483737,87.68267230392016,6.08105167522932,29.043707802419704,2,0.03515835023767261,0.0,fall
1.9784718966911616,0.8565052799291335,2.035841737390479,81.19888366809236,2.1473743693178413,8.91717059782934,52,0.803585818359544,1.1037118417464913,wandering
2.6276936491329526,2.4742457429210956,9.018656814300048,114.73625028537552,17.972602698427856,44.60952997825919,12,0.684529798683375,0.14646203344376285,distress
0.9273685021171244,0.15407093302592856,1.2207605974685152,74.34590793418874,2.1408042503145728,-0.5900516043184854,1,0.12503629161851657,0.0,normal
1.8142843372026984,3.0750112361436663,21.120246678041614,95.31290820112145,10.933382594885899,21.159089160187033,3,0.006433975810679605,0.0,fall
1.2106350328302946,1.1106599203134235,2.218559207961899,81.21417454857803,2.4465576136057665,5.6302740204521475,59,0.9977006646061408,1.0535314616031095,wandering
2.5940941514478473,4.845457245007685,8.734596084589597,112.22933967126895,23.589432360856712,35.0473292745867,8,0.6877763329190015,0.3604068719016858,distress
0.9844888796107227,0.1659369043924866,1.2047704089897957,68.73473942537898,1.4538688156584334,-1.1339878414561775,6,0.01234541475818838,0.0,normal
2.711605810556417,4.573477997466799,22.56620312016622,85.49707483186805,13.340669379843488,20.590319492374498,4,0.027267476049061837,0.0,fall
1.8962560118184615,1.1194336363117117,2.4674203462191553,86.89110977907484,5.0085570193223745,9.192069147158506,42,0.8970595136967885,1.4231854771032186,wandering
3.6366226027776527,3.936677003335854,7.057344710764063,101.62480629369276,14.137495080939765,32.79533475700838,15,0.32772526587818396,0.14878965106834263,distress
0.9812116350213295,0.25813183597379064,1.315616792038878,72.43426940150037,2.44237262064836,-1.5862538459155733,2,0.16521576944016583,0.0,normal
2.48973514865607,4.508523669006857,17.039294169643597,88.23698766393642,10.15171122732442,21.255914101865162,0,0.0123076838934425,0.0,fall
1.6493428079859422,0.9984663806847958,3.1774236761982513,91.72139145505008,2.6513499982162614,13.449761310551082,47,0.8617634358375454,1.1026377717614928,wandering
2.9377434948105723,2.9526665018676748,5.406791863236988,107.90953271685088,12.8464826310181,31.197720190323608,11,0.3790661108150815,0.28122183800860057,distress
0.9805224984113391,0.10080788204561612,1.1234231221295934,68.78892529537193,2.3548352251788627,0.9670187483858204,6,0.10515787803320975,0.0,normal
2.6701442274680764,3.3037945681649328,17.316631624522202,108.0157199309687,11.166807659351447,20.702537307191484,4,0.053587283878456786,0.0,fall
1.9579197935856216,1.0723129274332228,3.0816566140802326,88.71956471285559,5.741784388725508,13.54085285534891,54,0.8724574671534802,1.0670936021192245,wandering
3.916710466877093,4.387298951708987,7.759032352419816,119.58022729386893,10.573430482810577,34.21414255023687,18,0.3976099631462204,0.10450143718970872,distress
1.087376355265143,0.29745916515968823,1.4107137005262642,74.21927215553079,2.4589659504652395,-0.09014334490525266,7,0.0052888229612315435,0.0,normal
1.5004612441891363,4.910222751834522,23.09239742058907,89.16171230687618,14.963571910523928,29.797685079225616,1,0.08157958766812207,0.0,fall
1.3118199981556602,1.239175504115769,2.255838935107428,81.3282725521996,3.2718343082843124,7.7995301460899205,39,0.8748570249031312,1.0880611536391422,wandering
2.955491666455784,4.630909168212497,9.456354850072495,104.06892534725657,17.190166704059834,35.92893118982492,15,0.43716310555505433,0.1745326721946195,distress
1.0656959330847313,0.09751795787795599,1.2569608518788997,72.08417133172527,2.902129589338955,0.20060321691888117,0,0.07527339559512819,0.0,normal
2.895199057947283,5.640193989664667,21.315191560924603,88.72502102732352,8.438363181739573,33.820822842900604,2,0.08651256312916555,0.0,fall
1.9475820618188926,0.8192584560151586,3.7938189414116916,81.43719987849589,4.244762506972949,7.595151105040649,39,0.9381117758975067,1.017417831787081,wandering
3.383083286513817,3.101915987597152,5.990260774499548,114.86773982610237,24.926450219318376,15.978340945620408,19,0.517162415073701,0.2931469577003779,distress
1.0177962524982669,0.16769400150003194,1.155930636960322,71.27998417834888,1.1318841758051486,-0.36874689594223753,6,0.15618319458342103,0.0,normal
2.707190384308416,4.365722814508691,15.095951747118342,106.91756318516603,5.760815123146009,24.36273282272816,2,0.0908478882789378,0.0,fall
1.4701389459461287,0.9431201695137231,2.278812211134037,89.4461936958388,4.008093088042882,8.791610315452258,42,0.8657985923431626,1.4464379648844514,wandering
2.6894209992324947,4.787423689171858,7.293822114513411,128.78367514208352,15.855638337363043,34.13725851142247,18,0.3672579480850696,0.24112777639755828,distress
1.0107131671250253,0.1433858793294659,1.4834355722848773,67.120294868196,1.6295501337488285,-1.302686602828338,9,0.08364057544358217,0.0,normal
2.3542832460000103,4.604210512400634,17.264264877983777,91.54694979629757,11.184811077683703,25.393238947548678,3,0.07327479019022708,0.0,fall
1.3358505554416908,0.6478050038537995,2.599966358592823,80.90275268622811,3.477550000374364,10.208825607754179,49,0.9165668224772148,1.1375561420866287,wandering
2.542152759059864,4.224211519060043,8.526052366727054,122.67991758816129,23.187629204682807,30.601500694913984,19,0.6432311352649392,0.19103891149998908,distress
0.9435973892513789,0.15968152659149182,1.4449963909540586,72.65639664502945,1.0338964858158324,1.7229228719523766,2,0.045099565349995686,0.0,normal
2.1958395827043606,3.3423430286686577,18.640310048134374,91.40899189501755,12.551656176913998,22.981572098840566,3,0.07294524867445677,0.0,fall
1.7710666448389096,0.7388927715054249,2.3182300251202452,86.92117281111908,3.6717948100512423,10.14587702537679,56,0.9272461696946062,1.0412549146008057,wandering
2.9963487416622927,3.9593872541361295,9.44838512118115,113.79652362961879,15.848816471850913,18.804188471445656,8,0.3714950831413285,0.17757789598896406,distress
0.9936260245762439,0.21224487341682874,1.3638529992164892,76.98771087039955,2.292616967686013,-1.916864934942899,1,0.15616166352778274,0.0,normal
2.3365010687598415,3.003385959452782,17.613248349558155,109.70701353405433,5.568330774956237,24.82835473934997,4,0.06854505169552595,0.0,fall
1.643974622751644,1.4967165153674244,3.013721169114269,89.57804598044328,2.697629085172285,10.622319719362231,56,0.8659821439520513,1.424229192480561,wandering
3.0676181335281303,2.351499910101852,8.980974491408546,100.18263791626758,18.48427622751892,18.778860170346995,17,0.3843694686833328,0.20531710586738017,distress
0.9694292660920286,0.1617320840233294,1.3165810423921607,67.4297654398097,1.1522963821373615,-1.853730743906509,1,0.07276303063413188,0.0,normal
1.561748780706559,5.570444695129668,18.629488457265783,104.35257264743736,6.1964419998364715,21.694489394165107,1,0.08613600731886659,0.0,fall
1.4355678107773144,1.3354145681698504,2.556253708897807,88.48485503738445,2.507704069303184,6.1261234450792355,46,0.909694085367468,1.3144108254916178,wandering
3.1872891270762955,4.838491511447415,5.302314846854386,129.2875374805153,17.285552939976455,17.703746584309435,18,0.5767916592014675,0.1972970245178619,distress
0.9192044272176974,0.10935030311960338,1.2157196779319417,76.21798983183588,1.874974197051651,-1.2874456971524708,8,0.06947599902854021,0.0,normal
1.8735357945854945,5.530084137686116,16.387065448824035,88.93638783015194,10.996523049782123,33.5775036501374,4,0.048740663812824436,0.0,fall
1.266693098151711,1.0363095703054157,2.5727498883233326,88.03529899527888,3.1683781621901974,14.804152013354157,38,0.9562553966143486,1.3023103524269668,wandering
3.5700807444559413,2.3815352361280118,9.662063816844578,127.90771184586359,14.55751923736917,35.78508086163753,19,0.3014313765950319,0.20563676043955614,distress
0.9755866159277983,0.19505421862353933,1.0493649070664994,75.1608740309978,2.012926758377861,-1.9388879905291976,4,0.010927400026968459,0.0,normal
2.1788029603508887,4.914123925948803,16.354767201892965,85.30332707152603,7.594610231449414,28.874019831243622,2,0.05368408107534024,0.0,fall
1.5475584119110881,1.348908983748815,2.352537061374804,93.05652565398631,3.124148328350253,5.6127153209249805,34,0.9944278302241911,1.128081849358158,wandering
3.5419614611070562,2.213614830382765,8.478613694803094,110.74346503397788,15.955222410967439,40.396394728490414,9,0.40382217213753197,0.14717283349848853,distress
1.0227921135080051,0.06407420917582264,1.3328622195353905,69.8913210185019,2.991759364963152,-1.0799830972744506,0,0.1315793096775255,0.0,normal
1.8188336655732635,4.587418014607814,22.12048791971783,98.49648249332783,14.331839841483355,30.787749233855457,3,0.008279458953114705,0.0,fall
1.3012899687462796,0.6870134993190614,2.3542875299517947,80.9352075935834,4.996045596705265,6.668512791152571,47,0.9106937450692377,1.1325598440328042,wandering
3.51345220837611,3.6666892427146562,9.421554851508281,105.52423925644212,17.574379562965444,32.376544937226136,16,0.6009292685873335,0.22243317647013078,distress
0.9278077375142311,0.18802866500484788,1.4683272087443457,76.0949569057543,2.188544608995543,-1.4822587754401506,5,0.0988160967846329,0.0,normal
2.112807694477884,3.4789870698779257,17.330433488109197,93.83804016321814,12.689553351469907,29.904399540014445,0,0.03415724173984609,0.0,fall
1.352613993014569,0.8009510801967921,3.814774302455076,94.99673985742963,2.229484003362663,8.497290735992948,51,0.9063753135175012,1.0302564989737444,wandering
2.9698390594443715,2.92003802548213,7.527817945662704,105.38138761170828,19.15589179687452,22.728734320890535,10,0.3427491956187714,0.18046275090979785,distress
1.0145321777597605,0.13646613318969492,1.124052167924408,76.54831161453505,2.785991012067666,-0.25106203461187215,1,0.08772563726448375,0.0,normal
2.6417915679339203,5.124010502721752,23.346960045183593,109.23599056812577,11.390798148671333,28.20840052526993,3,0.024779799705465646,0.0,fall
1.771177619289813,1.1807040196970806,2.518863682980096,86.3731454130286,3.964939953843485,13.93062762256042,54,0.9670445746157679,1.3446547073401511,wandering
2.806659281974782,4.854854240895162,8.91785515317435,112.32528490311017,11.279283759128313,30.047728002751743,7,0.35257956753079833,0.21644899949385044,distress
0.913904787765412,0.17256406705390126,1.4282871787456242,69.44318841440068,1.7514739061817055,0.9229312420466917,3,0.1558384188589751,0.0,normal
2.0129493091490396,5.666855254286091,20.445525889037533,100.59480885275846,14.83670241975754,31.13474541592161,0,0.044404489716632814,0.0,fall
1.5575410743647715,1.0812982622383536,2.9995936691026097,85.32531615746815,4.189097083966342,11.648575123857835,40,0.9958654733253741,1.4285704980010174,wandering
2.749340545126289,2.43511441676978,9.9758999095227,106.89709611947929,12.977664706642662,18.235588811144737,11,0.4338114458029759,0.4024590163700102,distress
0.9126939724345572,0.20981383619842664,1.4704515801232838,75.65165640355272,2.598244853125162,1.734271600064198,6,0.1312913257536166,0.0,normal
1.8327016666072078,4.810981228724262,21.240862709027724,91.80866418028361,14.218037116035077,25.845423865700628,2,0.06625690515468204,0.0,fall
1.5242094112817077,1.1757630479334957,3.4677153532255964,86.74381277895176,2.481662960782118,6.0081551788343255,35,0.804893906759886,1.3553758499123543,wandering
2.740738452563984,2.902187949026697,8.848344911273081,100.18223910916473,10.825362137491473,21.967178914959877,7,0.39049851251023454,0.24960198938690115,distress
1.0968310293748915,0.14391348204241744,1.4170096014600135,73.06388415633837,2.2214843247926206,0.09256054601950359,1,0.14801486813000547,0.0,normal
2.1875998169050326,3.3304916910474454,17.935123181047725,93.9409250713088,5.723724342829782,30.05955236686914,0,0.013242238192913215,0.0,fall
1.5783886489048458,1.381453383904987,3.4673457064198856,91.91826080165947,5.9333928450095375,8.52133293380887,52,0.9933575167042827,1.0639256538080692,wandering
2.220643341368915,3.2483806621408227,8.084651254911336,122.08740976574045,18.11039898023617,27.719045620188382,5,0.501076456127391,0.09513776838858462,distress
1.0461498332474521,0.1601862471797621,1.220663237758321,72.10851917299938,2.3779143058968844,1.9931824398553175,1,0.06912620282880226,0.0,normal
2.9039795276514395,4.308737273660283,17.58376657338664,93.72178025154699,11.561006352754216,26.179525907338064,1,0.0020490303868731076,0.0,fall
1.61308597882927,1.0172905677932906,3.5513344486572374,87.9941792663066,4.747078261325104,11.181971178428576,56,0.8179656218212062,1.4230609008453998,wandering
2.1232453458681837,2.60466087716619,6.38597286168822,110.78740493042514,17.91589220408071,32.226502077095105,13,0.5017429372699272,0.14796569401556514,distress
0.9404812131018022,0.23545352314265328,1.2028432432701357,71.96012221480662,1.1744155689919047,-1.8874783822357717,0,0.13304159978985844,0.0,normal
1.9819212560328396,3.1707857114149336,21.76117501367402,105.70049880876897,13.410130191374135,31.655693553642017,1,0.021322177531234134,0.0,fall
1.347342455629577,1.2346173342786428,2.4924836026659927,81.40382751780724,2.893598730987407,11.931417277221051,50,0.9660540684383999,1.3718698078977245,wandering
3.4804550615389003,3.933490522045349,8.051989217686035,104.81439472866164,18.820165674539314,33.26308964847027,6,0.4398079019744821,0.31769272015227035,distress
1.0425466256928613,0.0799565024755421,1.4802228119751102,72.51259875214512,1.7481206189281107,1.4658999679973714,3,0.10117228896927999,0.0,normal
2.813742516703336,3.1717336862839813,22.803767427600835,105.22616356545333,8.689778569183257,21.37589008074941,1,0.014851270579138555,0.0,fall
1.4364267208581878,1.4726596260997429,2.178505856391622,93.22509377512525,2.1963017052569653,10.410781470858371,43,0.8134160983742581,1.0303123790613062,wandering
2.0157646411743357,3.008136891212699,6.283857317340164,114.98872901104635,10.785121370762782,17.076488789989764,14,0.3202569015042079,0.22574726307165577,distress
0.9610601519594616,0.28497350353584117,1.327976533373349,76.50802100152812,1.141757733904807,-0.8449059112910966,3,0.13637147470820984,0.0,normal
2.962786660752542,3.268116775027371,20.83836820025158,89.97582210125375,9.026191772504319,21.25940146017047,3,0.026633515693143407,0.0,fall
1.218725062769927,0.7423616788426678,3.814752297126055,93.43054969618169,4.790800257160543,13.792373420757704,40,0.9775723323469018,1.1364310213251023,wandering
3.465977631723711,2.2185319862252992,5.330371506372278,129.93854593813126,24.02293533489775,42.34954724421789,9,0.3401563603429816,0.3848358610655167,distress
1.0512528261259508,0.16573671629902043,1.325023212972186,71.21329909810872,1.857214031283263,1.5791339472463042,3,0.10487843005218896,0.0,normal
2.948187788327415,3.6560001028116127,17.94966286204378,104.4436315584993,14.943261282491987,27.308295362423607,2,0.08138835415149442,0.0,fall
1.8462632989802383,0.8195267444317039,3.7379229599822876,81.61501649770356,2.1253898441634074,11.868182984699056,36,0.952545888120055,1.492008497317948,wandering
3.9061682230766124,2.63603121840808,6.256237008803529,119.91316025967316,14.6240393052271,30.565481431829767,17,0.6203824904148292,0.3780244390072718,distress
1.0847905357488135,0.0741923534266083,1.0793317242280374,71.98820447762144,2.872711728563324,0.042065176200237975,1,0.015286064892211515,0.0,normal
2.598381501514608,5.714523832879445,17.60317879804986,91.77415495513017,13.452129333241075,32.518889284287475,2,0.03906555715997451,0.0,fall
1.6616023644858684,0.5039481257836517,3.8366475918628398,82.61533859881841,3.792918889575628,5.202020214700037,50,0.8504452284510016,1.0709326472396097,wandering
2.021147878079594,4.366729225105104,6.505323672168297,127.0066272410335,14.907924121193387,16.21418343563856,10,0.536401590567533,0.2973732855730117,distress
0.94607580475259,0.15370547927197714,1.090020482839786,73.99155605631337,2.8311832634265084,0.2844529108920657,8,0.15190729179410517,0.0,normal
2.2113600076609172,4.711420856410027,19.33907178748687,104.1972398413888,7.206486427307279,33.40533283784676,4,0.06777758140438776,0.0,fall
1.7512923844613828,1.0791764417924443,2.069542315591976,84.98427861084738,2.5053422980533675,14.33721429049486,38,0.8467389422270548,1.332799985975228,wandering
3.896112011666763,4.738081618835855,6.319225818035807,121.90821082995497,18.191215103686282,24.979574543426235,8,0.32398976045650973,0.09519516348455725,distress
1.028470700083899,0.276813931607621,1.4768108940816718,73.97384970024686,2.6968666869842557,1.252067885163207,4,0.051725765838559125,0.0,normal
1.935247033773292,4.767733701522675,21.597327182595855,89.63853997112078,6.1421327720963355,33.124513636193,0,0.05831684725555896,0.0,fall
1.9727175599805447,1.0655182772105163,3.304367173226552,84.65779912516479,3.34322993348682,7.897842072272275,58,0.8769308937711999,1.39668336005339,wandering
2.655139681370936,3.5120200629280998,5.870176887201692,110.72257536049975,15.773252123122909,42.035813252775675,9,0.4046192806277824,0.4513247176418787,distress
0.9299426799277997,0.2589956681412504,1.365685675338545,67.25523630457072,2.856605383399547,-1.7220012293671858,1,0.19168713705853233,0.0,normal
1.6823154670533178,4.556064810040343,22.319199137628924,103.75340905927548,6.199619409347825,20.417819768110416,4,0.07429155077999676,0.0,fall
1.20335724598608,0.8240072895816319,2.6654408350623893,88.22118703043772,3.73997170928117,10.944999340607072,43,0.8934417120474047,1.1177149734657088,wandering
2.3903679552378287,3.0909389784940564,7.467799925216522,110.52565647921499,15.824020187092072,43.57862652753434,15,0.45958853584773535,0.3127944717517948,distress
0.9789469272100476,0.22105493848046398,1.276927912188785,68.65174145414439,2.666432632202124,-1.1253077683392014,4,0.19433452548067176,0.0,normal
2.695102973056775,5.070359913948192,15.519389575306276,102.8841016856108,11.317009728525619,33.55307713728022,0,0.040179290536529626,0.0,fall
1.7591026539808388,0.688422072690378,2.668829958203406,89.14681892368635,2.5686144253461833,12.45867408539613,55,0.9894985689785347,1.063550353152238,wandering
2.443861384576878,3.2793591687636967,5.399831716251394,124.08829446248629,23.764901190868745,33.60292761629336,10,0.6078883526003502,0.23454047065260253,distress
1.0457922116834233,0.05748707764320625,1.036521707332318,74.69159563423496,1.96188516122611,1.6442569889168204,7,0.15448919271170214,0.0,normal
2.508257848562672,4.976109281747222,21.986035248054268,97.1123094257527,14.828358643339252,24.90456198936826,4,0.08488437968668708,0.0,fall
1.4588737218304964,0.6749382983403728,3.7159736548435,91.45997307880803,4.2858328849574505,13.58342148744297,57,0.9970963485016966,1.4879325535916668,wandering
3.6585403838667254,4.096445921811603,5.295060956476588,124.01948172576667,21.580820226991438,29.110311548047502,13,0.3215479625078983,0.06389438895714433,distress
0.9746306785316826,0.09407462055754644,1.1288059889719413,70.37605669591892,1.0748952310331883,0.8484764417467661,4,0.18328479185986438,0.0,normal
2.7909992100455456,3.029831353353427,21.032915181789377,87.1504135554563,11.302000960539058,25.582128943757247,1,0.09346555719561696,0.0,fall
1.9108884728076803,0.7897731311504347,3.145721606963738,91.2339174010356,3.213341069076038,12.672153881937335,31,0.8085324468173396,1.1047754192848773,wandering
2.2280563017552186,3.5009492438110885,9.674819958819628,113.30792415444074,16.00107860251744,25.416171741063216,13,0.4257152894375121,0.36892867582603817,distress
1.0349287779683116,0.19469107428442223,1.2057200100764283,70.73039422079145,1.8925919695044078,0.7320139711525275,7,0.14083759108055705,0.0,normal
1.7119890771760888,5.852721563936324,21.303226270211017,93.22657867464491,8.367769891488344,23.246006855755063,1,0.04242532891785842,0.0,fall
1.6814584212199573,1.3536595263207203,2.527323692954111,92.97401898402269,2.534807660336631,11.009942198154652,54,0.923302272464988,1.0860954019850029,wandering
2.366428839742094,4.123844569573726,8.920756254708273,104.24776052030906,11.76367023221141,35.813740376639444,7,0.4543187856441075,0.33758926375745835,distress
0.9131698753038275,0.16190812419570116,1.4945056228146176,70.00392834698087,1.799388342879019,1.2843807181394586,4,0.0025854060117256107,0.0,normal
2.7932606782364746,3.8036104345024024,23.843768609134735,99.97026727646382,6.544059148137807,20.161730576823743,4,0.0676393908570798,0.0,fall
1.5151376475699572,1.4413225873986806,3.849517390448759,89.40071141665898,2.728990447651893,10.799725025026486,36,0.9460257929186077,1.2912654170493059,wandering
2.462854661699093,3.754173990528553,9.665875899166625,119.13363159364951,10.531212525225488,19.23239862953784,17,0.40127762813407064,0.21787996738204274,distress
1.025032849326079,0.1394635488664317,1.2553591457371371,67.47324312405662,1.2060073550012975,-0.782858066932226,0,0.1371397794703737,0.0,normal
2.3300052486386793,4.792083190405952,22.203790414680014,100.22908307529771,11.492444842328144,32.22404678672902,3,0.02121201126158334,0.0,fall
1.6470649460395905,1.4599942924570948,3.6441197790629847,90.15333886161417,4.798325145132992,11.21145820423525,45,0.9131092547164832,1.314964707080073,wandering
3.924818535830641,2.5467748956863496,8.41050704788002,117.13925776583991,17.679481846117234,24.948745890803398,5,0.5824903336970584,0.43675500532807016,distress
0.9327311030018559,0.2812548531437359,1.0791427027644072,67.73430763265685,2.600657492771985,-1.9591689426545407,1,0.1323400826805122,0.0,normal
2.7104524680114563,3.40097528818333,17.246548611998232,104.43853832630336,11.788611097456027,32.941862516569465,4,0.05940788454369579,0.0,fall
1.8907321861134614,0.5197675713907087,2.996791339687734,88.81482521618949,5.503409190266478,10.138662173517494,47,0.8745156256070831,1.2033790457504405,wandering
2.734629698726553,4.895820584676225,8.94924048079012,102.70069601178729,17.012425955739154,31.182236523908895,17,0.6252749881743371,0.3030729945642227,distress
0.9489842368642432,0.1927872030128786,1.094553652752927,68.86893693361664,2.414689384494305,-1.0944556784805477,6,0.15932360300572884,0.0,normal
2.6944675208523847,3.142464688349408,21.49286306352614,92.23727864401428,11.70627329071582,34.27169449158616,1,0.013353878780656116,0.0,fall
1.825064191163714,0.7155853032248376,3.425408150019816,93.60601410715734,3.6350272834531814,12.047617991460006,47,0.8375822348523997,1.193531117683151,wandering
2.115238296126217,2.1970146057213693,9.135387037012858,114.29937654442863,18.557456329690524,31.24200605892542,18,0.3440109337542623,0.18121186619585333,distress
1.0370264551481285,0.1385532330377212,1.3987131153489853,75.03780662163524,2.4907640963915965,0.7795508862338965,9,0.11893447854936678,0.0,normal
2.3105259405033336,5.130290861408453,19.173209234160247,85.21927940987524,11.841477828268816,24.604793919456924,0,0.029678168404183615,0.0,fall
1.790534822520046,0.8823253262227173,3.805235425964808,82.61722185856782,5.9119862396936895,12.648373223573072,36,0.9541120338208909,1.2809512234152032,wandering
3.494166475954282,2.3440521091241378,9.212555842791327,100.4196450489382,20.94490668337412,32.5672112886763,10,0.3519147708255259,0.4372210245589631,distress
0.9034360934199488,0.1645479910858348,1.0608842945057317,71.87003176467,1.7145100317314859,-1.577951104591715,9,0.11835887423093146,0.0,normal
2.907005152198621,3.5602927540470946,22.8519196775641,99.47645780259734,12.093997528098654,32.40299393750088,0,0.05319494222215381,0.0,fall
1.7615858765370902,1.3657559616824646,3.2604772373131996,89.45181637397519,3.5165855820149035,13.357738695779267,38,0.9910320512788936,1.1968476212357175,wandering
2.0546859983798242,4.153343499857236,5.642451242449933,123.7901313875193,18.41572144590603,28.38559255556439,15,0.5523365943406323,0.13839998094960404,distress
0.9804032642706315,0.08732731677389703,1.3549107951795525,70.24896665647584,2.9037392593849667,-0.9019982656980625,3,0.09526949118174793,0.0,normal
2.263783571942338,4.90536806712379,17.258151141702065,88.02992136331275,8.955324842608698,26.14014166538371,0,0.04955927173199407,0.0,fall
1.7094890628419181,0.9136139591378778,3.4350636182646355,82.22355171177321,5.36923014843657,8.031793226050137,49,0.8885587572636894,1.4824491777366409,wandering
3.29334856398266,3.0985321697536357,9.128174106903762,127.49982880571903,19.34996916203878,44.00224620822303,8,0.6451915525794963,0.09941688142993893,distress
0.9580664879208496,0.20109219794042987,1.1260361059436486,69.48041764299096,2.4043710771890905,0.06713951999082912,1,0.12262453407394434,0.0,normal
2.5758536022334573,4.664784657588501,17.588736653446677,85.11653790570367,7.718722321798061,20.449576257595556,4,0.026080901014907468,0.0,fall
1.7307720537195186,1.4690377727442332,2.4849708685039618,89.25065109335732,5.650133544803654,14.54098314133932,35,0.8243201840169999,1.0121488657878626,wandering
3.174852526587687,4.477906321768639,5.977274132894424,105.91924056970245,10.483767531528589,31.13598716103996,7,0.3061603355059743,0.42694241564155416,distress
0.9575295157063274,0.24796228122546765,1.132320553805435,70.7300291176797,1.1113517522901506,1.5151221146257177,6,0.027209911231988484,0.0,normal
1.5223512144985152,5.008418674209606,24.733476393506955,109.3458032433986,11.025601377591192,20.107436656803486,1,0.09961447557329939,0.0,fall
1.5311668675820402,1.360302079269966,2.86003982783326,84.15589021467076,4.352286403567549,6.591511950569885,42,0.8133178954281961,1.182903606953262,wandering
3.234436925376574,2.18993347315579,6.504283527086319,102.11375513099553,10.652802965353356,42.621069058643634,5,0.3940590974584203,0.13956188291615884,distress
0.9391341233736376,0.28828384690642467,1.3193121911868813,75.66854558182975,1.1710826056071135,-0.9396060993912658,1,0.0010959182529060695,0.0,normal
1.9755673761491792,5.056777729135109,19.88470233911508,89.6494186333909,9.894445182024008,29.990199392876953,0,0.02574632512201599,0.0,fall
1.4500509929185887,1.4822105615317804,3.581610089979667,82.8258073016786,2.4727457401271877,10.709708715840884,44,0.8511520549970069,1.4597536336164665,wandering
3.7625427191168583,4.2982227487464755,8.559165981072262,117.30207412011985,14.423413909005564,25.619794594505642,13,0.5309180721000991,0.0655620379877957,distress
0.9981657478095326,0.10351253292137723,1.3743516490763183,74.54074778977137,1.8578797279020398,-1.2574550871566164,2,0.15979150995636515,0.0,normal
2.13167077638764,5.23338725759217,22.696313436745505,108.79933560408082,7.16086616129269,28.631710644790786,2,0.015819768138822056,0.0,fall
1.9350351764299651,0.8964013436492618,2.6486080924922555,81.59782269681433,2.242064427260199,14.558201708114774,49,0.8806099093652716,1.4694612336767654,wandering
2.8231285681292624,3.701044985501233,5.417951483499804,109.3080412938681,17.911940640926147,29.779518691225736,14,0.5044241976538036,0.12192170337840696,distress
1.0137986502019332,0.2702511306461312,1.2124009861362564,71.42024113733119,1.6051348034324113,0.6496124976803248,5,0.17099881123786698,0.0,normal
1.808414864759428,4.388395064858068,17.664996024977086,86.29441053700303,13.795172058237085,26.456094275241316,2,0.0030407597658601462,0.0,fall
1.743171484000257,0.9823450206791202,3.5051271206408607,85.2495412724544,5.520747486728928,12.314900038120081,55,0.9679669437159281,1.0596352892368395,wandering
2.7212831246474316,3.6586648722570416,5.008695658492516,114.5427109479134,24.569836616192433,16.058831298180483,11,0.6979484046592768,0.36837742566644616,distress
1.0948699581402581,0.23468421954057467,1.0414856317704841,67.53597779815351,2.785201860108666,-1.7384720364392257,0,0.023231360705548456,0.0,normal
2.331093393244857,3.463474783980397,21.15990762765044,89.64855543744466,9.0182996900501,26.683873952045197,0,0.05001626801824315,0.0,fall
1.4002324798388979,1.3723972981743617,2.6853482379248685,94.45127087232633,5.194927254959934,12.406854521882323,45,0.8909607921910339,1.4014881320825197,wandering
2.800473925982818,3.795263330743772,6.67894961256707,115.77236718487438,18.13109287337535,43.995801049193304,18,0.4019675201220541,0.1712685476212153,distress
1.0734536242019548,0.0792075059968856,1.1517283754237237,69.81808601604224,2.9915757140979164,-0.23820059721756026,2,0.04688382832184501,0.0,normal
1.508059771361896,5.05598396339413,22.23207176036444,104.34196234380484,11.566370578612792,28.645189499448296,0,0.018570510859444767,0.0,fall
1.7661289532246847,0.6685833430109515,3.4337167729986438,88.92782155776291,3.4266433451564993,9.27687362973504,39,0.8959931601275394,1.3428457141561636,wandering
3.2297453874512145,3.2257217703879557,8.790100963144347,108.4092294070548,20.84877818337163,22.75949081750334,7,0.540436879231085,0.2236688407596446,distress
1.0538284868023187,0.09495077687498564,1.0227088401863467,72.36049280079622,1.291013525449196,-1.6164633059595594,0,0.16310491294631277,0.0,normal
2.1794519629418314,4.518547359594347,23.514644599468703,94.95021434422847,12.32752768067422,27.550211504862183,1,0.0483098234370259,0.0,fall
1.3147711048708837,1.2144470247321062,3.2884783963254045,89.18030005919663,3.335385182426453,7.304077401295755,54,0.9843963577294877,1.0658966073815863,wandering
3.195282242259018,4.176199376553548,7.590122459612134,110.31531482407459,24.002745215604588,17.809530963930616,8,0.3365963200229078,0.28305813479266245,distress
1.0372751593944514,0.24788451150479307,1.1990058778077186,73.66530821475882,1.03954299350146,-0.8657302744095885,4,0.10804608982824566,0.0,normal
2.663198520281979,3.9458715503959443,23.030341142694237,90.10053848066805,8.225786746597098,34.825252124419286,0,0.06940013325087281,0.0,fall
1.217423365099859,1.033414113321633,2.7387552631695344,80.29010702170805,3.7260435988684546,10.946065759022392,39,0.8323535439061042,1.3846033063574563,wandering
2.700760230600931,3.9403690475885744,9.14119862025861,119.99747442491426,15.62419691333872,31.40557264545253,8,0.5976201717939933,0.2789881442284804,distress
0.9400171522442267,0.07017468299364572,1.3537208807111676,74.10849329621837,1.2762047155464495,0.1097056648886503,5,0.02868986203162387,0.0,normal
2.6833927979105083,5.545301148598824,16.876001596198844,85.84442290567644,9.362511336453244,32.18783716308958,0,0.0883989715131629,0.0,fall
1.5765039179644829,1.2742043540774373,2.692570182936083,94.11305662901019,2.207725868650079,12.697096961843073,57,0.9917548388544823,1.2251113411560455,wandering
3.1531411802557097,2.5368687115010102,6.15228693509094,128.5319879558244,13.157125706627344,29.72320400100977,19,0.6471531150693112,0.2051444737572849,distress
1.0115710377584592,0.2564433847802051,1.0705501627383216,68.30819845528909,2.3978774678290353,0.19308308799893048,8,0.04512373411394224,0.0,normal
2.6086052068443193,5.422665505702554,20.40884423344265,85.60653158721993,14.094469917120593,34.019784979846285,1,0.08989810575631588,0.0,fall
1.7472030175871343,1.257351954027144,3.6532322517705094,82.72814710585084,4.17767649918356,14.219912928477786,33,0.8974297093265706,1.1035505791706826,wandering
2.008035607393974,2.0623452474124764,8.977034332151987,113.09485860095717,17.740790448238734,15.713458083302088,9,0.35625912704326507,0.27788122001007665,distress
1.050599849951637,0.09113271654634421,1.1100029844054524,76.94198081543848,2.8624335423785148,0.03722969609941451,3,0.026509160845315318,0.0,normal
1.7174078267953823,3.922012417505436,18.53549513922319,90.42707974575677,11.773108312560684,25.108573259221586,4,0.05024826702149591,0.0,fall
1.5993759459392585,0.7567851195841626,3.4071600049039743,93.05734772686478,2.1963043381833343,10.856340645343725,56,0.9842172193239973,1.2049256940963067,wandering
3.0458208698205795,2.816362023358925,9.746949877031316,117.63264752854484,23.46762996080857,43.99799454579862,6,0.52087304246975,0.46942830280509645,distress
0.943909939765383,0.21802392477955462,1.3496374916658833,67.71286370911744,2.6800208425140504,-0.5422327980347124,3,0.19497264404538223,0.0,normal
1.6968232809163588,3.1425061588110363,17.477292349104268,105.37221775805648,8.542127180870033,30.065244922064927,3,0.052665565827019305,0.0,fall
1.2814272305468808,1.3942994678666008,3.009700157131637,83.85000829734304,5.656825560876376,13.781032399335361,57,0.831460593556245,1.4330307161851654,wandering
3.102657583942566,3.0508773126165893,5.536795084703508,103.8407879856056,17.535554213840616,44.92446024098601,19,0.5400755219306188,0.03018716885507755,distress
1.060767467380393,0.2994867642465558,1.435076914768537,74.22320544007188,2.4515885169214955,0.9498185905830976,2,0.17924926573348576,0.0,normal
2.9028447160226416,4.627834736793945,20.634765423203465,88.83637778832181,5.57899228406168,28.172005483688448,4,0.03391501057227249,0.0,fall
1.908899288252761,1.028962543128461,3.2166995788085018,81.51379541083986,4.070066169598498,10.033081246905375,39,0.8418686680485321,1.1448408786996562,wandering
3.0498848177940467,4.797721459382088,5.729854388383121,128.65092063555744,24.50099859014944,21.196416794355244,8,0.5339630975622485,0.2932741366972424,distress
0.9158857540378649,0.2643193971691089,1.3021561983127228,72.65629554033144,1.6118202709824356,0.6586778448444432,3,0.15209768742718094,0.0,normal
2.8537325547757635,5.678675266485896,20.77482412390886,98.29959704608481,10.633246398719535,26.355817746328494,0,0.029013627004309685,0.0,fall
1.6277373041496883,0.7463942272995288,3.7245741301421242,82.73995079387741,5.55364919797878,8.099673142435876,58,0.9727238342513435,1.4095277357916824,wandering
2.4149672078474644,2.827438886553512,7.027456215725161,112.45471814185579,17.987442692237625,43.20241993795957,9,0.5843567570567312,0.38159141488172343,distress
1.0719637786250227,0.2737062067278892,1.01636653070845,67.8305781216952,1.8411325512888792,-1.7417901633711845,5,0.046218375148401374,0.0,normal
2.1759559735276097,5.729596270767111,24.74063686190054,100.40981025124532,6.2961529302790895,26.037006008077896,3,0.03298115494710011,0.0,fall
1.8965954713305615,0.7208669740704909,3.637603002024383,84.92633346862588,3.8426811684005617,9.046436760132945,34,0.9923381879122952,1.1801430852262256,wandering
2.2042316400073236,2.030884776125721,8.610489758070985,102.59112205883109,15.95012367469931,39.96986871709225,8,0.5224218573969609,0.2852479031740812,distress
1.009951720700281,0.1860092184030942,1.2712874248044934,71.38494596766212,2.859546266291015,0.20699445702617014,1,0.09934036314698878,0.0,normal
1.902082128680979,3.810097863227268,18.04628174014005,109.3070405231214,14.251972733466406,26.23919698789673,2,0.06887863853433034,0.0,fall
1.8912307892658538,0.7492417454989319,2.106386389480769,81.3365401600473,3.8577264983027857,9.026867278533274,30,0.9840878502642969,1.2044961215111503,wandering
3.8276324342366213,4.945666577248874,7.290474183205532,126.58197887469532,16.34633603679922,17.657102191152234,12,0.6935673150741402,0.018438500320224427,distress
0.9598915299301547,0.11071655808725457,1.4115527408776174,70.05588712596878,2.4706919305758364,-0.05263994550490336,8,0.00034817239624838073,0.0,normal
2.6682480520321494,3.494440403844495,18.615516290148094,93.9745868177762,10.293224152305871,31.6473182225172,4,0.0725153666951543,0.0,fall
1.5655959731997215,0.791408924783845,2.4980371152129663,87.33922424456534,5.305979238405607,6.295291086011181,58,0.9155291831303515,1.0709917017343469,wandering
2.320722915154155,4.591545301215113,9.739112217165228,124.39018198076823,16.757973772925173,21.37999549690612,5,0.48838878912014905,0.22887044601266876,distress
1.0905736007669378,0.28302264811063765,1.232111137120213,75.71700527278742,2.196604161042995,1.9701219324418568,7,0.02330780113379065,0.0,normal
2.800479231854842,4.899947569991325,21.988635296798808,109.35957795450373,10.256127518982698,22.511270540770187,3,0.017273967799697153,0.0,fall
1.376113855018867,1.0239182396026525,2.11987578383786,94.1060101052548,5.033732508402404,10.738419752751156,57,0.8323914098622464,1.0152520997633334,wandering
2.8686877136761657,3.5415196282996697,9.623182604923542,105.22391339103305,13.125451643728566,23.545978755105182,17,0.47038393170400017,0.34323779607148625,distress
1.0390348685781228,0.2791421088352693,1.3495222954451107,72.7033124696777,2.5694189723979646,-1.0102045524150958,8,0.11032674261676345,0.0,normal
1.6979024806586596,3.72096818343348,17.915051281501064,107.50869936803383,10.14924181124428,33.61280657318355,3,0.08987991335411871,0.0,fall
1.896237264374684,0.7223841694571638,2.7472303075271705,85.36714141346593,5.333780002183868,11.720517458379778,44,0.8196408096522512,1.342258825837255,wandering
2.2018783246939724,4.879172020000722,7.452560324427373,100.96418184153873,16.401525442434576,34.469669385237324,14,0.3190291807406213,0.14786933324208884,distress
0.9568570172251633,0.14706750145907327,1.4778772456940104,69.25941644887021,1.1324411877651313,-0.5620409056895364,1,0.037714404478283364,0.0,normal
2.0785231172673404,5.80705802064372,17.741302505848736,102.90377376063729,11.780397893158355,20.970813029168628,2,0.0729340239319879,0.0,fall
1.3379513153286686,0.9540768744502967,2.4737755679225373,82.85255813886096,3.399686982568475,11.124064108338363,34,0.9554056506110611,1.3420968882169948,wandering
2.069913025798728,2.313645485628115,5.286948816603342,101.93372450975691,14.654767077301718,22.075007347405254,9,0.3093726562497046,0.019058903915482095,distress
1.0696162478261302,0.06915957950802289,1.4681589337755352,71.73823456468507,2.417500230351392,1.2845149852407753,6,0.147728343729196,0.0,normal
2.853789841688905,5.217880441492305,17.904583041809577,106.53238027853737,10.561110837967812,20.160891582255488,2,0.06740033826947273,0.0,fall
1.3004015308035577,0.6222414407311535,3.7547865242076917,90.42241080072917,5.655593563375129,5.508061429501367,56,0.9614125820978731,1.4413040713173333,wandering
3.6824034732848068,2.8422870325208645,6.050975054136587,106.65239871068775,23.675342944245546,22.92357428087636,7,0.3824628338241108,0.4783687608309598,distress
0.9566622279987944,0.17042250434102552,1.4789774644637868,67.03454348805698,1.585855795550179,-1.8710714792670724,4,0.18393253684291222,0.0,normal
2.937754403522562,4.737157135647639,24.68567472882985,87.30158688221027,13.665651575920215,20.257228231934597,4,0.046096177733750666,0.0,fall
1.5289036340608888,1.4116735676100265,3.6103480819953395,85.36637858728156,2.2875260810937834,5.4655913059606,54,0.8207182603951475,1.46544720135939,wandering
3.675709188490682,4.7975140000753855,9.448520340896941,109.68003649778002,23.45073912379528,38.228485280876484,18,0.5867705155855214,0.4407698630150572,distress
0.9623757416682606,0.10379105670151974,1.3990476294392131,67.13949620146732,2.4058384211883617,-0.22302180176640762,0,0.05388913788152765,0.0,normal
2.644064951593803,3.8513303240050787,22.81291923412372,90.94830087273522,7.613290563822341,33.68357277867647,0,0.014854351890591333,0.0,fall
1.7665950113172177,1.46944428913578,3.7586551268737542,88.27195913705593,2.901669599992364,5.212791281132771,54,0.8538385494689028,1.2305603897464485,wandering
3.289911049242899,3.132406932458543,7.872126005769071,121.8571657070007,12.849103700751805,16.35430452826081,19,0.6050938093901554,0.495011427612521,distress
0.9063995165012249,0.07271983877009959,1.3189365922264449,67.11583514691951,1.1543873360591332,-0.24089610524427485,4,0.010130818742904092,0.0,normal
2.70661340161923,4.435095342833236,19.02418911754994,90.69843181822824,13.076610169958704,22.20160248804749,1,0.016568418934097596,0.0,fall
1.8998853580561388,1.315220708944896,2.0701915962314974,83.86979806242809,2.5931732201383566,8.769795372633684,42,0.8810745388141401,1.4822635528750538,wandering
2.737809602139742,3.7019397486854753,9.385265661830202,120.29700676018803,22.4739853626643,25.121407296627517,8,0.35063597173416144,0.06609569514833402,distress
1.0092543827297573,0.09120516292185456,1.4189661628158805,74.32027039546158,1.7210898536145889,0.6249938542298255,1,0.17292443194644336,0.0,normal
2.8023139506030663,4.5500982735130435,23.638504161085983,103.96684820178544,14.409481793823952,23.42938067867768,0,0.01768871820213208,0.0,fall
1.9275644702737602,0.5973474059845759,3.6800630307077826,90.9618292387314,2.0509792895996233,12.291278216568283,33,0.931454445287797,1.4528317903560461,wandering
3.7589602327381275,3.7796320267611305,8.998757066395264,125.51970513102863,14.718944821433007,28.27498950986083,7,0.647956688214239,0.21571936730189162,distress
0.9196448048053723,0.1294561032228752,1.0320827971708266,68.68629314834995,1.1764722877385325,-1.28823022120608,8,0.10491069795376329,0.0,normal
1.9740770778670078,4.453724263024151,21.159153681818857,94.65082657719567,11.11051812811995,22.091057559436116,4,0.08774957047286931,0.0,fall
1.9877105212000339,0.8348932020152867,3.6234672926041314,94.20808326813294,2.1927942689919777,8.934972844567382,53,0.8672779109020682,1.0964236787072394,wandering
3.9533422046932865,4.561746047504407,5.242261534580602,123.14254222196067,19.43188421835452,43.801328791628904,8,0.30951477491234075,0.21865800900654736,distress
1.031878203586764,0.21841565560204607,1.4457230563102847,67.89485572448407,1.551777564785249,0.5354072294476273,0,0.14353921392116856,0.0,normal
2.0144269694560912,5.759273303556201,18.757283764967458,99.22754763145011,13.081804748891285,23.484326534696432,1,0.04530767280849695,0.0,fall
1.6593793989763577,1.1721845192922404,2.9101759023558103,86.48887418051704,2.269936961661805,12.613316806854762,34,0.9078933828628134,1.0845051498660174,wandering
2.7229691468973067,3.2678391447391966,8.55975649728503,122.7830426674535,19.8848654207346,25.026535014334918,10,0.3516894797006087,0.13887008650338306,distress
1.078695754144108,0.07425207611254035,1.1309386550133722,71.53162317234472,2.5887543134134203,-0.3736265636849154,7,0.024551164915508017,0.0,normal
2.0682370097917726,3.9323801864666565,22.519291627795038,105.90841093750528,9.69636413423483,22.685613680229718,0,0.0784086674281037,0.0,fall
1.290873573224673,0.7655673471658591,2.2297268824556973,86.90104649233615,2.2757424607580217,8.926039919557741,53,0.9071956336841023,1.0464568659062798,wandering
3.107184071304403,4.7269159246713555,5.868384851072405,103.08689801091393,15.980648383734408,25.067622196523452,14,0.38982988339660973,0.09103157085001623,distress
0.9523095811898743,0.12232389825486871,1.298244859353745,73.52908759877394,1.1666437560843714,-1.3132516481136887,0,0.140957325060562,0.0,normal
2.7558405978707494,4.257287427626695,17.784717602666234,97.54079161644226,8.014915889941612,22.054785824490125,1,0.04532650280359851,0.0,fall
1.8364722846077388,1.3409851961536887,3.1522680948344792,90.71719939065667,3.040956176501643,6.675593935952772,36,0.9312151595496461,1.0416896625041145,wandering
3.4578319782995166,2.1654208063310185,9.146964983343633,122.78796314188614,13.530969375453965,25.334205961322102,5,0.6982035463865269,0.012107171991286414,distress
1.0338037696114066,0.17288197166209102,1.3972018048817678,67.80124500450921,2.938285026960857,-0.799249162151507,4,0.03938678241345084,0.0,normal
1.9011001254320916,3.4296514622797742,15.130099291578937,94.1204729285178,7.6084255711764985,31.74752224183453,3,0.09127010343745663,0.0,fall
1.413225794939394,1.3461887267990755,2.4762906995679566,93.58095575903201,5.039414979991616,6.484322680415712,57,0.9244385562833839,1.0051585657083433,wandering
2.1328700752727823,3.4992205163239394,6.091302948890142,118.2111774934724,18.643878540060687,37.58261022725331,18,0.4753947250435564,0.1828844447202882,distress
0.9556358894428735,0.2310618048400041,1.1166426730643346,68.2249951156728,2.458474584072695,1.2162033252026974,0,0.011429604329160915,0.0,normal
1.5372297341876109,5.778289625854006,24.8895123227,87.74637251128004,8.610132982770214,30.771128404094316,1,0.09428017841650853,0.0,fall
1.5212149776777064,0.9330761415539465,2.376971418142957,88.7527299012859,2.5056057885751435,13.842869830582385,32,0.8302841004055508,1.3649027866334844,wandering
2.6382934658207122,2.8023622530569243,6.000529230405114,125.43542019075011,11.044622855461629,32.05191090834441,14,0.6751546255595237,0.46103027506540395,distress
1.0868705549766229,0.23421517892107052,1.1110022237537986,73.72523903486237,1.3970000912490872,-1.6196895801517832,3,0.03531857164038388,0.0,normal
1.5891248635541086,4.993150072831485,20.71797862551542,92.07144742445482,6.739251034277408,21.61027513513208,2,0.0864027762244674,0.0,fall
1.9911910322451687,1.287325672859787,3.449594805439669,85.85725167585196,2.3547271604902793,13.893269117326978,44,0.8150487923075483,1.0691609408794358,wandering
3.9166018314095004,2.8118043297999122,5.703245426476447,125.54846886665274,10.408645417969257,41.49154540427905,5,0.6243209927290745,0.44351516843667566,distress
1.038485806028898,0.2139164694478367,1.2091781205915584,69.22089559053532,2.6941169617589247,-0.9655448252994359,0,0.11476999673740372,0.0,normal
1.6997626981057574,3.9882789694518537,20.93101551825096,92.68950431949484,11.576477194958244,23.915956748563055,3,0.0738055127278527,0.0,fall
1.654397809808661,1.1652477428508432,2.0995774727989165,94.01048111855467,4.200773922844898,10.485197089173091,50,0.835426423258027,1.4274640819464601,wandering
3.221067085809692,2.265104615656676,8.581541538796467,110.01910388602332,15.30031856188483,17.176015880498618,18,0.6509760742460087,0.21433146878214449,distress
0.9308204871891687,0.29370575699123597,1.3944270232724616,73.54915656944345,2.6367852758317305,0.5577914525706591,0,0.0573792958482374,0.0,normal
1.9306495138227533,3.780600980246961,16.534932916652807,91.89137206903939,7.874744661814471,31.196062075297867,2,0.07224387640046259,0.0,fall
1.4557869997751136,0.5527686213437486,2.046078167420024,81.33890855141352,2.9713735309156077,12.12385331392612,55,0.9445974470398982,1.316247663554351,wandering
3.2450951693094936,3.354026465014908,5.918123432275698,121.39681025631305,21.45709766387424,18.120795397018025,12,0.5055179391481657,0.08660158939323892,distress
0.9129167142534538,0.24492041246508067,1.4332207515378552,69.87239927362751,1.6899381543681753,0.9524395820962592,3,0.015770645389909178,0.0,normal
2.3632121163559345,4.361153362764025,20.612849151211396,97.1880521184013,7.569111747897011,24.489698071417234,1,0.004231033217825364,0.0,fall
1.3023634014119587,1.238490305879285,2.804638232335897,89.81808109409815,5.186195205021989,14.35482507279305,54,0.9021531339345429,1.154371348840899,wandering
3.745192206591069,4.699687721444867,6.44507496015083,108.43750531061657,22.169039580806558,33.18165650064121,9,0.588124221325454,0.13118700005294986,distress
0.9521525900034976,0.05025600186617864,1.2510081130882735,67.80669303378114,2.32511287649327,0.45869582428271816,6,0.14527508231038097,0.0,normal
2.117876831992754,4.677520470990416,16.242123138994053,109.13883724253748,14.473166833138274,24.071483021404795,1,0.0036915993732647423,0.0,fall
1.625446640791001,1.0656001983482866,3.51017556875642,91.77319136155333,4.549933419698585,8.703076686594413,38,0.8736433317900603,1.4248656336996912,wandering
3.308325190227386,4.162364991433683,6.21863301759022,109.33044616894344,19.174496977119027,28.185224462653224,8,0.30856584887086275,0.08245544193324023,distress
0.9227319944556751,0.28690652588285903,1.121669911286547,69.53568525048583,2.0402145648463126,-0.28137997471373666,0,0.15688880926009907,0.0,normal
1.708359429380518,4.165345887483345,16.580347881110818,96.89931646349204,11.450055790980127,20.61655327687512,4,0.020354223456001654,0.0,fall
1.2296185092545495,0.9386030058959095,3.1252621915474426,82.06153742846703,2.0956719761258333,7.252407800821846,35,0.8335899948697217,1.416425325099596,wandering
2.9495092535345115,3.6352416621792716,6.7257786121953504,106.35146174043021,24.337644803579167,34.322588759203285,19,0.45930099375648137,0.42996074300719256,distress
0.9479207952169607,0.269893826113555,1.4336674853091398,74.99734462633583,1.5117872888830661,-1.1190007012588503,5,0.03047907594975774,0.0,normal
2.8743479351032564,4.962672264440328,21.32454930994188,85.47470913574436,5.932283857138342,21.944929644494696,0,0.08657743097091095,0.0,fall
1.5176593459301266,1.2132607532611854,3.3367512646535857,92.69280892283085,3.0335267274677262,13.341987683449952,59,0.9745358976101528,1.3135108845760395,wandering
3.7946243302050506,2.9716969976720295,6.329910929833726,126.00849235871769,13.8138111458785,34.525619461415914,10,0.6445551696038839,0.025550848724594233,distress
1.069060128769656,0.07075477603063189,1.1702946803563967,76.75497603629562,2.8114291799288207,-1.0644746313851314,4,0.0729685098039018,0.0,normal
2.4622099494089817,4.648614521462747,24.643026214132046,101.05314732825597,12.702811649448655,31.22914426761765,0,0.0004400761589850033,0.0,fall
1.4369869453531074,0.5684591793057597,3.973579288028948,85.01567001071822,4.855101910473759,10.231090359829317,34,0.974663840573091,1.0411888900345536,wandering
2.133835094406445,3.1482627021783087,8.995067541899765,129.66074383099462,15.675929596457774,25.161718872629088,16,0.6731941204273676,0.21654157057621587,distress
1.0692235029673915,0.2766178145452858,1.1654353179565282,75.89461060940309,1.8927288032831324,0.9777635485737535,1,0.13179418757620895,0.0,normal
2.5751814442876912,3.2793109190908396,22.440316410273724,96.69845927103873,5.261833583311496,34.205107390654184,1,0.0804588322040722,0.0,fall
1.8685577255036692,1.2502056086862767,2.0572666143399507,92.31560226103146,5.864686717339928,7.16384380790222,32,0.9888212601749113,1.1605209881036829,wandering
3.559168043199018,4.756748211445873,6.6542746309234415,107.731887630063,14.3892386074894,42.5823893903562,15,0.6546009477998049,0.13723143368433394,distress
1.0656708640080554,0.07806233369389103,1.2835394220073564,70.0767737811772,2.224902823083302,0.007416773761257378,4,0.150450163371582,0.0,normal
1.5831695625367008,4.143114677008711,23.323778395254514,102.95057137061153,10.667205832640224,21.688569696716275,4,0.06695282664774711,0.0,fall
1.3942481991053637,1.2852781202934587,2.4167596442343164,88.44523333450002,3.5016455951442866,5.518191947040777,43,0.9900134420394252,1.2239836995281428,wandering
2.3606060178556665,2.4903239889477984,8.31336380069281,115.7381168802334,10.639513312907921,23.105975691677948,5,0.692643529650566,0.4932499185345662,distress
1.0643785770499907,0.1277269392559338,1.4096017611985603,74.25691584203227,2.267746065262099,1.6201708464490987,3,0.13891047843220994,0.0,normal
1.8983789553729598,3.985549153233353,20.091081538526193,105.80683068692838,8.672599770070702,23.27511821809697,1,0.07846386298213293,0.0,fall
1.2911139372666687,0.9610258130505542,2.519871828129893,85.9879100582082,3.9699705650662103,7.301387535546167,37,0.8462852017122289,1.09499218015987,wandering
3.343928728328854,3.812948868804038,9.574848898038185,100.28816871599884,17.834503217665947,23.531085238364536,17,0.6567937741604921,0.10657502238526956,distress
0.9530384365034649,0.26444817654041414,1.4842532065847984,69.59128458027124,2.416967517030522,-0.24302262069003921,3,0.18203582668603271,0.0,normal
2.3424303612627586,4.7800021691492365,17.609446724342895,96.0671804569002,6.995133221443832,24.447396486356677,1,0.08846034208688693,0.0,fall
1.4980802030276477,0.7991312724572015,3.799343482746016,84.1464188287552,5.240321273660604,9.898460045745558,30,0.9571391556799576,1.0464635504779822,wandering
2.989363763067681,3.172488946139068,5.2611341797517905,126.88300796814735,17.32628125318861,18.511129584055595,17,0.5594111076035506,0.18247064803787394,distress
1.076485029672589,0.14256334988037694,1.1342176388326066,67.69772597974952,1.798761287242989,-0.5012995762011685,4,0.07014059821241184,0.0,normal
1.8651073818798862,3.055139405748556,20.30281703203838,102.08663168970881,12.955044288988873,30.69460652332001,3,0.030072150987914405,0.0,fall
1.622626284412858,0.7685253641562406,2.1963237358664465,81.74434149078458,5.319673381043196,14.467681181570791,43,0.800443097879117,1.434860772193958,wandering
2.502854418542472,4.130569015871929,5.696312351670597,124.3207261962439,17.093861953439564,18.680941786945567,6,0.311848142146256,0.15958900834866646,distress
1.017893918189048,0.16484654496253187,1.0371201455416312,72.41878393869145,1.6459520603146807,-1.0320078655423908,2,0.10338186010699944,0.0,normal
2.5272440937559537,3.0872931709100913,17.929597203996845,103.80389619108503,11.503141270262866,33.69478653679093,2,0.09918872627137183,0.0,fall
1.6444878198598927,0.7309559259683246,3.4788161793768158,86.7340927025305,2.092146115873972,11.285282714437539,52,0.9683264392906283,1.1970962191460732,wandering
2.411138412957953,4.406374570306057,7.284264798282678,107.78390633849087,22.338742789691235,30.024544647233924,11,0.429270162870667,0.12335560051542244,distress
0.9676315071559413,0.10460731458217466,1.3855872301139658,72.24507346870611,2.2068736160504008,0.618956449687714,0,0.09586105707980411,0.0,normal
2.9922192718108405,5.011378431126199,24.09637710387994,88.83289084059673,14.144134533294505,25.088016479653653,3,0.09757362268686913,0.0,fall
1.4841841719638207,1.4227217482743222,2.906167706574484,92.6715471166123,2.2869568318927183,12.427717950840389,59,0.838994862863457,1.328094909341865,wandering
2.1337057875213965,3.8828193983958554,9.556006287360184,102.39907488442121,10.04069775248785,36.09594817933578,9,0.5368865447860549,0.2851913267561317,distress
1.0363444716528616,0.10857781671725579,1.4748152178673861,67.1639749337453,2.705681752422392,-1.0393918785097873,5,0.12324747790826932,0.0,normal
1.9844149861570646,4.541026709086394,21.996066484272195,106.53837654682235,8.743243820819043,32.63475079568258,1,0.009101837847320859,0.0,fall
1.5459115513059634,1.0547352467920534,3.593233303038181,83.4661504023458,3.9716488634192473,9.50527820238985,51,0.9526536574902451,1.0198644006568622,wandering
2.946371751518048,4.25484619482845,7.525262269854245,122.68160603191853,20.04001191673308,34.11872679240311,16,0.3709185677818375,0.14278943619752377,distress
0.9972784636216063,0.190203426360384,1.101299835897102,72.04151963510235,1.6915858525937841,0.5894877006146295,8,0.19361742570847532,0.0,normal
2.522788791084319,5.596650381754193,21.31185548268195,95.69669709359887,9.450774230200409,22.47964425640567,1,0.04670039872464859,0.0,fall
1.9847434000813682,1.0635582516814241,2.882329886703153,89.11949743994762,4.496766639201191,7.213875891600291,38,0.8649211830136556,1.3974823194765071,wandering
2.5041976061048565,3.33121990887256,7.784187771216937,121.20108338514873,21.089840116781527,16.407030028198996,17,0.39329747791144254,0.13635311890096014,distress
1.0030268456094409,0.2109327625763719,1.2710374503128963,69.40870188020698,2.6877710087539617,0.3104319824627084,9,0.0834456060664349,0.0,normal
1.8613425561174586,4.833869069973309,22.585857926861788,102.90429420242484,8.085881159974154,21.052243546870937,0,0.022155976864666284,0.0,fall
1.533610744898239,0.7773851034753826,2.022049859235882,87.99070337849955,3.128058102206699,8.934505138032353,43,0.8407549802957578,1.4455289453795594,wandering
2.717924903874252,3.6472258693432655,7.337649372346358,124.48697323160702,18.984733217077085,39.881966627841805,13,0.4734738774960201,0.047878784001492314,distress
1.0164365723884758,0.07691094796758836,1.1752494546954253,67.2780632846408,1.0456642354349894,0.5831134538052014,1,0.12581750970271996,0.0,normal
2.908563463023923,3.27773821310364,23.47100149413658,98.67590326073646,9.171086174847964,28.079084744811816,4,0.0841665592356271,0.0,fall
1.6910804326771316,0.8838267462884634,3.3740727541367326,88.42099485290831,2.4073809726521396,7.993671649083361,32,0.8323193165202092,1.319955751232823,wandering
3.5127441628234384,4.557167486788568,5.083126368556407,123.4740293901913,12.45262638499931,28.81312898063182,5,0.4087515954845035,0.16809587762339262,distress
1.0946347683719855,0.21190259780420378,1.2474659888830462,70.68482459933695,2.6851609496634445,1.8874728861215044,6,0.03456165758560226,0.0,normal
2.981186253484016,3.4995687818724943,18.722359235237136,88.14520870463055,13.100658534297047,32.24262857928953,0,0.02585324104153184,0.0,fall
1.8267046033518344,1.242026168545955,3.207606014188788,92.24299070997372,4.051668252661983,14.346808930070187,30,0.9875793564314241,1.1558803437565628,wandering
2.6605223910691462,3.8273363493499835,9.730707965226717,116.95248996745686,10.381418447157296,42.34839846990684,14,0.5484923669112722,0.4525747605157118,distress
0.9289005729261979,0.1607799372201248,1.1716329502180571,70.2922403386872,1.7442412930221012,1.6005789014094578,7,0.010772194152790716,0.0,normal
2.537717311447581,4.7215375235769494,19.169136838973245,103.6888743194337,12.566369493340698,32.47953647411295,4,0.05708685244257936,0.0,fall
1.5744539799809054,1.3040765773709273,2.683928143724642,91.21747947083513,4.565791666662019,9.498305739069961,34,0.8776486284862925,1.2282263855659317,wandering
3.6980499254862034,4.913320683239876,8.200324167407473,103.06404352020998,17.914238184357295,36.48821542563532,17,0.44022362923027447,0.4154883886865022,distress
1.0052035160033215,0.21306069390240967,1.1855879329039212,73.5494196578453,1.5640438744679244,-1.1517853058140965,6,0.16005643538356054,0.0,normal
1.9728417616398155,3.1819821295759403,19.80639160366252,90.33526960949145,14.62081625128611,26.2542222686628,3,0.01738330084540286,0.0,fall
1.835955591365356,1.2557038366131499,3.337569759620611,88.72231635305565,4.612185606003449,10.062726030717545,40,0.9095134088497951,1.288726751909579,wandering
3.6314662405277005,3.2510315671057297,6.778005839630456,106.84066392863048,16.2227588758252,18.523705629347585,7,0.6943509346186808,0.07210951870859744,distress
0.9331907722804631,0.2660735193198164,1.1392103803547071,72.32752648396796,1.905907322628952,-0.11634374060941832,3,0.011462138937255185,0.0,normal
1.6463793187863343,4.2087446594273175,23.175130888580327,90.64603638720176,13.934089756506754,27.41281305022099,3,0.04981261103705758,0.0,fall
1.5059405948573392,1.4929326943924335,3.9497881130589487,84.2688543152775,4.732276176809428,7.49186943697171,34,0.8127095688439439,1.1575336214886554,wandering
3.232670791299547,3.216631796755605,8.586382708413044,104.06576853048149,12.1463321446364,31.76970318771441,8,0.442812436806706,0.2802341709018811,distress
1.0838400402134734,0.26480451075830486,1.2491485602141523,75.38171587983209,2.7255419766318436,1.4748123651363634,3,0.09755355049499877,0.0,normal
1.6736367053206447,5.690116939337978,20.692660727044544,94.80382818641844,7.4636692779064155,34.36704857808236,0,0.040117709723718566,0.0,fall
1.8411558510709853,0.8611717074560502,2.523105807593464,83.21784538390926,2.807855187122255,7.4910274052923045,37,0.8008003114557477,1.4061561145521322,wandering
2.1829356700272915,4.434772609143243,6.1834058254097926,110.03750783056286,22.223297213293293,43.93161422498545,9,0.6358015210683383,0.10806809489584157,distress
1.0743535900642975,0.1739018296570919,1.278915294114599,76.54977832939494,2.680547618226651,-1.3112204082455627,1,0.10590416324914356,0.0,normal
2.9122142094351124,4.63627366405358,18.242447631373093,88.33828024867698,13.779109751904931,31.398046557147453,4,0.006372642430278164,0.0,fall
1.6095967804245634,0.7583235244048077,2.1809884254208853,93.79203974534235,4.549608250560174,14.514423291372145,33,0.80577423101764,1.3075439384240521,wandering
2.841287507686963,3.650204786198971,8.024995416962188,115.87185961058947,18.43364841275809,20.041376584058117,6,0.6477864019316932,0.32006332656647235,distress
1.0652880785221908,0.2758752131082371,1.2916220901612419,75.80861515669204,2.2805635813444782,1.6173125141188693,7,0.1373830440188619,0.0,normal
2.7981216102099076,3.3315753286573493,23.710579914574538,103.40914811968484,6.394160842646352,22.90307183645139,4,0.05267430590503287,0.0,fall
1.604160138016574,0.9407511629574711,3.2017349396847745,85.11575752856564,4.194214613476781,14.011307071225525,39,0.9012486692733274,1.2773747716203239,wandering
2.6917208355222995,3.7987711392855545,8.519286019476564,113.45132063011512,17.450541945163334,43.0652006788415,7,0.42385261702457716,0.36431977998040743,distress
0.952200136358884,0.086371708977671,1.289657409203742,70.4696376030304,2.7972374444914943,-0.533731472651223,2,0.056634119123333604,0.0,normal
2.6316556998662213,5.446569629758051,22.53531764065102,108.94576761114006,12.363681001328635,27.784643696229725,2,0.027943069027574853,0.0,fall
1.611969970816846,0.8910548051154193,3.926703206650749,85.44655370092883,4.004030361062442,7.966707290499562,31,0.8745430309875618,1.0233182750103589,wandering
2.4815334531527604,2.7625577836660993,6.392339034909256,116.85042940061652,10.216981201739634,25.9120349536316,14,0.5484349171081089,0.44611456671106337,distress
1.0358250168166085,0.12557645104504978,1.3255814496953247,67.40389221134983,1.7990709088356214,1.2451737618045668,6,0.16517796249023675,0.0,normal
2.035474005113621,5.30578514034198,19.097054244138672,89.48909912418969,5.306885730377861,24.72630155800484,3,0.07906128964602427,0.0,fall
1.370527031200841,1.2270609532875998,2.1544957106842464,86.67480659995547,4.690663540558394,14.24716179809075,36,0.8246457379841594,1.4960233846202657,wandering
2.7508670897594634,3.58588470368721,9.736127530190625,123.23641842539972,14.809346302982572,16.160922051637538,5,0.6605769395521228,0.19283478720564673,distress
0.9852844267798925,0.23950093171896603,1.1932585969122456,70.71864037781171,1.8680567976140887,1.6301711124646223,7,0.057607291294920794,0.0,normal
2.955821652965434,4.562450256901976,20.986805966851687,103.67747015241201,13.14609516850745,21.68288944475013,0,0.011634542671520377,0.0,fall
1.7110820702068983,1.339884937684257,3.575802856394403,87.45621048767238,2.912381961517848,6.69656511384066,44,0.8123525989121168,1.3911721813111257,wandering
2.2683485376843215,2.3422287886473754,5.652248155571005,107.31208834682359,16.57911652935059,16.889370113186963,16,0.5377997098773917,0.1755024081346817,distress
0.9553555017483509,0.25424079461191973,1.4107143625654261,74.72536579122193,2.1595789288168517,-0.9998343536987488,9,0.1341748086724863,0.0,normal
2.7192498961760703,5.1426971667838455,23.98459471919457,88.01948630908593,7.1676366925547015,28.908798572965296,3,0.09514949618952105,0.0,fall
1.6775231688224452,1.393774218807815,3.40515102693909,85.52292045086563,3.0007320257407093,14.404014458004015,53,0.8399757799837253,1.4327126887893924,wandering
3.595373019538627,4.0495282009491,7.011385472484379,110.95461022311999,21.25360275100566,35.96823830410501,14,0.49438030695853685,0.36566056621216503,distress
1.0357743319553312,0.1227137275502604,1.2708745221227746,71.63288901409948,1.8494441339643688,-0.09938479231955988,5,0.053699140679037874,0.0,normal
2.667525972421413,4.708872496936383,15.27464843188553,104.17845443562153,8.13030613372476,23.25858684365879,3,0.007835278062771856,0.0,fall
1.861016674812455,1.0688201519528713,2.835567132942124,83.3084052621879,2.280305817515432,14.0038002728962,48,0.9990521816793094,1.0669705601551818,wandering
3.6214057707451834,2.2306152790540916,7.322885794219957,129.21551952344953,22.41131842767969,22.388935380874024,10,0.4415816332524536,0.0760800648265953,distress
1.0658526153918724,0.2995263220815321,1.1692103708831885,75.02427941462798,1.9656458511082282,1.501089005771731,1,0.11007237405837222,0.0,normal
2.335199842918136,3.6031750894190004,16.044128701120943,97.10516591724189,5.109867439292302,20.13013515884924,2,0.018639855643969618,0.0,fall
1.719383894961656,1.4902205680712424,2.0211914931879535,90.36144106615023,4.725832746448765,9.387660231393657,45,0.8419914317264056,1.0190150912990268,wandering
3.122830083710445,3.0930338154400956,7.625486058929018,120.5757859370149,10.778121135542325,22.63579607647284,5,0.5492002652199164,0.04010444824885179,distress
1.0901141557427818,0.14496839218638774,1.3213811586789863,71.11421231290925,2.1363923488578305,-1.0069657162595385,9,0.1885503080119231,0.0,normal
1.7191620430016132,4.60015622377008,18.44601134717336,102.37484365554675,11.956418415273419,29.293147422738816,3,0.013055365334485881,0.0,fall
1.8885528366418756,1.3198380037787856,3.3861903218711418,81.91340241194064,2.7216196177749112,10.611060448254246,44,0.9149519706648811,1.1543508743848685,wandering
3.4609544359623836,3.8137805489566348,5.080661931579974,103.98745039800157,15.715733977887421,24.983277237929975,10,0.6642436652346511,0.07629526734032827,distress
1.054712748872274,0.23189435411950093,1.0078573004145388,75.00231014925785,1.4734337268781048,-0.00894888500195945,5,0.1102466883660948,0.0,normal
2.587469146594518,4.546501853544639,18.193672386292114,86.83232786021983,13.33012854030526,23.59818905672135,0,0.03631253512845678,0.0,fall
1.4414218218746386,0.7916465808748193,3.604563826092577,93.32481626562189,2.8913567009921355,9.136121830435021,42,0.8195125422562994,1.0233560989600223,wandering
2.6623302954783625,4.905307778581327,7.92098425010928,109.87525995335655,24.601798884682008,17.500923293689358,10,0.6469737759599372,0.19348531814795772,distress
0.9872685386031868,0.06517401301374336,1.0245351687009312,70.04538627383309,1.4429044919760667,-0.31647136881690496,5,0.07263082929641954,0.0,normal
2.6452009430753534,3.2212816227023087,20.118379823539094,86.48582176668243,14.999544107607573,23.663940687738044,0,0.04999852143382,0.0,fall
1.537649220319787,0.7079476587886901,3.910790218191644,90.39618827565289,3.711709828560158,6.228117426510113,45,0.8829609756222822,1.1422689582479109,wandering
2.514954791980422,3.5510402880679175,5.346506505193645,127.95661892311965,18.708362138894586,23.419870064871283,12,0.6622997635686149,0.314131201942453,distress
1.070944888562922,0.29452486509181225,1.4777266204824666,73.2816211805534,1.538758463179372,-1.226861406551556,7,0.09514164279658398,0.0,normal
2.901234865255432,4.474891215419418,17.939025319730792,86.27475237302541,5.80769955457844,21.399669061509957,0,0.04905487895048297,0.0,fall
1.46408355997839,1.4555172503635303,3.4302570547792204,93.1864605777275,4.4023766917189455,8.269099459936365,58,0.9478065194823877,1.4162429789261264,wandering
3.9430798789196073,2.998732692155021,8.20860250813109,125.73624395665206,11.206808800174393,29.58249282538467,11,0.47367355525028226,0.38022826883254884,distress
1.0417766209648303,0.1590797950452315,1.3560025980617705,71.73759216732498,1.4248799188442938,-1.207487497715264,1,0.07764985018886161,0.0,normal
2.194693657650748,5.538658443260724,19.31734086903179,91.55854610561602,11.447584960872113,23.74796409361701,2,0.048774307623666295,0.0,fall
1.3225836789860461,1.1166062476333454,2.492536746136074,91.14533743209373,5.867148238292602,13.12096652603145,35,0.927211506051953,1.4511496301180942,wandering
3.678753882556697,3.208327234184344,6.551542464356593,124.23212214666997,22.439493955545707,37.99903414327919,15,0.4795541940194071,0.43014895748398807,distress
0.9452027987557436,0.25043372318354234,1.2254711528597706,75.17885327335375,2.621371172786284,0.6944415709431282,2,0.022133100351714563,0.0,normal
2.533727822506818,5.8673206578946715,22.954187226440965,94.06907604061323,8.408760059677345,25.740612880836707,3,0.04492351379151319,0.0,fall
1.8026866890914632,1.3901259718337013,3.4183420982377575,88.490599572489,5.395366647370313,11.682605076748029,39,0.9935547734482755,1.0872585352944963,wandering
3.960099221874229,2.232723397700078,8.020087798765584,102.59712847128814,19.234552247508084,41.82421555275197,19,0.4373594162855609,0.06513396272882954,distress
0.916845777580582,0.16377240126824322,1.323534514584495,76.7664745730928,2.064170637568287,-1.8507621610890772,7,0.10759603590482886,0.0,normal
2.12318734866297,3.6379734021423564,20.306907172874354,93.08679922389649,10.310668384850823,30.50093345224649,0,0.009299168435449279,0.0,fall
1.583794172317522,0.9568766482294474,3.9962642829659893,94.02842689226634,4.193763347043976,10.319669093453943,38,0.9007276533493774,1.1115990720755131,wandering
2.5558207860832702,2.4657253578652965,5.572404213243776,124.56807367062889,21.2988229097229,22.227479093994177,5,0.36192967560560263,0.37297821420691696,distress
0.9731560733198517,0.23352209706068638,1.178752673496233,75.38525675665274,1.9159463691532235,1.002958972742995,0,0.10019141296228412,0.0,normal
2.5993098927034515,5.389299859741048,18.61337934938161,90.82435267348312,12.933629935392645,31.657682089219563,4,0.037569775806054875,0.0,fall
1.5324869255360105,0.670413387988104,3.9027869974427905,84.34253679877563,5.35388538324669,6.678386650289985,52,0.9086183200310463,1.1357990255582568,wandering
3.276565955484566,2.8026488408399746,5.827146298377943,114.26531757293418,13.087575106319143,16.99373989791014,16,0.4764085951067203,0.08119657492930943,distress
0.9404726041502591,0.1729471100423271,1.4308232300598203,73.92040259801529,2.79700957853518,1.787164379597192,6,0.08675985947753667,0.0,normal
2.7143772670477757,5.104621440981262,22.905269561902898,109.75072420391287,7.530139990818595,23.742259762063142,4,0.07675877883653655,0.0,fall
1.2904836103427417,0.5955537934524854,2.4044176753109254,83.54258816481558,2.2339185719620214,11.392233746250724,49,0.9780363090947295,1.4553860148910474,wandering
2.3482373630615654,4.2720358175920605,7.61971590620246,110.8384886956323,11.347010410673137,43.03832683465904,8,0.42159229269278575,0.3585521798036733,distress
0.9896139204594983,0.25237708002237447,1.4863478129938925,67.82698669699755,1.6927632458190867,0.27599673315864015,8,0.09377305150638471,0.0,normal
2.907620819433331,4.894598616691691,19.048963074540623,95.95762991424276,9.587377367004551,26.517972005394657,4,0.08427866762341113,0.0,fall
1.7977533874901708,1.3079215755388744,2.2852033622813797,86.6282634883217,2.11653084510511,8.004917897165063,49,0.8706004398608387,1.2372484214939274,wandering
2.402145641592156,3.78121013200452,5.6145566222559715,121.23185664386122,12.897418067615831,21.11025238691237,10,0.3537423884343528,0.11175828969599755,distress
1.0059542826903332,0.07742763946984905,1.0187382576251753,71.0607714623398,1.9533491867191763,-1.6970653132934035,5,0.05402753616468168,0.0,normal
2.1792975485973836,4.001075935666671,24.73411372479657,93.44323480845983,8.61732136642508,24.3480876086778,1,0.06274274784248071,0.0,fall
1.4014013474220555,1.0321947156233873,2.315981716860896,83.56760169373267,3.754927550567437,8.621944244573518,39,0.8546021377715994,1.2618783205455437,wandering
2.0404073592473253,4.378147663119078,7.644241184987392,124.11710877847827,19.784559510333438,27.743887329222822,10,0.6872965436081948,0.08970299628160444,distress
1.0644947716893733,0.08884122696773615,1.2215246566877085,72.35184192793866,2.8639008266059696,-1.0637239975495145,7,0.0037344339573536,0.0,normal
2.5680420204628946,3.4508029668994054,20.673843653400663,87.28931052378356,9.078551971844849,33.1199868700845,3,0.09446461471558223,0.0,fall
1.5354856749616546,1.3343818411580028,2.561160417019493,85.56789170296163,5.626326248339026,13.41014516218039,56,0.856770805205726,1.408522788246077,wandering
2.1979644668915226,4.9205548934357015,9.020945088262717,119.2233030482197,23.209145238679852,26.250458480881168,16,0.5522251378269865,0.08140379453471175,distress
0.9417555745801781,0.25450644039118886,1.3505813404358022,69.7402968216741,1.8496714617967356,-0.5029892712567081,7,0.17272697212440558,0.0,normal
1.6804124124374833,3.595691840641115,17.99354834999812,107.20789714325346,9.38787836981887,30.337854000482842,4,0.055209614167074386,0.0,fall
1.5013990164322855,1.4472826262154186,2.8809227031595306,94.4914277963242,3.361639399933235,12.14055288773327,58,0.9647791885797752,1.2164359218506169,wandering
3.4265409530453144,2.063125339402628,9.375392652348207,103.05721877181065,15.43664350624423,19.931261665015825,13,0.49382212005887555,0.398383525942298,distress
1.0085466191241448,0.2745121569526277,1.339592447137869,68.76476051745524,2.6876993056089318,-0.7904336660723561,1,0.1765298420879281,0.0,normal
1.6336465020205826,4.486451629298196,23.446350634942874,87.40093208079834,11.839447472638419,25.520038729095393,1,0.06432916447402907,0.0,fall
1.8915422762049983,0.9662360955387672,2.1563075738108743,86.08919706693653,2.483127315556835,12.564718425897418,50,0.8371552229778583,1.0161720034692676,wandering
2.1908589676652093,2.3833678514466965,5.370460707501325,100.54945007329721,20.05656785573893,25.27198105932728,14,0.45391211939396253,0.0171793139787641,distress
1.0393909037702813,0.13112808710299034,1.2131542003009494,73.22521909811483,1.806993564349434,-0.9166623335722845,6,0.14592973783455276,0.0,normal
2.0611351947389887,4.845956647068172,16.614039189523083,94.50126912216808,6.310822443479634,24.59644893712874,1,0.03857566534993254,0.0,fall
1.6939215808580113,0.9885817597195233,3.6295302054580256,83.15628548525352,5.913145038082183,11.635868700317907,46,0.8514138460416633,1.1636401802387557,wandering
3.3879566043901037,4.447067636967889,8.988150573602383,107.09779919396247,24.21398286790268,34.82178361381499,14,0.3153917005556619,0.32535190065796715,distress
0.922171811367349,0.2169124444945823,1.1418802330885323,69.6925953972729,2.578633675560774,0.4016817341820449,2,0.17781011783610862,0.0,normal
2.1538314679753814,3.823010530350532,20.443622661485747,108.69556224166871,5.848263541343226,23.612448793018817,0,0.0354848842705742,0.0,fall
1.8117446463031321,0.697676919766916,2.3298615622497127,89.34043502054872,5.323697581982777,6.6841580270382215,43,0.959188946043461,1.4281696629877902,wandering
2.9358636440833434,4.4394927851047346,5.6337380907883245,115.41477018530283,13.763288586411825,38.92305885910165,17,0.5522345573979208,0.22650922323375028,distress
1.0889142539098249,0.2777851903821703,1.3576011058998323,68.69739529115408,2.4413115724484853,0.8270418443760068,0,0.10434118575580785,0.0,normal
2.0280127510959254,3.0966271485082038,18.160594624026373,91.82163197974357,8.047274196080256,28.883825054244312,1,0.07784790425479247,0.0,fall
1.6726353636820348,0.7262833605833284,3.816025378324815,90.99412159998474,2.654588161186014,5.555242826392746,33,0.8052453425568873,1.0960172497913905,wandering
3.080628958169455,2.079581266947418,5.647666578423488,111.49975976232089,22.69644323308423,23.649817744143135,15,0.6722283793064664,0.4542867786241141,distress
0.9630366472301661,0.29167876528001874,1.0487795117410807,75.05378500871029,2.376307928408691,0.6675251730717497,1,0.02600447085398805,0.0,normal
2.640799197070965,3.3262754631194045,21.51627922783554,90.25701394468305,11.734090533887946,27.768557871978956,4,0.02133734784035617,0.0,fall
1.7296987137375206,0.7457935153168231,3.2901292500217325,93.38381861916876,3.229889996165831,5.8956492747764875,59,0.9937525504389575,1.3392406247725712,wandering
2.5096517692435745,3.718389343602614,7.031697877963926,111.25468733759404,22.380930006728082,21.800739396412897,5,0.6747114203245499,0.4670596922602143,distress
0.9994598725102025,0.1739225169682111,1.3653651747934368,75.52040790033384,1.339702244229765,0.6140641436173269,9,0.1006277493324991,0.0,normal
1.560379034269444,4.261652199634673,20.023531395273423,104.61592037005651,11.886889061084746,27.99147318166188,1,0.0633996035140753,0.0,fall
1.5800085885530328,0.5906175031429767,3.9351998774645853,80.28985889302048,4.164386373766876,13.76843242149853,53,0.9799498356766296,1.0513213447265388,wandering
2.9733288877867645,4.096719652456846,5.638386976050108,120.14827342507888,17.286864862663847,27.076304254328036,15,0.4810736089830865,0.1991989696126671,distress
0.9912229760697883,0.27796759084093975,1.223981981226505,76.67775265767736,1.4099791180708863,0.8037970333657518,1,0.1749459067546257,0.0,normal
2.8900037608635105,4.646380887936603,23.649992670649077,105.24169165819146,8.007752859125889,28.17245030059175,0,0.04421300396145697,0.0,fall
1.304295479229195,1.3801383498973185,3.368833882784977,89.52255672624655,5.793573229681254,9.97190811270103,39,0.9412610191980688,1.23125191976393,wandering
2.219882659471841,3.1663877262479887,9.500363364221808,105.30847647832951,18.470153930404827,20.53502199532909,5,0.5535090068426476,0.4758347654683989,distress
1.056630820363227,0.053017504913236604,1.1583778019588626,67.28066785667522,2.061642000124511,0.34915070841587603,6,0.09679102809831307,0.0,normal
2.43794534378505,3.4083098551148763,19.36559266711205,86.3988677084108,11.451091080037342,30.314003679661386,3,0.03904558326559258,0.0,fall
1.2329245349328406,0.9692826133433075,3.1010925582930065,91.65441809416029,4.189462063242558,12.32858814669374,40,0.9792741189638279,1.3383905406604297,wandering
2.5961503420965593,4.776963687560297,8.112024248615658,123.22767019319905,13.323107886800862,26.09172161841743,14,0.6573809077511464,0.01950671869423204,distress
1.0658840384974126,0.13951629779332414,1.1958126643462839,70.58348417393047,2.9116772330883114,1.5373704456318418,6,0.07009401021045521,0.0,normal
2.700646861377683,3.0353860306238643,18.678713907844088,91.50956283714669,12.771413979462519,29.583698508326727,1,0.06517141249852279,0.0,fall
1.4654272183586292,1.1812654280907564,3.06398969944291,80.3517593589112,3.2095806778615623,6.25336142810804,32,0.9553104208468173,1.337752974958092,wandering
2.938671026865668,4.796680082333931,9.42187807473969,117.1200305781198,24.885573667452107,15.101259251182697,18,0.34263739681627536,0.43443853462895937,distress
1.0454039662106518,0.08497276234447655,1.1130835693106456,71.35567637031258,1.9497712988604556,1.7576143929509969,4,0.11576671114062374,0.0,normal
2.7008275000709174,5.5815703222820146,23.014968980998717,94.897873590777,7.596487810408783,30.0082734838987,1,0.0022504710739276626,0.0,fall
1.528697248750612,0.7893340438994912,2.4874249251963407,81.41739573932007,2.1758095715113788,12.82244630929612,35,0.8137470111338829,1.2679139917707059,wandering
2.2766636356909653,4.155891054578545,9.91407186008323,128.65766172082706,19.096974551146154,22.321243413826487,19,0.5224917772789236,0.25079605554482476,distress
1.01107049876153,0.29397482960879373,1.3276254888945624,73.2350976200587,1.3637615681071908,0.9073879462114243,0,0.17142835577329366,0.0,normal
2.4097180199519217,5.611782953152325,17.363863598737566,101.98103617050893,13.533422435734295,21.27018002129671,4,0.0016082683160344446,0.0,fall
1.4096413209954246,1.3884147689359914,3.9638430121160626,83.62366930162845,2.1732228516009866,6.599001668847617,32,0.9296974245915245,1.3665538843539338,wandering
2.136449506710962,3.238627568927898,5.08088848571345,126.2429138243636,10.404090838518245,15.049808442107096,13,0.4074631115415853,0.4958049070521933,distress
0.9811189726804406,0.17688394390078088,1.082836856969369,71.1108802161067,1.1135912836837807,-1.8743589576663204,8,0.11754139522783236,0.0,normal
2.5704156044896695,4.545979519032047,21.169296670211132,95.86531062971791,9.757305842038944,28.126405478051634,3,0.030388900369820795,0.0,fall
1.3947127407010596,0.837044017409378,2.120412966550421,81.0143402968399,4.41995500829279,7.8846802264881,38,0.9372908457633926,1.1705092871836538,wandering
3.347548269504589,3.9588147026004594,8.981981159977769,102.34844127264252,22.59346909431339,35.06025623414705,8,0.5754335754512889,0.22180496712168551,distress
1.0177037480021172,0.12568480178734648,1.3077906592469053,71.60674167071879,2.637722755658491,-0.574927329618923,0,0.15010989330292346,0.0,normal
2.9717352339749805,5.107578131673457,18.608721176627526,106.4233114498216,9.388544210260934,34.55026687390658,0,0.0868910924438413,0.0,fall
1.51761006808284,0.6998411864937824,2.131459166136762,88.21865349624944,4.185626952420209,12.268737800978588,54,0.9525435984574184,1.1276685649959262,wandering
3.281696017725487,2.766587423204041,6.2937390751296896,125.10340682129451,14.113348141212203,43.299927929627906,11,0.3539067433193777,0.4406993921802499,distress
1.0992314624569874,0.24538486944305937,1.3750315459735099,73.6268030377456,2.8932692301938383,-1.36616544315911,4,0.14219761141352416,0.0,normal
2.741804688994033,5.555277425742807,20.86918735898893,102.74078419167523,9.644744263583524,31.746432621713204,1,0.024267276301898413,0.0,fall
1.7778020870483473,1.268406644913588,2.1541789292548437,88.00114573077626,3.0872990009922283,7.114630775317245,33,0.8863689699123295,1.238470759490426,wandering
2.818155213242287,3.71550114186392,5.909096014342822,128.87205795002362,10.581118296466453,39.53565640720065,19,0.4316638864782304,0.33963696338500515,distress
1.060920681738987,0.20062007712567903,1.2156424871707547,71.96614438573647,1.1396632687170083,-0.7202844087068918,8,0.0286246324099122,0.0,normal
2.909954633507798,4.222241896975636,18.48435359872337,95.1351278053479,14.735990347706958,25.868796686131898,0,0.024040284201403028,0.0,fall
1.4358859470381995,0.8131262567368921,2.9283912329411366,86.04528402591338,3.751470518997706,5.71393326505863,40,0.9146149608984245,1.239907578691915,wandering
2.399834564721785,4.1985340391024195,8.381320070780454,103.49564923726749,16.91890262621312,30.152751139049897,10,0.6314907299992103,0.4198139739749568,distress
1.0588854748746335,0.11530440439700988,1.089451708753522,71.53508210622407,1.1436448984177756,-0.454743439197939,1,0.08202398197373717,0.0,normal
1.9759826735631294,5.270658650640779,20.569528845015597,98.08044941712895,9.611722022836158,24.53311773690443,3,0.0877912807795145,0.0,fall
1.5147188326893013,1.0906241486658979,2.5384410267754913,91.59344361461228,4.853783198499391,10.812839145657836,44,0.8426039354720489,1.3226757848129949,wandering
3.673563394079456,4.1564066265794075,6.64662656907545,128.89190835664436,12.598693455612377,41.740612449288506,6,0.4372586419138767,0.06087030046900904,distress
1.0317666413176132,0.06061570649882582,1.0640594243596841,76.16966005695318,2.6986613687835734,-0.07135592665768309,2,0.03649518477197546,0.0,normal
2.80015828185738,5.299125093759052,22.53649572368968,103.74239254806363,12.576662466623109,27.36649630637681,4,0.08242189051230671,0.0,fall
1.4316391629913903,1.1320545603363878,3.5711742358352687,90.74236233965215,3.9676918474397307,5.857669717278993,54,0.8520801184862229,1.0824482610178192,wandering
2.100253408053458,3.613208695735918,6.375121126025674,108.55614438747207,20.28669591811809,37.096995017001134,15,0.3219462981988766,0.3156748894346523,distress
0.9951599652308374,0.2276005079566591,1.169174762281544,75.65675051019457,1.0439623495678363,-1.3322823650403963,8,0.18243993683134696,0.0,normal
2.091808342659187,3.297700792766184,24.905330389402515,109.62204265919482,8.060368312587277,24.02917733384013,1,0.07672278721467297,0.0,fall
1.7506407576511918,1.3963748241014158,3.0869472009119177,86.9272646237668,2.1571398064315686,7.4560356452545165,36,0.9424108416760515,1.1000876862260605,wandering
2.2485000859704494,3.100712659257387,7.605134399689086,108.953670025542,24.115798937420966,20.239665494528303,5,0.3989594511057377,0.09258808255869438,distress
0.921810306289627,0.23868386700885963,1.4817441706939245,72.10088694166411,1.480758087459628,1.2352610708258416,7,0.07896201228889739,0.0,normal
1.8202463226627847,3.1753169656505076,19.897538096653236,106.27764015702076,12.22921168719266,23.36405068101856,3,0.008129747371703756,0.0,fall
1.7070055990908304,1.1126954505779114,3.5152875796817895,84.03659640708511,4.6423469367426105,12.025640875885422,46,0.8411664584301017,1.175384850814639,wandering
3.88612520694494,4.699884171690639,9.37084906451285,102.15661854542948,13.534855749105471,26.05473493630538,11,0.3502766980521362,0.09403630669182406,distress
0.9790178714118943,0.1221567320408919,1.4821958595822464,69.65917299616356,2.889893650670019,1.6166981469306565,4,0.16070752615253225,0.0,normal
2.810054825613288,5.582593479740589,19.98534943051724,93.89664135393816,11.558385681145424,31.837002793798057,1,0.022939110004045284,0.0,fall
1.985406792643233,1.3615432080309229,3.8068001192279732,94.01010703965876,5.026598730400563,13.926566362890757,37,0.8516301160357815,1.1363844932021345,wandering
3.914621152476337,3.973572008780577,9.26958773496051,101.62967381590349,22.127675032218036,26.761357877378806,11,0.4648742617674641,0.034064138045167836,distress
0.9465839972509549,0.15086431846498577,1.3850116164629966,75.60142569519496,1.7243652669160403,-1.1759625826050573,9,0.12576225267432933,0.0,normal
2.177439674911829,3.36766718673999,22.276829210688526,92.8189989245371,10.000150059074201,20.609313550495546,4,0.08276140548338717,0.0,fall
1.849455418121891,0.9648034346737774,3.55985081879716,93.96500880901442,2.8957909368819585,9.315859969000583,46,0.9337600815911995,1.4005472036964224,wandering
3.5973058486012706,2.9426937759506817,9.337358257421501,125.07460800660326,20.685988935510498,17.12256939622444,18,0.592937126770654,0.4252339024370161,distress
1.0007173544314742,0.16646845670123311,1.0011298736415861,69.96936440149005,1.5525121437068599,1.835694902649014,7,0.13929693260406645,0.0,normal
2.9836335414186297,4.679006072199206,18.243412989265778,90.80527777534641,7.4234177602999365,33.33050549146129,2,0.0831600162828875,0.0,fall
1.2794661842746957,1.226167105750262,3.6595525757711656,91.74743638370305,3.0508808917238994,6.234309682445972,32,0.9948737673119952,1.3602309021490817,wandering
2.5746137470132417,2.170420224998483,7.6556533749424,123.15574989375216,18.15370240941354,22.2870655368255,17,0.4144759799997319,0.28835925942674023,distress
1.0297226013079905,0.2624417637754246,1.040564949585974,71.84478259659214,1.0832789302404826,1.3124552043686144,3,0.18773142379139832,0.0,normal
2.5733274321349615,5.8923602411802065,21.812955451645948,92.15953174239861,14.17701425785956,21.376665394011393,4,0.016056511426081523,0.0,fall
1.9537075980290672,0.5318154399234244,2.592108406502196,93.34338387789809,2.0916011923734006,6.7744787120145755,59,0.9189734289304368,1.084450555561372,wandering
2.8876391058521733,2.550953629738199,9.658864802447209,110.22593919344982,14.20888013557739,44.83868862552714,17,0.4787852382094846,0.04842209595117658,distress
1.0800593209180367,0.11650917645680005,1.0282428925049691,69.82984426676944,2.4905287719550664,1.9722653725540784,7,0.13390800193544802,0.0,normal
1.5505667756501478,4.165575978283701,17.06285996953345,94.25637865089102,11.869722146544287,34.755731063807325,1,0.08926307062089733,0.0,fall
1.8951325449869967,1.2035494709022876,3.508672600061087,94.30919632558104,3.7941419842701523,10.978665468149586,33,0.8170186417954987,1.1055248294743154,wandering
3.369790489230949,3.10455356259204,8.313650860000413,117.25644163155144,17.66204464297462,34.55511523237196,15,0.43062992816895374,0.28261221416692084,distress
1.0044080751392224,0.21757652271275923,1.4282633473583524,67.9899597123762,2.8515026001559347,1.1267508044784185,0,0.1439952820461086,0.0,normal
2.4523475895050013,4.681993792656726,17.091652422147646,90.0833069669835,9.77712932956861,24.32216655123002,0,0.06611695663946084,0.0,fall
1.3277190762077298,0.9321857143706691,2.874117554337479,90.7953033158282,5.383875316567144,11.51818659372485,49,0.9745656362342324,1.4749320221131828,wandering
3.8661481832709343,3.6353078391279547,5.484329228452468,113.54614007894855,20.75295165309164,42.14292854279477,14,0.5627677115287346,0.20408450720837923,distress
1.058370524754595,0.19774864042890172,1.4091876100149048,76.99174041398705,1.3461638695547113,-1.6435826512283884,7,0.10420675501356819,0.0,normal
2.4489367599999645,3.9695982179209612,15.540705505636222,109.38308825628391,8.127199524163887,28.444680446237975,1,0.06548759065496196,0.0,fall
1.340256951612711,0.6712326746144337,2.65925633273709,90.3569309497372,3.1244357697830107,14.661542154400882,37,0.9059667610824578,1.1769600284657329,wandering
3.696696248559,4.421654054611134,8.273938328200424,108.39012727714649,13.162253476684409,30.166370466789733,6,0.6551871363878004,0.2449052121250354,distress
1.007276421548774,0.25015069239624055,1.2510790638940303,75.43271418772278,2.675094880204339,1.851308945277494,2,0.09467221709099966,0.0,normal
2.4202282304179112,4.868657468551051,22.165907162342826,106.57493634338093,5.6386518534825445,20.90743270210654,0,0.08417255513205751,0.0,fall
1.2963273295707085,1.4687432881525093,3.5245271850662414,91.69104492998174,2.4902139571297073,10.82492129466546,52,0.968002390049783,1.1738276296993884,wandering
2.847716718387785,3.2042832482881334,8.678932601660492,108.28460072679896,16.512556153098192,34.79325449989733,9,0.5972890078811741,0.11090158161738983,distress
1.0894373696700963,0.10928719727880191,1.4283216559187903,67.54487656802381,2.1133510048498456,-1.8573891518769847,0,0.031340461733443424,0.0,normal
1.7733722779503636,4.184188670696726,21.42578669356796,107.13374583633106,12.589917809168758,27.564879519020206,0,0.07546212014289047,0.0,fall
1.8772894783038057,1.1025685453398681,2.2756585193853724,85.74115139149139,2.7723616755658913,8.537826542091652,47,0.9636423325931149,1.3614351404020393,wandering
2.8510616244961966,3.2440779226346868,9.086873106351641,122.5674099439704,18.26500619965814,25.573765728332518,16,0.5876628685640825,0.1893722567994136,distress
0.9600444018052182,0.07876903466985298,1.0935471472991924,68.06495197758983,1.3418753069296623,1.9870449022663625,3,0.04377433868782763,0.0,normal
1.9383247525464484,3.6573050751605067,16.90085764533954,90.54042663345732,11.12213086903976,23.291819815739302,1,0.09196661413122707,0.0,fall
1.5073650555446028,1.1173343951372234,2.2504534917736914,89.23914244854397,4.234678710282793,8.16785080381507,51,0.8758769474481461,1.3332146168998986,wandering
2.5645619335093923,3.7513553973029827,9.28557842168276,125.61219900465014,22.604441858645266,21.98676596598041,5,0.42028308955543814,0.43159881733139616,distress
1.0597676624198078,0.05592918885054225,1.149123923531685,69.61614269159182,2.0404608709591474,0.9764555470140879,5,0.013507382267271151,0.0,normal
2.974461316169588,4.633772801211507,20.776713471068234,92.64190627885584,6.976637105324314,24.362016455445392,4,0.03198030190151218,0.0,fall
1.9881211321766528,0.6798598018636945,2.464712041185387,83.90476657012574,5.151114755369358,14.660435243215986,31,0.8654391433187762,1.3057460247220565,wandering
2.5105775970875497,4.622024430203024,6.095780888260943,127.86986630779622,14.08806262533071,21.93139673965218,14,0.5078432460729846,0.24301317770804293,distress
1.0217325685580654,0.21697447999731062,1.4164467570824844,73.67963199163987,1.1842209138281505,-0.7545906042585115,7,0.07828545914400252,0.0,normal
2.673491886107521,4.265523336584401,18.204084036716324,87.54890096653398,11.603970663730072,22.102831928639798,4,0.09941835481987665,0.0,fall
1.7464688718137953,0.8556197603923467,3.415292644069029,88.37801750297574,4.045247453300275,11.079402726089144,48,0.8857475225375506,1.2267800950318664,wandering
2.3108941989448817,2.338203666033083,8.948557732087009,120.38914714035704,14.016898696594073,40.36143458539841,17,0.4300538266095839,0.3921881093773463,distress
1.006020606047491,0.0774874835766065,1.282305640328772,76.53558102173837,1.7046725831837672,0.4808567006205142,7,0.06743271546150771,0.0,normal
2.485310539559838,3.1116942357193844,22.982886456259678,106.58532994555118,13.419175582412864,24.280491297083845,3,0.08558116445801103,0.0,fall
1.6963975682636614,0.5517792654096653,3.811292486529534,85.15584948712095,5.427517711647342,8.923377494398247,44,0.9471764031495734,1.0636267792731158,wandering
2.5247551369284578,4.233947877385844,6.843024073521464,103.82256637218765,21.2594522737433,16.16402802551437,11,0.49716622701923235,0.19834592003243745,distress
0.9133637925839201,0.18565308357202848,1.0922684104228821,71.0397642030408,2.7679290005340214,1.2427494958790444,4,0.12775785013894156,0.0,normal
2.5678682182191848,5.171721866534369,15.973316415077418,88.42310017399008,7.728148601632892,27.651523872908264,4,0.08100099240385694,0.0,fall
1.5670036067759732,0.5451812444925949,3.1339078307651547,84.77344578796743,3.448970046564091,11.697836017881613,43,0.9592722632919041,1.1278581251833164,wandering
3.291472217508944,4.405946827812922,8.27909973308497,103.16964928506268,16.459423519258046,23.171480863489126,17,0.3918046598726204,0.1270682664666538,distress
0.9135114872746595,0.07138343961871317,1.3447580488092394,71.71641457772085,2.6735368149934153,0.3531413038420266,0,0.18184409971898324,0.0,normal
2.8364415008725454,3.204228097201209,17.98277515465366,99.7305330659281,7.321782226339667,30.13942191339811,3,0.047204978351244556,0.0,fall
1.3367648218121286,1.310114910620141,2.17153583509457,89.16102585324316,2.366371277958788,6.7756565228274335,53,0.8228554418260818,1.2769738106727395,wandering
3.150706147782265,2.4345135947462593,8.564218727397119,126.40657028131051,12.991420726072715,40.636061205428874,15,0.3807150117299568,0.48818829933283353,distress
0.9598843857816366,0.2569229448500315,1.1776786576551663,73.4302889129437,2.435699273831208,-0.8802059497052026,1,0.005292179476757353,0.0,normal
1.6160990853419368,4.023795717603836,18.319269134956503,105.39374849252565,10.560335261612463,26.1914629219175,3,0.09807723541509025,0.0,fall
1.2778841293394003,1.1131647560718603,3.45289421898171,83.83396354050609,2.416093733690453,6.242503895503107,36,0.848791880430593,1.1699524036557207,wandering
2.6841229502790123,3.4136130193513345,8.81363611330783,124.90721766633447,19.036217386882885,31.0533633240647,11,0.5831003723262134,0.45240239914808733,distress
0.996229875957171,0.15811925984388042,1.3760070852901176,67.00024408748214,1.8529786837924729,1.4707801069150288,8,0.17061298757166835,0.0,normal
1.527674897023511,4.41615472856446,18.833802437364735,109.22932868159063,5.410549122844195,25.53041532839108,2,0.01594919038290239,0.0,fall
1.8576067233580107,1.340431332760673,3.333366264974206,89.06908520268536,2.7842276263764654,9.963781765903818,55,0.9222993810521602,1.1152669351220228,wandering
3.5649875180437336,4.636215820557018,9.730037416103308,102.47837108928766,17.082017111255528,21.639099046649253,17,0.6325645575655993,0.25146078431576374,distress
0.9845752945037289,0.13424468025273417,1.1616384912395814,71.27191852529741,2.1522314228006163,-0.9141087482702424,6,0.1157044149957422,0.0,normal
1.743871240785503,5.88737705283287,18.881527272963996,99.28612469345708,9.26345764430412,30.220932758672557,2,0.09562565188991576,0.0,fall
1.875643087707057,0.9302703977086187,2.7720629072500254,89.37691311566253,3.1999854860207972,8.64032922875184,48,0.9539606376924925,1.0744301399158418,wandering
3.77561265457331,4.707659158833808,8.295361753838161,100.90750963585864,16.67811023348564,37.80612707509762,12,0.46030480217793246,0.3900098975699512,distress
1.0835836915519983,0.0800803044232725,1.2685815242177771,71.63933240688316,1.6015623898720548,-0.5241336443607438,2,0.13003455954288148,0.0,normal
1.5854148352150594,4.143961878577501,21.468551419277848,98.13203795146725,8.187246360089294,25.8723826637136,3,0.059958067239636974,0.0,fall
1.514635707052165,0.8666356130794219,2.5300228948151102,83.55682669673631,4.40298854872961,7.062075901925567,45,0.9728660609106003,1.1547090212748967,wandering
3.2122673131279873,2.1279640876691244,9.370858863602816,116.39852453646742,21.084577542566063,29.12432923207905,14,0.6995103887292013,0.390200320509886,distress
0.9099517771211214,0.11218913750091895,1.4315285816709995,67.84158337826153,2.5170746480211905,1.184316448668143,0,0.0946992331475791,0.0,normal
2.0408742694688673,4.35525008722571,22.36850784064957,100.69175538881628,12.89623864638154,22.545602512871113,3,0.07267144759170904,0.0,fall
1.2504808989039518,0.5346085080434678,2.598512646592289,83.84981642701526,3.2526135726530443,10.99730788306093,33,0.9463462055996883,1.461656899706249,wandering
3.007858160495198,4.577054165663253,8.368901101412593,127.99429979590415,10.103612752288214,35.15773924476916,12,0.32336744086754093,0.19761490140182192,distress
1.0873488160981684,0.22250969645664492,1.1664718672193726,74.30532606726867,1.86975579464005,-1.350108422964977,8,0.10295462002713203,0.0,normal
2.6750485058587357,4.609524504188505,21.91764889163776,96.26651509834745,12.242095379534058,28.762845577104557,2,0.026960218581023068,0.0,fall
1.2061226985319005,0.5242759035336083,3.1032245434010086,88.1066456099546,3.887384685253832,8.274592962476387,35,0.9916921785944591,1.2598345256115269,wandering
3.1923020224048937,4.348285891182584,8.45888843215435,102.34585785848441,17.880341235708716,21.153641602358583,14,0.4879042927736501,0.39428565431509066,distress
0.9904935161857538,0.21817718633052913,1.11472421389476,67.99876023286517,1.1495639565696705,1.795571300401262,8,0.16093598559111982,0.0,normal
2.0555566442836013,3.3700032666716067,21.783609986700924,93.90607900999767,7.329978523685635,32.81890580525599,4,0.01615018579758155,0.0,fall
1.455446033122339,1.2188155090987087,3.4512391544668732,83.99839159166272,3.2804697407610113,12.198436846170994,57,0.804280937167667,1.0678110989422176,wandering
2.2636779027362204,2.6893629105463,9.620598164021768,111.7529330692926,19.64073992612667,17.133770664245077,10,0.5817006341766611,0.2837018364259468,distress
0.940972943722796,0.1561863871437325,1.3082112852734216,72.27539164288063,2.0223770305514948,0.22673108272305065,1,0.15631127407420747,0.0,normal
2.4358451762399955,4.766996411837224,19.107003612169624,93.69011434873843,12.644703619736918,23.625789328489322,3,0.03985479399412765,0.0,fall
1.4631700504404999,0.5854165241975171,3.39456455151841,94.25600146798324,2.7803419490774783,13.497560937990738,55,0.9744767548485105,1.415953702712648,wandering
2.312872033116355,4.230174343265496,7.480774682234221,104.8976839142034,12.481336207218439,24.171822091058274,7,0.619333272070465,0.1962468013103893,distress
0.9770992595406769,0.20771594497373974,1.21240422126077,72.97535201696418,1.0854513383256328,0.8460884643159967,7,0.02079477037237265,0.0,normal
1.6772395339301054,4.006282448853603,15.276458646709862,91.25766113889601,14.279021042607125,32.91506413809846,2,0.07378350565589666,0.0,fall
1.983533115238222,1.046323462651465,3.958703226881318,94.49733761773281,3.8039391864999654,14.093528157792482,47,0.9543044894316439,1.2426907695368152,wandering
3.5523492206987832,2.7579462819552654,5.532645256123551,107.16713442828095,17.597360967956277,28.780497665965157,13,0.48913378361872406,0.4988525371514702,distress
0.954635335902086,0.23817897478826672,1.4681825320366189,70.0852732932101,1.6958143613431693,-0.3184209447694313,9,0.18730255016742622,0.0,normal
1.6573205961403188,4.872579277703246,18.25679622698834,94.17145558412415,11.328222467976493,27.390741825153302,3,0.05954354272060092,0.0,fall
1.9364577413091624,1.2957914098727765,3.8878330338513125,90.10667034846458,2.662754262514844,12.562904187419178,36,0.9727401297200258,1.1897799737591015,wandering
3.586405148905779,4.625120680057206,9.204131740840193,104.7519970651106,11.9339689295633,28.282146369446902,11,0.3134532530045662,0.27834957865268445,distress
1.0651773380194134,0.12477915806250085,1.250103329754787,69.663483630129,1.9903834208518558,0.9004984087172123,6,0.12146359285566573,0.0,normal
2.566891154440885,4.319958050936206,19.69321334285695,90.51571383182801,12.66618991854044,30.431979985610916,4,0.004482819459926657,0.0,fall
1.8646750914557066,0.5105892269126211,2.526051634799316,83.72643873632849,4.4755288538035005,5.824472531686254,54,0.9294220345808393,1.1242855543952202,wandering
3.9798000680295083,3.822659706299306,7.520761613614536,121.11812870315092,17.115789187496617,36.4449809616661,16,0.6107144349753126,0.08761995165616643,distress
1.0373450467466352,0.16007506569296537,1.0797876266504454,70.12706456861603,2.1925208463262225,-1.1912154592872626,1,0.1981826672948812,0.0,normal
2.2100971675458374,4.5859259810099,16.112087762038986,108.12244252755148,8.223271231523306,24.454014953299314,2,0.02343130731834361,0.0,fall
1.6293024635874973,1.1600614000822747,2.3965918136017894,93.78929032627845,4.046613382405749,5.263249676235489,40,0.8373565132707463,1.0847343731857193,wandering
2.4924124784728843,2.0456565772754747,6.136182588719392,101.364334456675,19.768859973378618,30.50579946498484,16,0.6314126893534624,0.3953539773194548,distress
1.0245903330264703,0.2496336296630035,1.3920282478853527,73.93755421158146,2.713687493919683,1.714019707751357,4,0.15602532737424668,0.0,normal
1.615225106360335,4.3516890660748615,21.734401044792868,90.86763328741368,13.727091329085368,23.289531904036227,2,0.002659986756083155,0.0,fall
1.4786379852987235,1.0955287068698092,3.430713659323769,91.11057191136491,3.360193731345461,9.120679344890135,53,0.8664270544194487,1.49360864269194,wandering
3.3991211559689103,3.5526386212671164,8.15648899048102,107.94883295800136,12.422832647230521,41.8732033219723,11,0.4405479534856598,0.05039543629519322,distress
0.9534808613628567,0.11907929482947387,1.2210143181287672,71.51958468088013,2.4511217076555782,1.352568695303364,1,0.06548529453182164,0.0,normal
2.6282592959114455,3.819228188825984,16.875169210238898,89.29542487354324,14.07873234683551,31.16228600599274,1,0.08885579825227523,0.0,fall
1.8322250731456569,0.56887411955007,2.4167108246177618,88.8543098128572,2.759834932917331,8.177164059816732,30,0.935692052200804,1.3062607345448751,wandering
3.2771406165018906,3.405940428430128,5.911884767735111,122.47022341721674,16.710988492941187,24.455394436931496,12,0.4362756645387375,0.12956613486955454,distress
0.9609066415926213,0.20697659808307833,1.3694448888727129,67.70448624774845,1.144434123422548,-1.60287652116594,2,0.024775478773540183,0.0,normal
1.847346730495002,4.902068112687167,15.034649130988242,103.03464335262177,13.47373411113653,31.281087930281203,1,0.026293954335813274,0.0,fall
1.6791135018443613,0.7354324872846985,3.288311491737576,86.01272198115426,5.148750360656162,14.301358490450072,45,0.9101949852128906,1.43749196760221,wandering
3.5311283889522223,3.215735611701426,6.641864002158506,128.18462204692077,11.185284819004593,43.113428043028726,8,0.3999071226898984,0.2906723120525194,distress
1.0703769600896678,0.16156684270996174,1.4253633300968989,75.8532627003622,2.639671170793158,0.11522895414464074,8,0.026940884325832394,0.0,normal
1.843287302947049,3.1007307653103844,22.390763462758695,91.32614386988938,10.764103265064247,30.318421973453987,3,0.027648169101946497,0.0,fall
1.2582952111700778,0.5101982971482265,2.1102224750268643,88.00598889748657,5.2847440214230765,5.373869973180606,36,0.9162123696908618,1.2246141168311269,wandering
3.409393169060506,4.793742919313047,8.513903557264596,105.08350325675553,13.336672316980717,38.41864042146772,18,0.6427225977982163,0.26110800323389904,distress
0.9304752237430141,0.24848184697408643,1.3159987159457076,76.85289932938763,1.6534472726634515,0.5981537089787001,0,0.19636721862493642,0.0,normal
2.9698826355485712,3.0625402441408895,19.38151738339306,91.51691142432028,10.031818952166729,27.582442643922484,2,0.07431400706455447,0.0,fall
1.5569254899814098,0.7239210030035493,3.2895590683606297,85.43103632414866,5.3102514483933465,7.48602584758887,34,0.8848733043305663,1.4382246071421843,wandering
3.96300764541963,4.0709356889804305,5.71975097219333,106.73679013639389,17.356575671517035,23.764892435881272,5,0.4075908590773514,0.3007566655107511,distress
0.9934780008875544,0.18592102660110849,1.0669012441436265,68.40705360254351,2.3634460818384566,0.5660364973492347,8,0.06142284998367256,0.0,normal
2.1790331454468115,3.537569155019236,23.601800913647512,105.53509181372053,9.704355120608433,25.279530120668404,2,0.03229030223339165,0.0,fall
1.6400445692969945,0.7183587596766319,2.2813649423932425,86.16131553922779,5.45035882635456,12.865435737618869,42,0.9235792916311014,1.1902795962181079,wandering
3.696142751381397,3.944855863439819,5.1198220272596275,123.03965173637337,20.196932175301797,16.356395302820744,5,0.6770367138250837,0.02806666817889686,distress
0.926983714214528,0.10141014511286374,1.079294636855819,70.30762067166725,2.669355448093323,0.3859287889019747,1,0.06486348828073354,0.0,normal
2.674582907863856,4.36368747538717,18.30126918633236,86.27362594975907,14.139148027246913,26.309872233129013,4,0.08647766427894468,0.0,fall
1.801921096107259,1.119130191999869,3.8731186313118435,93.41784815597332,2.4259963149199626,8.907254488375312,34,0.910928508368954,1.1381157150948045,wandering
2.0275952599169553,4.885403299341849,5.302310244279723,120.69664270393736,20.412634375265966,22.879116282148114,12,0.5640377248482855,0.22301126999265608,distress
1.0646206577774193,0.14409210003904804,1.263131781490161,70.11327487685608,1.8507925031583738,-1.198484111036803,9,0.10368738189261406,0.0,normal
1.5789278922092473,3.034672826674401,20.55182064979906,102.43461580245489,6.110308216834685,25.29415660743518,4,0.023080491530669378,0.0,fall
1.5253528300273578,1.2189069886037738,2.0509555309532086,88.90402003533231,4.628922131039791,9.267032102429596,34,0.8178554433587655,1.2899488176707128,wandering
3.836774199463939,3.7594813733229584,9.858423238778244,106.42977163270412,18.07699347621594,28.385096429238303,18,0.4684674884029145,0.07535741676899044,distress
0.9040510873401583,0.26665022135481303,1.0656123672396327,75.96329853233713,1.1890632677437416,0.8219478210262832,8,0.16090155908688525,0.0,normal
2.814642799519378,3.9612708482718273,20.961642896040452,99.13687199018935,6.3861861199569585,27.156397167339065,1,0.05926818285220144,0.0,fall
1.965959654881594,1.2680467498595789,2.6885306398273614,91.82286997229679,2.211496333962478,5.803573160545895,46,0.9524523623577374,1.2170200006873708,wandering
3.897246415070978,4.7999722187379845,8.181166979966928,108.97255540550495,21.537239689124952,17.129790660863655,12,0.6295123299945293,0.4473519564952826,distress
0.9919457732605891,0.2023250028246626,1.2487485885294631,71.37121830857211,2.0951873486796555,0.8683476573377873,0,0.006625946425650554,0.0,normal
2.6777121100584886,5.703279633951939,21.308896774219146,93.19916496753153,10.984621685192785,26.003984593695883,0,0.06884162898860516,0.0,fall
1.8724067733940604,0.8844858646186643,3.7706019517680347,87.01206508011839,5.130405127563192,13.847368493871464,38,0.8856611034070072,1.1730551263153872,wandering
3.1472739264538125,2.036408217366836,9.260055619870304,126.25002894251575,24.57255720314547,43.15457733181968,8,0.6135168472382451,0.06387998690499375,distress
1.0418532857941507,0.28617806644616145,1.392868680020253,73.26647352901033,1.1256043963304279,0.003676385653409664,0,0.15791554149770393,0.0,normal
2.99454613238436,3.7576876836986983,18.024428070009222,105.23090874081345,9.019374154049462,26.569969745829766,0,0.0159638544442523,0.0,fall
1.9320224657210963,1.3511319739220244,2.526218989845364,90.07402146334113,3.5040331411458645,5.465080821094062,51,0.9283115847676503,1.0705354795925792,wandering
3.735808833299391,4.379950439358666,7.606518576004083,124.86713318518986,24.765495514790523,20.395399282948087,8,0.5717896015669504,0.009484460738935663,distress
0.906655486155791,0.10003035881221371,1.043410842997277,75.15934802801038,2.1390897355670386,1.1175247603649718,2,0.14872880666502,0.0,normal
2.897585667783138,5.055422583317741,23.262788955217587,106.5961562969706,11.490689637705303,28.263028269327176,4,0.008974015638691324,0.0,fall
1.7829355235666833,1.2887701951787016,3.818688907729186,80.28584903869357,3.8711979943104673,12.343169251428389,34,0.8118390256606247,1.4861344538256906,wandering
2.222341755357388,3.811724706304098,7.2760651178741105,110.90194774602611,20.46305393745292,37.586296364112236,18,0.6521021525076233,0.019970889320451324,distress
1.016354492419654,0.06344248324603048,1.213151795301213,71.56497551760192,2.3249736193291826,-0.9341467597567168,8,0.19160379557388463,0.0,normal
2.7422846651184187,4.487032236440754,17.257171336983834,98.78336514364227,14.021755965731431,32.23142008698301,2,0.02905723779384971,0.0,fall
1.9200692080465822,1.1722516197216546,2.569239547830975,83.66686239142545,5.4036412035291015,13.442939953773372,45,0.939684534464754,1.0994371625880488,wandering
3.1236982912833007,2.7896264853692907,7.515145234696206,127.32904717671892,19.674816407390264,28.897229165300686,19,0.6681010314410976,0.20508555572751264,distress
0.9488678795011677,0.19629793079772334,1.2954179086328428,70.81853486470543,2.4834692093754978,-1.3475550358815123,1,0.13729203364241013,0.0,normal
2.6175299839722648,3.4824929269130678,19.028268056936195,91.73642229723905,10.373670391120735,22.839641824957265,3,0.042051441294067154,0.0,fall
1.543240242501656,1.3820835410857664,3.253073157037533,93.82903727265435,3.559941046481184,11.855341632631774,31,0.8609873087954252,1.1436395145254985,wandering
3.913056199000605,4.025584553777637,9.261924769250463,117.24411246025078,21.13668408757328,39.88458717972614,17,0.41895910151835314,0.026022222017295427,distress
0.9071575106162536,0.1444523924580023,1.4727703673797716,73.46065744339114,2.81597187245067,-1.609324192212902,7,0.16152372260552791,0.0,normal
1.9417981710638421,3.189886963579563,21.45338861655174,106.40382700094649,10.0055698575083,27.82367806761706,2,0.06485058221340305,0.0,fall
1.5758835751595286,1.080771480776451,2.487942166270817,92.028523303471,2.4721195642052436,11.740325460258068,51,0.8670990718182355,1.0490616117836244,wandering
3.6421289902147134,3.6948816609961144,5.141803826226441,113.31566803602225,14.721275752312916,29.814384073073747,7,0.4533025088655524,0.3912465470412049,distress
0.9352769689049993,0.214717965941633,1.2582017174246654,74.935897148905,1.0437474507633926,-0.7855619090533437,5,0.18888430701260506,0.0,normal
2.223908191684078,5.963316192525592,15.590196724073925,104.51315054876592,6.351573692640181,21.182902430833092,0,0.01895621806358243,0.0,fall
1.2267997874084424,0.7072167512749807,3.140827785783576,89.34917227714074,4.3823116379757945,5.075194913091049,37,0.932401720328346,1.130196387870478,wandering
2.075612771621987,2.0394105340042326,9.495753577308488,123.23257483568878,17.03797011734502,39.425905975108456,8,0.5345254624143768,0.3709180114503388,distress
0.9983342319524453,0.2621884659940174,1.3370697025091802,75.41091117971119,1.784456350140766,1.780651268954614,1,0.15207542781956418,0.0,normal
2.3221806269962806,3.553981618757404,18.596127367167057,97.07961248764128,6.090372875880767,30.153453877064862,0,0.06554182486938345,0.0,fall
1.9710721541726879,0.510259596299081,3.251070109126619,93.45313297171845,4.229688859392983,14.401494939153626,36,0.9983927727643498,1.0364638952744247,wandering
3.4773909176889295,3.4533998162255077,9.243839412845345,104.80099386185965,17.289600244086998,37.711609358703214,6,0.3288067622747949,0.09999466672568735,distress
1.0024553745214844,0.23569049576542989,1.2742726195028886,73.24354086083528,1.5831118634246435,-1.918322968797984,0,0.15179220224614462,0.0,normal
2.1994891204498677,3.143056804332564,19.806094868317615,106.35680528010502,8.683193884212823,27.615258149786523,2,0.018146747076553515,0.0,fall
1.6405775752312355,0.619904933562613,2.8706871564208987,88.84128098337708,5.5911625676892225,5.33816598335045,51,0.8209052862130154,1.3543300382823895,wandering
2.030277546797608,4.4090355552806635,8.284062675981565,116.15272229128912,12.050222856292933,36.03463835244865,19,0.3470321440031589,0.22842429398021574,distress
1.018719808397337,0.08113440721819053,1.1587235675534662,76.93238930489441,1.594006282985172,-0.7711932140954669,4,0.16173008365865826,0.0,normal
1.658618271318466,5.018286685179158,22.25978033971354,85.88067946168154,10.080005310899336,20.6793161334475,4,0.08798420831441928,0.0,fall
1.3089006886466585,0.7601717939752254,2.670342994232274,86.87356401681598,5.9761407925601056,13.735846463475195,46,0.9928367163436089,1.0347440421859175,wandering
3.940882119887461,3.6706789895983434,5.362872503088953,110.93334763043677,14.051593267286904,22.254385315889795,14,0.46449693806521175,0.16694064329874975,distress
0.9394304372268905,0.21082022341655382,1.3244329312756644,71.33114612637678,2.479548079228789,0.7144373621458557,1,0.08592877534790602,0.0,normal
1.5678325893166782,5.792037421190781,17.308040892846517,90.21204682379742,7.83939346001638,31.24021957193993,1,0.07719114477757975,0.0,fall
1.8125352265714616,0.6875125880003148,2.4896707563972287,83.7808966601687,5.8051837627923675,14.425320576459281,52,0.9402396428960937,1.1768933464218958,wandering
3.4459955739298502,2.8564972861261255,5.297979260700994,107.98620766817979,14.395911684229922,16.861200468414577,6,0.5534054475311323,0.4007355324655128,distress
1.0044669698807616,0.0829978747902358,1.3510772735482959,70.57838572058556,1.777004383784672,0.8366845632313429,6,0.11309937674773206,0.0,normal
2.361557173611858,4.851336778528889,22.024597687008676,103.93630931373588,13.061932666824864,21.62863082993194,1,0.06449621614051934,0.0,fall
1.8373316498172005,1.1531953836800746,3.1253113004506483,92.71930077147411,4.458114757670632,6.419636863246591,33,0.8126253929046974,1.4476702974823448,wandering
2.408082946280123,2.972556026759132,7.4316289409101035,105.71966117115562,10.380566866005099,42.00207275205067,11,0.32205732247597113,0.38575820901670366,distress
0.9966185176646285,0.27639623086625403,1.117507009229481,71.80491512829059,2.353424268924501,-0.16714287053219312,7,0.021469228660049567,0.0,normal
2.433305694629115,4.171120653760203,23.682487049768543,97.23018482658539,9.257078260712907,29.812947515481916,1,0.015788242607242067,0.0,fall
1.510778641016118,0.8459619261394256,2.3769956121702402,94.19149681168727,3.5930348796820972,6.017651698585934,35,0.9821681673348986,1.0456255227366742,wandering
3.9789399797335934,4.814970315737107,9.9865363583508,108.29581692996338,10.04271294829486,41.53166714360996,11,0.49210537628010664,0.012794316055043442,distress
1.0775444866205142,0.23613875730257622,1.0679308235539278,69.48703527125458,2.0952062541739496,0.1680039500737398,0,0.1152600478347319,0.0,normal
2.1184478884045013,3.97741098894,23.308454468835624,103.03795728022709,9.42441861039567,21.677114741999382,1,0.03946765960328794,0.0,fall
1.6812867304232924,1.4186137772408383,3.9379943293189195,93.48057807984972,3.1284831625229708,6.8342463149032895,45,0.9220843195540832,1.0845720506346916,wandering
3.9590131604042957,3.5228219870569335,7.776330473532987,124.29007382144292,12.450938315933456,21.92490117063516,13,0.33549863456862733,0.26641869848228716,distress
0.9410663192710366,0.14127354088885374,1.4866092384381087,71.98391117896657,2.05651426144499,-1.1992214188127486,8,0.11368951384901738,0.0,normal
2.31090038983981,4.582485095133697,21.711280163824973,99.91795803272956,13.871486978872342,22.72830412455353,4,0.008786775500119482,0.0,fall
1.9453990488809763,0.7917687643408237,3.500673923443351,84.76320734172839,5.546204523757176,6.385723159850359,49,0.9571392824945482,1.3761383400641916,wandering
2.3556645486100463,2.5986129968804157,5.521211942744536,127.82790343338966,13.207372283382542,15.792331281233011,11,0.42547211151001174,0.2744288488940391,distress
0.9328619815577848,0.2359844165802361,1.0172337356154046,72.70916626119596,1.9676272329209625,0.35085929416381445,5,0.18896691517783204,0.0,normal
2.4302692193002233,3.830703369689177,21.926439380693893,109.98588439545858,13.486104033097728,31.087867761314968,3,0.02702816194943596,0.0,fall
1.3960587449681892,0.6403433366268808,2.5073331568998123,87.97015259087318,4.0590474462879005,13.086136111942142,57,0.9054258813640609,1.0331554877286688,wandering
2.4582780287784045,3.0332463897583226,9.044399994364543,119.96523437324,17.615108562406803,29.326395338763337,10,0.48637439212547373,0.43918376234824985,distress
0.9647010939553019,0.08625265571833636,1.1713010437328646,69.10998688869401,1.2267069729008313,-1.801156689007568,4,0.11897930638122817,0.0,normal
2.5796564472458883,5.441155134880747,21.50162408492352,94.34990225629512,14.16975133294541,30.60779997092883,0,0.04182802310324969,0.0,fall
1.3175081211749553,1.4542484044739368,2.916925065400973,91.79367582888204,3.732619097487632,10.570053918646401,36,0.8567121771893121,1.0032384409780137,wandering
3.405258316491844,3.185917219354307,5.277288351455408,125.74347060171525,16.534948989481272,36.60979577483097,5,0.6834637094366619,0.28055556179441765,distress
0.9929651438426128,0.16883799776608738,1.0661182994466896,71.48897731701516,1.9220261979135824,1.8979750769580592,4,0.10588322655478602,0.0,normal
1.6430642508320346,3.1463275506392008,23.08237057145938,95.64148651142794,11.990689275829851,23.11594208148405,0,0.07492186572354109,0.0,fall
1.2448014230437088,0.5040007958305351,3.4482349766477522,94.05478589326508,5.440130101710692,7.115122986297453,47,0.9024309167969466,1.2213898982079459,wandering
2.141677932337731,4.505997203338859,5.322053537390772,126.86610373722286,24.108139792254917,15.657274592423576,7,0.37777781707602764,0.39437462526797357,distress
1.0641504927574021,0.21662758930595782,1.2956776228529145,74.90348937396885,2.178511695723877,1.50362993575644,5,0.07316493469245587,0.0,normal
2.750895260906802,4.96555896382751,21.87317616020623,109.3133117067627,10.59314688813081,20.776496830283918,4,0.03395955884116408,0.0,fall
1.8549706561644033,1.2255545650192667,3.8432884382954224,88.581231539629,2.193600038576267,5.819214870769544,48,0.9195875889139187,1.156373899280636,wandering
2.539793348907507,3.527868278987284,8.29265448369673,103.41324599679679,22.797047245169196,39.28720655417908,19,0.3212939154083258,0.19492731783412848,distress
1.0172898517168514,0.23042301337348547,1.393449926615256,72.28246006643236,2.865225964326128,-1.8821675716921304,3,0.09513450415998335,0.0,normal
2.654463377560419,4.583125697501149,15.092274149375314,107.06712032839935,9.334045473957692,20.127871395058516,1,0.06503881652965493,0.0,fall
1.7353522450844658,0.5666329914202572,2.9055545392421642,87.08381388065939,4.204700503017751,5.463192384301664,43,0.8387496410696659,1.0635523890816792,wandering
3.21806768879446,2.8593389340719373,7.7914764930005855,103.89430340366089,11.723184180583464,33.25378336664343,16,0.41462179447315517,0.44964979973628677,distress
1.0411180704660614,0.2287578342798347,1.1874517510968698,68.47789565713832,2.9916063045674273,-1.0949743391337936,0,0.03020872995638111,0.0,normal
1.559145187918948,5.923219917403261,17.894460659063697,102.2381977888752,10.11827093779256,28.62383650279648,0,0.08463386525712767,0.0,fall
1.436405876111546,1.1549639248402843,2.3956505749042165,82.45399030984612,3.0833790253789286,13.670777038931,48,0.9548306117582157,1.3596441620282156,wandering
2.9854019815985167,2.8709686156159773,9.727901188916535,127.32693837705924,24.556283162765297,30.767205096813903,9,0.35456579962096,0.3385826733872923,distress
0.9397943955391004,0.29489075373799006,1.3356966610847947,68.27851857424021,1.4278534800663871,1.2870681603741243,3,0.19192107047553286,0.0,normal
2.1937293547325294,3.3128074234462144,21.776765199928537,90.1320687860042,14.909853238979379,23.650852548825164,0,0.003060821802493452,0.0,fall
1.8346822092023696,1.046042981635102,2.3363928540004566,88.20495178088298,5.6190869445558755,13.250949306095212,32,0.803088935433981,1.4853746770691978,wandering
2.521454822217132,4.695815324796177,7.65463130727765,101.00864624168953,15.33626939473426,28.93794446728331,16,0.396956781580165,0.09410833406154323,distress
0.9572751478460724,0.2414404407301573,1.3823643378038588,71.94952706667222,1.4161565530064353,-1.3993261132452997,3,0.07198832328920686,0.0,normal
1.6783750163845987,4.3626810309910535,16.66914295406161,91.94362993312336,6.790834760925547,33.55025208646173,4,0.008470771175465885,0.0,fall
1.8661369849733942,1.2219454750858365,2.841553865551521,85.92404496002058,4.352383786325301,13.153562919545372,41,0.8117718081708207,1.0203454796986564,wandering
2.550035528376596,4.070711135622628,5.519903540224553,111.47050100520414,11.297737754479034,44.33778106434905,18,0.38479686899345256,0.26053013089208715,distress
0.9872332521584434,0.11737090725452597,1.0195469635403778,67.89371440155456,2.8974964730296575,-1.647375343241173,3,0.18254454157543445,0.0,normal
2.1900779605718985,5.5982810847326405,24.80542959116818,108.18437813341298,12.839310127232022,20.070312903308277,2,0.05214232477294718,0.0,fall
1.4079197790132065,0.8623630747726362,3.9373708795238596,90.46369522443686,5.843422960629663,12.08922458213887,39,0.8598315793030893,1.2530722258253575,wandering
3.3226174550452257,4.365432832993368,9.061974729489513,109.00840559169099,19.362470226660406,36.4815828261671,6,0.4644607849962037,0.3542213321235986,distress
1.0363055937062011,0.11349262605106043,1.0956684323028232,74.6291337397098,1.364911131897798,-0.9463004603471221,5,0.18837802257535993,0.0,normal
2.997508281414639,5.622073614766509,19.26611453803692,102.52159394967606,8.847867775790352,28.975121141064832,1,0.06724879154509812,0.0,fall
1.3857621684634078,1.4267412897581881,2.665496640109171,86.18867259718316,2.213033069353776,13.875012346716463,56,0.9166724140833347,1.2652091750353798,wandering
2.571042836217397,2.6838274350432343,9.434262569251185,118.96934233423626,11.167366994645011,22.81922090473241,8,0.5479896712060582,0.11309750247598493,distress
1.0725779575477985,0.10151135679793376,1.2911988678361523,74.92865297051738,1.0511652065811101,-1.2967053651811322,5,0.1549159184813541,0.0,normal
2.929407000977397,4.373806571087343,18.13519756952539,97.69524930183378,8.090813202871384,25.739909602543204,0,0.09276701775057901,0.0,fall
1.4322763527467157,0.9800514094997155,3.4318342269028586,92.86642878603317,2.2196164671101695,7.180646050064851,51,0.9319050975718939,1.379583813525642,wandering
3.4491627611553564,3.6887802132499785,5.545420465289168,121.14440784305863,15.234995922256202,29.63289100438758,8,0.5447905869241282,0.321878941133664,distress
1.0252998662494246,0.12319056339833022,1.4447753644543129,68.47926136843705,1.4333234197458984,1.060489159887382,1,0.1802283398597008,0.0,normal
2.9527368995330727,4.3450270919068235,23.7516616851756,100.01178247492064,5.133303686808396,32.35659554819684,1,0.05581484835739005,0.0,fall
1.4995210788013018,1.0439528111196028,2.904022249046933,90.37116538858231,4.739760953789362,6.895606261979475,48,0.8670119063492427,1.3630493291731043,wandering
3.7934545230792507,3.3698379651341286,8.68748675371823,124.31597722523202,20.29227890810369,22.22639226237145,14,0.3055121814655973,0.06799306231063973,distress
1.0627245245852672,0.2593624682992571,1.361997564709677,69.47012621115228,1.316040737973163,-0.3951430251421999,3,0.0191296023676804,0.0,normal
1.8738698457315452,4.472291434948371,24.775108975129587,108.32177016949676,13.314685983429435,33.649937464797006,3,0.028697955054036342,0.0,fall
1.287564607020499,0.7834367720395777,2.5233358381973496,80.2742549605071,3.1970264190351294,8.139910134948925,41,0.9383592599878483,1.0610938863532298,wandering
3.0346371788702906,2.8472069029380678,8.335631501454904,123.9855652046956,17.49731293711945,23.211355968760458,15,0.50843258745921,0.22880094623961472,distress
1.0228579993461147,0.08154430020813773,1.1960008191953835,71.30285252025926,2.340459808472941,1.9635597721239475,8,0.01676729274382498,0.0,normal
2.000045845066337,3.499162898207159,15.260235239118474,108.04175468475022,13.082441123505664,21.901086409903584,3,0.014926286336719675,0.0,fall
1.2402849114553562,0.9777788634300874,2.635946791478233,85.8355716222419,5.459257529014048,7.986107833505068,30,0.9891752174294821,1.3889668115190077,wandering
3.6599839397799694,2.83452847171668,5.177059498852805,102.88701977482455,12.721668193921673,40.0913310379184,14,0.48498534115350755,0.28112955484205604,distress
0.9662330010926278,0.16492979348875958,1.2507648291817581,68.13592292260115,1.4855454741783258,-0.679838357492891,2,0.008773431553619293,0.0,normal
2.387705352097936,4.070638118508011,24.963452389411913,89.5349949955391,13.932522795589016,30.29993653499298,3,0.06565053719119807,0.0,fall
1.8835287712797306,0.8332110883440017,2.982307823800056,86.88742404040357,2.9900451491280298,9.59762027427588,58,0.903338771036516,1.380109371284873,wandering
3.1280974029170143,2.017391722914544,9.059144693680654,128.27784185790156,10.887097452008407,37.794082867340336,14,0.6439640016335597,0.45703171215326543,distress
0.9086467774986168,0.2646917806753839,1.3617841585743788,72.86342424686619,2.4376021750328967,-0.3103482695727622,5,0.14496883063577412,0.0,normal
2.2123882031139077,4.856597373275446,18.622010346080742,85.90674254071259,14.696576393691709,34.163363544399296,4,0.019731433458784278,0.0,fall
1.6333142805239698,1.0913127764311028,3.6138637054246265,88.34142814416133,4.9968976894782475,11.84686314255148,41,0.8307048062401482,1.2168250709866035,wandering
2.5996665266847767,4.502964058399218,7.680968735024135,129.42227516690582,18.24743429326221,33.41508821234892,15,0.41926999220603517,0.3333876694183911,distress
0.9578860522519972,0.1902415492475284,1.0855676514376,70.36165249811269,1.1531631273055367,-1.8323109169648713,0,0.030385305018038912,0.0,normal
2.769663655537964,3.1787357477016225,23.92036315521117,96.55095700742595,6.808884175739292,23.70512409359557,2,0.050120586506155945,0.0,fall
1.550848286210784,0.5028901353414517,2.5640733855924176,85.42608296609316,5.6932620585377816,8.91081644632209,52,0.8907325596475899,1.2793577450241254,wandering
3.100100981088727,2.848671870055111,7.579028370022085,128.4653310020543,18.609523362372308,36.4041944319445,17,0.45050298096327324,0.035202761825569195,distress
0.9915414057629683,0.285119148624431,1.1061547541409518,75.05518211831887,1.2276390252069962,1.1312067525025835,6,0.17059401117412368,0.0,normal
2.506357558960836,5.053500235650779,20.489579216915125,109.25644471011042,5.74705359423818,29.193133191421737,0,0.026798323078701114,0.0,fall
1.7394935444041046,0.7139169470967459,2.0938488604254673,82.36806152916468,2.4302610465500085,5.587843063748253,32,0.9050288076270899,1.1568317046555476,wandering
2.797380387992786,2.997734746020225,9.664210857453874,100.95537927307271,17.54321542179796,44.913265037432396,15,0.48448941118477507,0.27585380661369435,distress
1.078575358960152,0.2335915189431355,1.0570748242412336,70.66879490012283,2.5712973988055663,0.07528128385214439,5,0.09968901326803453,0.0,normal
2.5208636802931004,5.217495011229611,21.367017542156155,99.62897369648329,12.882552922889733,26.91197981723731,2,0.009721779982445888,0.0,fall
1.7648212138876782,0.7100505162366259,3.22723233046311,89.75217916734076,2.333067226293927,5.383633209398755,45,0.9474177500270097,1.0797903858336386,wandering
2.987917437928072,2.5993659508947826,9.927819145195649,121.5666716825225,13.49556057245366,21.57872369644787,8,0.37014356523684594,0.16250115689046235,distress
0.90263253430185,0.09447634890997851,1.284826095003469,67.24504815419799,2.8384530123858145,1.6624680685251603,0,0.15703533313985396,0.0,normal
1.5907875203406265,4.235847890543131,15.324340328226839,95.57397784811852,5.0018364386364444,30.916716589521332,1,0.06949048673701183,0.0,fall
1.8046849468100103,0.8158843301144476,3.720025600645595,81.95178262805352,2.600519575674144,13.78769901634313,40,0.8721883965942148,1.2963037028514681,wandering
3.515377022132167,2.7037770719295304,5.115780793368118,117.66801885491083,18.67053058304854,33.685740625452205,11,0.3518924941803363,0.12074648599920768,distress
1.0719830720178334,0.16699043045383416,1.2801599233418242,76.88745420900806,1.8415387900720461,-1.2450804713739343,7,0.05763055862081665,0.0,normal
2.0372302208787696,3.887881740738055,17.061068701117655,89.58230224042,13.022314631754117,28.395934191824384,4,0.03949841591121555,0.0,fall
1.9099161275568943,1.4284177308233104,2.1355361255784273,85.39584452183654,2.556099045115819,14.425723886772339,55,0.8762589002568519,1.2341833865944425,wandering
3.886370685485046,2.6424915852820297,7.573253729372793,100.77310520697985,24.549954571489394,29.20564912375696,5,0.5893239348620947,0.13308336640732826,distress
1.0212706846176434,0.15514515918123367,1.2662012074606928,71.70094640899183,1.8160748844542571,-1.0403408628103992,9,0.191040872924909,0.0,normal
1.8791141851582263,4.062551477529405,15.968556882530926,93.31317126663177,11.014936124193635,31.550831867997253,3,0.05204510765529944,0.0,fall
1.9369472058080406,0.5714366648672797,3.1758794880087766,93.9333107481602,2.7568376173112967,14.004283691606705,50,0.8180673254768303,1.1628598731725572,wandering
2.7537656104451718,3.658791454555307,5.582929273447622,103.30487186465506,10.955670292519875,41.681231230388235,8,0.3510850953716381,0.15064922117399004,distress
1.081622800326365,0.15647967496111592,1.369535382849696,72.89659846344246,2.563382395243705,1.7666310548249995,5,0.10924151092411039,0.0,normal
1.6613360698358641,4.705430582257224,19.59893843766685,105.02047976223135,6.228204928030796,22.231305811145496,4,0.012143044787810676,0.0,fall
1.5463337729539515,0.9888813113413302,3.5165264459384913,82.5851361714858,5.341806757875766,8.247989175629735,50,0.8186537332915588,1.0852478298947854,wandering
3.359249499161029,3.908375683456493,8.22987204292048,105.25707304169222,20.206933453678552,36.77700125687866,13,0.45913822099124424,0.43539170318787046,distress
1.0184654096776253,0.15713051841127945,1.152589867884305,76.46995699784776,1.72931233771021,-1.7844711608363766,8,0.16607565635656918,0.0,normal
2.339241991195985,4.765032916375895,22.96300115398465,94.40420943630613,11.936742947183951,27.956458945722165,1,0.0726098679668759,0.0,fall
1.9542330064828133,1.2416583765888505,2.7244443905576254,94.33765217941746,5.2734136069281705,10.481090009366344,53,0.9847151287288481,1.3067731940069327,wandering
3.5204080118831427,4.5812477757670065,5.481781533002132,111.51035944892375,23.363891633391795,27.606561966693555,17,0.36708926362806393,0.2956611388024894,distress
0.9147359387799382,0.2619027934886162,1.4619998541526047,70.07124859458514,1.8078854735451226,1.6304049261789668,7,0.07434070968646485,0.0,normal
1.5212819823636203,3.860617441447088,18.53759620854792,109.90441130698115,11.449510896849656,30.583350332809403,3,0.04108610630159139,0.0,fall
1.9903727942128955,1.1516160014562453,2.135383955272456,87.59288260172751,5.3176053955784885,5.848967560871906,35,0.8306922382305407,1.2064655352770195,wandering
2.0054681148615754,4.897875457475712,5.208776677065108,122.54674221720674,13.522495217836179,39.77324705363344,12,0.5167340603734529,0.19359804824878618,distress
0.9290482863817504,0.1974114448964857,1.0728380842797183,71.28782221306942,2.2767669595581834,-0.1964892258296489,4,0.162996143500454,0.0,normal
2.306275042453486,3.2759135884769,24.518845267763837,104.34333398888312,10.053093903151268,30.818376111903703,4,0.07990123137051312,0.0,fall
1.5454488781221316,0.6111603328642715,2.8202771158116455,87.17742645261745,2.8972862820383005,6.615023558349641,34,0.8143358603415685,1.257044244890137,wandering
3.371448823432842,4.225391273408524,7.625995769360797,106.70841161801397,20.42112533714114,24.869257851499395,11,0.31994504174114985,0.37738447834100236,distress
1.0625330398902542,0.10334085764012403,1.2234392195818997,75.86934215537713,2.558520566161003,-0.9137469155503197,2,0.06256728274695796,0.0,normal
2.1044544224422634,4.0787042535027,22.203563330710622,93.12550826712705,14.995530785116276,25.219536634219907,0,0.09090387389635911,0.0,fall
1.779953740272306,0.6306524089930073,2.2293990525478344,89.22658113074758,3.492067316612629,5.144911594139579,37,0.8629152562868768,1.2543448651551923,wandering
2.498936257963762,3.087594184664527,8.889173384601628,129.00910434242743,14.162948832950395,43.30078386193533,6,0.40905762959858627,0.3348425845326558,distress
0.9556565604480226,0.20965707757171548,1.4738152790739902,69.67336668618928,2.924598500524273,-1.9044517925571398,0,0.1236320233662463,0.0,normal
2.868993886932187,4.867514931068542,23.824664235114014,89.46515772670253,7.051964342906045,21.408548348828248,3,0.026122561930854896,0.0,fall
1.9547215813858334,1.4189360035472907,2.9915460352979553,94.95374340064949,2.1889830821352536,11.348604520812628,32,0.9847114888277445,1.2342683598691084,wandering
2.707416773952735,3.9075930865135886,7.530421218190282,127.88402715692906,15.512240264173165,31.948159919201714,17,0.5169830701829896,0.3686514284422729,distress
0.9654469715999807,0.1037556661289256,1.3176532050155971,72.17155201624863,1.6300075212690905,-1.8217920301142798,8,0.1399161776366227,0.0,normal
1.864308755914793,3.9254338555982864,22.923429176067515,101.67421088461589,10.688214853500753,31.55645470194262,4,0.04292962682920303,0.0,fall
1.9616449268098746,0.774262427895837,2.777084293499908,92.94036635230975,2.126224323660613,9.815927044075645,41,0.9554638961572127,1.0600278361973008,wandering
2.925738131212057,4.049095293765319,5.444762302057887,123.6659152249244,13.120017465320938,37.99467226254786,10,0.40039505681138415,0.08575708082161482,distress
0.9325247346476485,0.2130377450792585,1.0266169297600949,72.19795673382306,2.1252655952522055,-1.5173529153248837,1,0.005101258509054696,0.0,normal
2.3290508916062835,3.6664867278663107,24.60566328514232,109.9983106668339,13.90168942481454,22.802282602130816,3,0.057776263870932244,0.0,fall
1.8382318614418325,0.6909025674865651,3.594789083205038,94.23672204246637,4.141976679484845,13.478552926860718,34,0.9239228105974827,1.1180098082305512,wandering
2.711397884436772,4.7888614847724,7.16580359056724,118.47672923354273,17.640034111282684,27.248382604465583,11,0.5176357326370395,0.10512579594214921,distress
1.0033941817588627,0.18202494712799638,1.386307142556332,76.86060823314669,1.5997380626935778,1.2573819212032578,6,0.10539547507348695,0.0,normal
2.724339889904603,5.695073979759428,23.89617347203326,104.93881524560842,7.04990753632832,29.41146549764021,0,0.038457500116875966,0.0,fall
1.2122940954443804,0.5245774280448878,3.7729627207616585,91.45788200246069,2.299579233600804,5.4047674201726394,45,0.8010526245955459,1.3144196584605377,wandering
2.2175652027227386,2.6953302842245876,6.914043072309509,112.97273431423531,14.709299622659293,34.72814965058638,12,0.36666189083337325,0.18474956137797333,distress
1.0031773017458336,0.2279763177496214,1.067245690260863,76.1403127852492,2.7554477911541193,-1.6809532547062012,3,0.15237520398022314,0.0,normal
1.5522267981075561,4.308453903732513,19.883284344893656,88.63327883407958,10.363416176010082,30.676106229947507,1,0.07927064491607683,0.0,fall
1.3176163073123868,1.1449793266721557,2.067413652940731,81.68159377253006,3.8502396461646304,8.851015171765523,49,0.965452814514076,1.1929135616495619,wandering
2.6838952159077842,3.4677033142728755,6.172012738760175,127.81735131297125,18.57058585644495,29.21306304155755,11,0.47426670171901664,0.38691050986921716,distress
1.062264998145234,0.27677693203995596,1.0796651702925368,68.56576621046143,2.8143117231770587,0.8347336050566128,4,0.10187800337783093,0.0,normal
2.5684438781077024,3.7567984589056573,23.955403499212565,105.58897040834673,11.306392002946968,22.22635562188787,0,0.0872908257524265,0.0,fall
1.8249895022544678,1.2073113279182794,2.281761211753663,80.0279635833862,4.242677284474693,9.159602106181872,40,0.9635419383854369,1.0499150047299648,wandering
2.663785478657867,3.9501284777553365,5.447682694741973,122.62131835625748,18.08402690353646,17.805791368102874,18,0.4186916470869874,0.24239356764668368,distress
0.9471793261422198,0.22833502990091598,1.2400163428981261,70.60314648496457,1.9333646489278842,0.10904428955260048,6,0.1722313572593371,0.0,normal
1.6395560117676464,5.4495121359193295,17.79041332235477,88.88363926009507,5.834911669930309,26.93604492587928,1,0.09645203839172119,0.0,fall
1.5642427245017576,1.2684005601582324,2.2666909912392597,81.41040451310948,3.3061837882039677,5.498217186109145,31,0.9185347716636364,1.0483510333358275,wandering
3.010307449745142,2.588758445124571,8.580970349334113,125.25030148879114,21.874250582692273,25.827259552596793,11,0.5794461413428196,0.234185394019035,distress
0.9750089490268111,0.2926280625315917,1.1326143700569675,74.25853446701389,1.243514684313742,0.8766330415003067,2,0.11148623277551797,0.0,normal
2.5283184712759867,4.142774479567413,19.004019780147427,88.97973338918274,8.136848600230724,32.85275904645549,3,0.08201643361203274,0.0,fall
1.841492834094533,1.125048097621033,3.512528920880861,93.07825962074386,5.71566723569401,9.994311791393436,53,0.9252011395145172,1.1532060135461313,wandering
3.46459589332402,4.130863158678395,5.285505619666931,109.48756778795496,13.344428097108342,43.74660451596026,8,0.6206803648061558,0.49383056412127285,distress
1.0395380156867913,0.11347616186337055,1.134278253790159,75.21915846076912,2.3861733452747327,1.6196779832039048,1,0.10677597386234,0.0,normal
2.3182483828417517,3.713537789344179,24.024503673892934,96.22067354479255,6.480930263134815,28.20373400478784,3,0.09778231659651838,0.0,fall
1.9556501239530337,1.4769463205178655,3.151034559026882,94.0072847082404,5.154117521380192,13.574254667760323,34,0.9365981000676553,1.0958647675978226,wandering
2.6359678780647653,4.2279731607963456,6.212502615192377,127.75062279067187,10.405566431626102,32.92460920868789,9,0.6834692997630717,0.1241486030095777,distress
0.9065758048183247,0.11905401169210121,1.1509407404295589,69.99304830577671,2.866964485801663,1.0712708312151822,2,0.08323924887495654,0.0,normal
2.4582138551382573,5.001860115513612,18.34413231215914,101.40153742815524,10.41864997051424,27.5651521697588,0,0.04157263613907966,0.0,fall
1.3185533653562505,1.1372151684635754,3.779626879046102,91.75972456262711,3.335879923292352,5.759513718518123,34,0.9595637331300211,1.1762106109480075,wandering
3.1134289326650393,4.457410092195797,9.927327527140639,123.86910913996458,14.095904637863441,28.86164889717047,18,0.6570890004961636,0.1579149995731971,distress
1.0885979165774355,0.11612748574599836,1.3114523690631352,70.64501698132129,1.5988216276119356,0.03892298956699669,4,0.09380007846644395,0.0,normal
2.5915381691701684,4.662126943408699,19.0540281727434,96.87360023307451,5.579325117524108,21.405145186070463,1,0.06586529879783247,0.0,fall
1.5392917077791235,1.1131489689037195,3.807190387028259,87.80951354739193,2.2567475146978557,11.394239191492208,34,0.9217615440608734,1.2535926933393662,wandering
2.4298946822223395,4.616396544023095,8.284515007670056,117.44953239580595,22.340523784080546,24.701118179180725,17,0.6649393674363373,0.003356715150016565,distress
0.9461536232643899,0.2339063213169576,1.386827582073228,70.92490346747172,1.427448601302129,0.991413922808313,6,0.12545922532667617,0.0,normal
2.678746214158555,5.252679264245322,22.410965400800478,108.08815634855425,11.804272407168028,34.59854172380805,4,0.06789521466493446,0.0,fall
1.8567323962875768,0.9872297907618192,2.747339767687528,88.08737007074627,3.8278158725378137,10.016399179506223,56,0.848150433546818,1.2200712349559242,wandering
3.8616618842584893,3.8585418424056055,5.0367931389385046,105.53208559222107,19.615104353210498,22.469288289421883,16,0.5382390163003941,0.36009028906638607,distress
1.0688591682864512,0.29526117423412707,1.1899574363686145,70.93440976217677,2.2691959358374496,-1.9670264661107346,7,0.04824836687865733,0.0,normal
1.7134080948365953,3.1065439964029213,20.617468174126607,94.89290278290642,11.685025485328536,24.075581403818738,2,0.013268022358738597,0.0,fall
1.4450721333005254,0.9657599821645062,3.3572742305615786,92.82320109897559,3.9000893097190144,13.182591940291724,33,0.9271608459109202,1.3945503067110134,wandering
3.134426231680811,4.777558886111101,9.010535812431112,123.12780067748808,14.533378860103767,28.368637245522997,17,0.6648319530566386,0.44073876963523967,distress
1.0824767690088826,0.10903841431114712,1.4793258138071077,68.52261265107695,2.948079600167582,1.509109400544924,3,0.007139932228828628,0.0,normal
1.9351521485986607,5.522046439481665,20.072357732302827,108.38081427248468,6.602422824095243,27.546205428196984,3,0.04225318232594016,0.0,fall
1.226602328153265,1.4846491475765164,3.4061168428964796,82.6918200031054,3.2020050974612775,7.955102535207138,41,0.8245692876298403,1.3077299345697107,wandering
3.6467078346980255,3.769792676047598,9.949285123952347,120.55424455204461,12.83633028517566,36.51417486397354,15,0.34919479394629704,0.110424306216104,distress
1.00055482924826,0.2648929392627366,1.4465559276420998,73.96909447408382,2.646912502614181,-1.1846858869402808,0,0.008952675520754584,0.0,normal
1.838970018434371,3.027397554946269,20.17545946633542,95.35813925617245,5.155371379946109,26.459636925131086,1,0.06413927400070667,0.0,fall
1.6963374532360032,0.7360186092577259,3.0238877844810794,81.61667619418425,2.20699857797547,11.042999146156596,40,0.9791234139659115,1.0993635404709639,wandering
3.9290182729208873,2.605830980455749,5.897552694855034,101.9499712838152,18.012377059229944,21.511951752381364,18,0.44498225874760344,0.3642431523789681,distress
0.9209438770417016,0.14860951759510743,1.0643174840885699,72.48745526466897,1.042035887848228,-1.0654745003481034,0,0.16697268703719775,0.0,normal
2.900967084697618,4.692069508108071,24.6001522080324,93.45803793923878,8.679212970059927,31.190291569466137,0,0.09706271086722718,0.0,fall
1.3179478326033496,1.279244439551395,3.7076322734708915,83.5561945439319,2.8827899782261417,5.863769863603078,39,0.9662902501053514,1.0320700021898146,wandering
2.1217623966053596,3.13838814707404,8.958254222020837,122.69960522923189,20.53701700904297,34.28469279961408,9,0.30772863859370375,0.3233768826861034,distress
0.904421335161023,0.29276383426456776,1.3560318427883227,70.1525551610012,1.2298083450231965,-1.7358545182644116,6,0.1637714270247247,0.0,normal
2.438946960537847,3.252541816663609,20.87147914431534,85.76811486671018,9.411402438903167,27.86595508233635,2,0.046062579085800096,0.0,fall
1.2889262998951514,0.8866650264192967,2.7542318867579585,94.40158323868887,2.2076368175038077,11.319232432059017,59,0.8618541347696768,1.1659641819172106,wandering
2.935675756311176,4.71999491655632,5.625087127186271,114.13818706742897,20.682347113206752,41.95877527012024,11,0.577605490483267,0.22093855136342777,distress
0.9818452686450052,0.1391048489740192,1.3020854540288702,69.95420757376132,1.9710836568870775,1.8945643723066334,3,0.16329881164508817,0.0,normal
2.0069835288504576,5.2859670125730815,16.053039793736065,90.37295993490139,7.6071094566163255,27.167589512384733,3,0.028594682937724315,0.0,fall
1.8993138561012506,0.7062862393981049,2.750348922071893,81.48995765588472,2.641875087620948,9.429269636174194,57,0.8838545536844598,1.1379214362950865,wandering
3.895326094566812,3.0391699592952905,9.830640860478574,110.51609981368468,10.474277009640247,25.071077934986373,15,0.36210242953289395,0.27369865151315215,distress
1.0199782166101554,0.06470686393982823,1.3153828397777063,75.7548019222284,1.0184356403264077,-0.3527938047320647,5,0.19679758798917507,0.0,normal
2.578545632830109,5.663214672589398,18.575133301151737,97.35865508219698,12.393795008940778,21.57702061218717,3,0.0521679055050748,0.0,fall
1.6117430358086169,1.076407950437124,3.286953578083706,85.51936228965064,3.50501219411173,10.753585354559409,49,0.9154277730962647,1.050911468865392,wandering
3.4182794621917205,3.1916479982700343,8.915500330980878,126.67623128486323,23.144033562195602,28.168533677545444,13,0.6258744576036324,0.021471380867409684,distress
1.0043197039873244,0.2262118836471645,1.1110110553874823,69.06839732603449,1.9263003305967668,1.9310227006824014,3,0.0541712438033227,0.0,normal
2.1261132703476853,4.993511187354022,19.364199464336583,101.6896423116126,8.21710134203132,22.333511826075732,3,0.04164790305871505,0.0,fall
1.7146416327469236,0.7386510342040425,3.646642102282965,83.37240985789762,4.939232672367803,9.402749342972456,34,0.8370049550712062,1.2612068537210668,wandering
2.8960085369803164,2.0703521293063587,6.908775756008669,117.22634722613563,17.099226034077944,32.51768611375809,5,0.4405287340019513,0.07277979980238919,distress
1.0344615032708282,0.08530026572171757,1.4996350472811508,73.67705576066729,1.5759613480660448,0.3569249975478881,6,0.17958313803973103,0.0,normal
2.084671129852125,3.2598000195711156,22.02086727563671,86.17706384702406,8.33896809072882,31.47956923581014,2,0.0363164021987794,0.0,fall
1.890793854469306,0.5166850673489659,3.7137768353237224,94.93094092654644,3.516106672124602,14.420448212531433,34,0.9671268761740602,1.3877332104323912,wandering
2.1828575610173897,3.007928504128793,8.239545997901708,102.26983465836899,11.333670104367409,43.34672049723128,10,0.4047676709704429,0.3908761172542148,distress
1.0521686454633583,0.15316941987587768,1.4459804601318083,71.0066470780513,1.455830919405308,1.2684465729732382,6,0.1628340523715471,0.0,normal
2.146189736892534,4.411485287120138,21.61975503617891,86.50894830514899,14.521387916356218,22.34058159305182,3,0.05172781720543834,0.0,fall
1.3219303362345973,1.0611697625862184,2.412586174297219,87.09483536095304,2.5448776864945626,13.446703115603269,51,0.8042442311190909,1.3694306822402553,wandering
3.4111691850039056,3.618786578603468,9.956902248418467,120.51410743438223,18.51330614903471,42.364431346482824,16,0.4937907180883109,0.2773983677709071,distress
1.0336592856190723,0.1234011449885238,1.1699569950505133,73.81738582150936,2.3626323474603566,0.8572744300574056,0,0.15508930265311413,0.0,normal
2.4585637827745543,3.313002478174484,20.973448742952492,104.02309323958913,9.299522338037988,22.43909611264675,1,0.053748169582207454,0.0,fall
1.200840658649065,1.4352222708406766,2.0005592355465978,80.96894955723641,5.081349754193052,8.031402096900749,50,0.9016216582440348,1.007873368942624,wandering
2.6393842346706187,3.5947176602012734,6.3523443589508615,104.32176268219516,21.18926094010154,19.346574856184688,16,0.49688801936157995,0.1487437889106168,distress
0.9420792764561514,0.25825153436478904,1.4010745939602123,68.56813962739393,1.7704481881431597,1.3578880599587824,0,0.17649992874543252,0.0,normal
2.3464981857784397,4.264072339492831,17.317621153347947,105.47786313345438,8.976286627127273,30.932677865766685,4,0.0427134694415391,0.0,fall
1.565870000577335,1.0270133846900213,2.9877887497651203,89.2322595586976,5.508688808005422,7.728125362084461,49,0.9023655702234451,1.0500607056860136,wandering
3.6604946879117124,3.2735537391013336,8.187297237182316,122.31223738149541,24.72358426101418,30.962001491394798,13,0.3917674546604048,0.007990722286917162,distress
0.9476857050820198,0.058166463108225666,1.2639167775402913,68.63185990744127,2.2366205355317623,0.7873305993161361,5,0.1541397403272069,0.0,normal
2.324011231241217,3.232305915150301,22.24252129502895,104.11270815027976,9.529215647430275,26.40712911165939,1,0.020565501311933167,0.0,fall
1.8710303411931146,0.756243845846287,2.5356906783324664,93.53099459396681,4.6275224838035935,10.246839141659583,40,0.9529049935494972,1.4859233240900191,wandering
2.6741676505200314,4.206629135126457,9.306799909072398,103.88928597179405,14.02473631693131,27.472878410540428,16,0.3118702822691564,0.35623201422154455,distress
1.0084619046758576,0.24809977759165824,1.4515260954442994,76.76057599144531,2.699812705704442,-0.21404188640649702,5,0.16049167886636126,0.0,normal
2.4716346230954613,4.488523452216777,17.993896646686647,85.89149987153182,13.676666025997175,27.658495270187164,4,0.04415780994357073,0.0,fall
1.520629168736098,1.0245632977524437,2.4522936965039595,86.47513454319468,3.787979949484061,6.438719188440879,43,0.8733127636040441,1.4466068288361957,wandering
2.5969866072983594,2.4140283889876955,8.198148617026394,111.80808671362585,14.733614401995085,28.000879815111986,13,0.5638427934972328,0.1396289024633111,distress
1.0663683263431236,0.13317755216043087,1.1928253018729909,70.20275818266676,1.2258525325381777,-0.5635116855537037,2,0.16867774534040872,0.0,normal
2.3190362543938408,5.031708214530646,19.96594737593591,86.17021852239583,9.02408227058196,28.00126164806745,0,0.056718979001549534,0.0,fall
1.2924166024063994,1.3729623683548247,2.4974655308971077,87.52618832438348,3.5809451000908368,11.152234977370767,40,0.9171198426405218,1.187165728899482,wandering
3.022038193522046,3.296699890549383,6.255869291149563,108.60304740469661,14.440620334427141,31.05687407855476,16,0.4240978299550596,0.03601091653016797,distress
1.0330917099361676,0.21589912181711785,1.0671090438489326,74.87468282461025,2.968061909710366,-1.9876447519767453,9,0.07746600989469953,0.0,normal
2.5485724378352637,3.4344734805510506,23.11941527352532,87.22873844533996,6.82218254463336,25.225744227888576,0,0.06596725602100514,0.0,fall
1.4288615778889406,0.6521588538976768,3.193855557412835,90.68389436490502,2.3903821608069538,10.814821589857658,37,0.9427044083175705,1.2733630723613545,wandering
2.1664949907272746,3.685850635408351,8.039647222035136,128.79901377149818,12.907118951079894,19.82185732314535,12,0.6372155715963863,0.35163769569458325,distress
0.9507084185634587,0.12145143646388089,1.0764659778282024,69.04427773394309,1.3235640390258476,1.7597324412812627,1,0.1364705032109755,0.0,normal
2.4199438907042943,5.436383682078931,21.614028965374512,91.36327881219215,9.035003522454648,25.33457878582815,0,0.06749685368488234,0.0,fall
1.9642108977195591,0.9256727011363172,2.0258440169856726,83.49086493681381,4.83133024116456,12.218882263367643,43,0.8693496277757795,1.2941706648337334,wandering
3.586723227819929,2.321628547783656,9.657045814019966,104.83385247992038,15.290593341929577,17.35994542501303,16,0.651582299344092,0.2661363763550147,distress
0.9018328596674654,0.08579882397099979,1.2392615819199457,67.92525636839743,1.3284220047615833,1.1372407404634055,5,0.04548367437235079,0.0,normal
2.7692676807312595,5.379885778021908,22.17200224624071,87.70039269616541,14.55599334065165,22.73088825661607,0,0.09171623459937132,0.0,fall
1.7996020397966452,1.072352774983281,2.2819906161829295,88.02029810256514,4.0169325288568185,5.818891166526752,42,0.9490539238190129,1.4757810486365066,wandering
3.9614535006980516,3.26024952477327,7.310972228427289,100.41764278385705,18.08321789327779,18.459068896856394,18,0.6130617426676881,0.021423057485998098,distress
1.0303053383659788,0.05502066429109949,1.3600374610111938,68.46252466724226,2.379678860485242,-1.3299873431181197,6,0.11760222880644414,0.0,normal
2.8041137371627385,3.00200911238154,18.039266316690963,107.11812922888241,11.445710404581815,26.58307775938715,2,0.01727815027936792,0.0,fall
1.5869113260377792,0.9175963808349569,2.4202050966497195,89.68780568901948,2.6280606219288347,14.85442679501278,51,0.9087419882730725,1.1143836078892764,wandering
2.437901040708345,3.15500404482615,6.195226349314762,100.13501136670186,12.476629317391607,20.289413717219695,11,0.6462764802420992,0.1903304806101841,distress
0.9369215041544663,0.15600613922913475,1.0522948605325553,67.67987291259831,1.7210121978363886,-1.8631966641567814,6,0.12923134541921386,0.0,normal
2.3258519915821196,5.987167496702955,15.467542995920883,106.2057373177535,7.220870951848333,30.55071724421721,3,0.09693383531796855,0.0,fall
1.6604992492290147,0.5543350157870053,2.55005435981794,91.12680954919554,3.664732773056724,13.100538538115376,57,0.8261579229394524,1.385784152289375,wandering
3.427437148358336,2.19524990041924,9.554225056772605,127.63846845371621,14.630145429792266,39.22927624576975,19,0.6331035809293135,0.3041983385248134,distress
0.9566185209332572,0.25853545249744153,1.0046755711224469,76.93775739719516,1.8324100062207995,0.9854437685392021,2,0.048462178007569426,0.0,normal
2.5753430071259062,4.287588278895022,22.609489270452222,109.40859388315647,8.75289763187402,32.291311748632154,1,0.0032743402253811783,0.0,fall
1.457252283724977,0.7179440825398906,3.1228953946777507,89.76546529320231,2.3316063020565343,8.855257712606667,32,0.8597395358752512,1.3331962466376575,wandering
2.1423658096280103,3.0954883334151737,7.578101002981407,121.17700325899852,12.403083416375768,41.51835372274759,15,0.6024354499492484,0.32882989139928026,distress
0.9404400001953547,0.13035384111151277,1.007301974393763,67.84754285881965,1.478144030233817,0.5396826341622414,3,0.17652317112792967,0.0,normal
2.3867107577103304,3.9055487235586863,17.77304321511474,94.0259935084066,10.974867634381123,26.684782191146894,0,0.0007350432701056176,0.0,fall
1.4289853570495739,0.5713898474104312,2.286701171608375,87.6053526417327,3.4295072012965075,6.744238003071779,54,0.9945812673327341,1.0712284576886868,wandering
3.892732831628921,4.1531265250688385,8.88559868941202,127.78345298672726,18.217882317842662,16.41374515942152,19,0.323402050274743,0.22855146987389763,distress
1.0092247524678595,0.1464680695578911,1.257778756644398,68.35360660695024,2.011068181751499,0.843307293158972,4,0.06276938875894869,0.0,normal
2.793172068793104,4.132376843258395,24.814123881850826,94.85883688494343,6.02056172896956,23.841166059227408,0,0.04167270580125494,0.0,fall
1.7759928401144078,1.2956924421304576,3.563836877882638,83.09473950339044,3.55321392800035,11.22200073019065,33,0.8165072716112081,1.392012687438671,wandering
3.2955141101303864,3.939720133322228,8.48826240193808,121.5194940774344,10.397819610517512,41.16517551847245,7,0.32743276215698713,0.1503452993039533,distress
0.9379765469278257,0.09669122263774842,1.2588368743308092,67.94366891806334,1.9113641884343242,1.2615078756981433,8,0.1915855316537467,0.0,normal
2.8113795992478017,3.4101157178505934,22.188033438572905,101.1030422823009,14.121961863971208,30.76327670838105,0,0.07775075301694742,0.0,fall
1.8722774000903462,1.0162000356212995,3.6675363304709765,91.00592453129103,3.7217092931990243,13.118053656674958,57,0.9665872020405215,1.068314405520208,wandering
3.653475083883852,4.701129457545774,7.671380307762572,110.68482875682021,18.957922656524737,16.508893362012422,17,0.3120232058245546,0.22808142562628775,distress
1.0083168709752681,0.15541717059066323,1.2175362213045786,73.57740941668902,1.8711644624956807,-0.5030746691375305,9,0.14479483655667713,0.0,normal
2.3290762606415893,3.671522492466014,23.8452708131927,105.23153925737076,6.432715353386936,33.50009576676126,3,0.012926790261662637,0.0,fall
1.474260425724794,1.015342289065503,2.798681113263326,87.14350948974169,5.704964774048239,8.558648978284367,47,0.9728200781646512,1.4923246262428127,wandering
2.8420018969140326,4.381205087941168,5.813275172570369,119.16732733651934,18.89420238480549,18.34734444816017,12,0.5179918357397993,0.08980055185583519,distress
0.9480956734739738,0.14330694624726265,1.0699228308905848,69.08923632253679,1.1972956391862768,1.445107586582068,4,0.004583928135226722,0.0,normal
2.060677330833358,3.2698993946774797,19.039980006045983,102.15266792413375,13.057014593309285,33.50843585422914,1,0.08393850581464396,0.0,fall
1.6824298042223416,0.6319696724572299,3.8043313626406405,94.27299146620489,3.503678216251571,13.514749474860324,40,0.8001561547970529,1.4193227190630537,wandering
2.055539020615904,4.839069731089469,7.251143647821195,106.68629677420424,13.991743425189505,16.396090989650418,19,0.40202730518402524,0.3669014367661779,distress
1.008477682126733,0.16608832762233733,1.1706293939330885,70.62411777021217,1.8139825908828415,1.1869611380165064,0,0.12473943020336425,0.0,normal
2.503854494797857,3.19211638510478,22.546536569562846,109.68103732881674,6.090567253537533,23.684064717417677,3,0.06882085758024663,0.0,fall
1.4154365608226143,0.9314782521792713,3.9007356892740344,94.8817790468763,4.18455242056028,14.620267608582608,51,0.8945537670598982,1.1544239508503928,wandering
3.6757587650520724,3.4965270336621375,9.631431164690934,123.66778012799749,14.62954827251328,23.995828547150225,12,0.6475517962787773,0.058244907947736124,distress
1.0340436295121318,0.06515936621836148,1.2961691064271998,74.8316143570515,2.891413748406862,-1.9388102798600082,3,0.15262890182219377,0.0,normal
2.589834200722337,4.440222219464795,20.894170662279038,91.6309167074671,5.770030603521633,28.40837003170805,1,0.008229218733228938,0.0,fall
1.7962026799980986,0.9629276162211988,2.6066999702656966,82.38537311679367,2.396764309810795,9.296925845297128,40,0.9763374081281878,1.3318501960924205,wandering
2.82884610993891,2.5344529962904874,5.443373767743466,108.8221744211343,13.364015116377482,28.557860510578173,9,0.31161235834935475,0.34424577294735,distress
1.038431979338183,0.11371944840114938,1.3834011040335903,67.63270501475836,1.8266865822537597,-1.9114745226567322,0,0.09557565205123122,0.0,normal
2.289840759431087,3.7733046466321425,20.769424449525705,106.41799699607527,11.711643231033296,28.54625026780612,1,0.021363729278849497,0.0,fall
1.8228403069949428,0.630739205055606,3.9646518898049523,82.9264490074785,2.5018354389392012,11.980749150272233,54,0.85233931243591,1.3488374946423818,wandering
2.297543313980186,4.356356289461129,9.976182032950167,124.33689589809998,19.17342555202503,43.163421380452775,7,0.4452820822001494,0.49901833703693477,distress
0.9234864641254403,0.11575918982568285,1.228419382452262,76.10221976707194,2.8283796009816937,-0.8505480272798853,1,0.15573404367612043,0.0,normal
2.099329031782558,5.418035837463778,21.121954279607564,92.45004496698326,9.076669262344968,25.813008058221484,2,0.006817968555807497,0.0,fall
1.5727417816347309,1.1297910797794741,2.0852119495509456,85.81236026014521,4.174016704844323,14.793437878782278,42,0.9057570812863924,1.1119074829781666,wandering
2.705836334418949,2.710776373552612,8.505801909342773,124.2622081500662,20.525918628237832,27.591371616760583,19,0.694918891451677,0.04364036978848973,distress
1.042556473133189,0.17135390209010148,1.3620143393886208,71.06020342058201,1.4188127358877105,-1.5856675254526964,2,0.12282836323100754,0.0,normal
1.9199064806655426,3.281740180485859,22.914517039938623,108.94535121257879,10.898599978593637,22.679567161143822,4,0.0722137394518226,0.0,fall
1.413787073441322,1.3330306005229313,3.648731500041273,91.21078838175549,5.4949566759399735,9.333969567665157,37,0.9003607897442013,1.451678509348651,wandering
2.3251498355468896,2.7004553332551855,8.292025048315892,119.67859619306971,12.025282170746433,15.973844458857467,8,0.6011922651200288,0.0021774766903584486,distress
0.9999161267363292,0.19642203807657993,1.0656881812052366,71.11744960612434,2.6457882459669273,-1.0707162701955424,4,0.155100242263326,0.0,normal
2.519023324436156,5.150073403374086,24.068129378112225,86.959792939964,14.52313612272386,32.62309878591641,4,0.058180935030167684,0.0,fall
1.6939201619336397,1.1511155945797233,3.0328056382130884,87.26476838103254,4.820438853939681,5.620890099558624,51,0.9276777993644898,1.2465652217548824,wandering
3.365100472467385,3.523220898585759,6.405614431919577,104.5530947824561,19.638762228691228,26.41037708446207,5,0.3958822124166527,0.3324397044054399,distress
1.0283398523130223,0.24280360884966862,1.4533905822035469,75.70580625694487,1.4533042073963804,0.6897229343248008,1,0.15060058439058832,0.0,normal
1.5698998225472196,3.345634110432532,19.359475418652668,85.96678532655173,11.035697121898128,22.38162935110229,1,0.08859476529443036,0.0,fall
1.9190038745598492,1.1284036013118919,2.9255049214177964,83.7727562515477,5.554543492580475,13.375127431761573,59,0.9865517252805769,1.4749873585820827,wandering
3.797920841876766,3.4015859690553016,9.557967680712323,115.2024572492329,10.570360839317857,40.42360678656348,6,0.6972017935244641,0.2805161835463944,distress
1.0708929128951632,0.2870534104078384,1.247612127581902,76.34705250580302,2.4362692751859654,1.8421269921443462,2,0.06801704075465587,0.0,normal
1.5288609410504244,3.5275796239150434,20.015972050884514,109.39154138204438,9.905572920518154,24.74826347843937,2,0.027505561946060932,0.0,fall
1.2917855454281517,1.3695617736345214,2.9086929748039347,86.0198733975549,5.991521300816107,8.080643737428378,33,0.9987349158926978,1.3438262961684049,wandering
2.417954765318693,2.9895906470238183,6.662970421413097,101.14743254608376,12.275111317369284,35.72748545144513,7,0.5947675525393288,0.22289562318104866,distress
1.0795248442636634,0.17893946263247895,1.302007409788622,67.26418359777794,2.6981456083332853,-1.2361372627717362,6,0.017751524923089623,0.0,normal
2.5766749640162026,3.4983626323992025,23.717299955389738,92.4298134039067,14.957670447184334,27.768647429646254,2,0.002157106374261053,0.0,fall
1.320050937254453,0.8666686807858216,2.586310700932784,94.11052785459161,4.536499322175718,7.236447262630273,44,0.9237754567599149,1.0938040359503725,wandering
2.327053815838493,3.0712431014466035,7.521174249714718,100.87609080415318,17.244304545034474,28.695897074457896,10,0.5506582707876643,0.07089383885072292,distress
1.0854756220765749,0.09357587064447602,1.3901252706242502,72.64036456486906,2.5907927250441487,1.0329033179698466,0,0.16247373696660325,0.0,normal
2.279474191116069,5.557538966837601,23.318864343128446,94.2376131193437,9.055434760344617,25.858385039204155,4,0.0057430714483710735,0.0,fall
1.5987901020469062,1.4837965650102942,2.0463298178284672,90.33119579691653,3.7710071028922107,7.635749607399531,35,0.9670944562550956,1.4661994151203155,wandering
3.643875617386252,3.48677171779097,6.3114635351370385,112.34360785634716,11.20458345323005,33.84808701890934,9,0.5555082629737378,0.4654954450749595,distress
0.9348245278288484,0.24964974264595136,1.4156832468428893,67.42021530442724,2.7324785398694935,-0.8655390448704563,6,0.07081521306704297,0.0,normal
1.8154802564170527,5.411158499849776,15.536515558326156,96.44369246676706,5.951459134386823,30.50869078713876,1,0.0946782242936972,0.0,fall
1.9909564246421154,1.271897192259067,2.5373701362952614,93.42603363427696,2.1304268506014146,12.275789906811625,48,0.8004596603017491,1.4191558917540565,wandering
2.2349529281873513,4.747652027295501,9.757368478855007,123.38557075596093,16.93588221882086,30.216094196748234,10,0.5788542749574073,0.34528219011474076,distress
1.0124336244923375,0.06868514457031814,1.3049607480903076,76.15725046289285,1.6175315858179078,-1.3475108538516207,8,0.0660118337115428,0.0,normal
2.481068894430968,4.059944425095115,21.35726005695549,97.51316149148369,6.020603759953528,22.35035894358686,2,0.0752182581158512,0.0,fall
1.7283901088491023,0.6357697757610898,3.5231535152998905,94.08367651986602,2.0673704607317354,12.091745608269123,54,0.9935746317298834,1.2103074137494538,wandering
2.8392961225233924,4.890145357443011,7.701527123909336,115.72904656800108,12.307012236278755,25.607643412370663,18,0.4168161115657465,0.46482562177209946,distress
1.0231237122324317,0.1464955216796746,1.029169615432723,73.80993354795258,2.268456106468032,-0.5848938873026892,2,0.19116734695783463,0.0,normal
2.1336423932998585,3.7409507842061798,23.212493825562934,85.38593942487904,5.749637396051577,34.49799341636512,0,0.07632736810545666,0.0,fall
1.3037568638926917,1.0873043137665497,3.4019442867670397,85.13122977848217,5.930687279180123,10.633386393280995,41,0.882902116641429,1.1546627879026672,wandering
3.380392347447401,3.308795015637915,8.400845425240695,114.63036683126268,14.800563058105684,15.726590382345405,17,0.5860527584778235,0.13681002997680547,distress
0.9879814815967266,0.2098195190163334,1.2252760091508408,68.70699041992349,1.301447899167038,0.007888674110810623,5,0.0013143298478131005,0.0,normal
2.1571016844402604,4.809381179332515,23.76673767371643,93.71217372208457,13.639885479735952,28.811834594058418,1,0.011014461603259407,0.0,fall
1.5938612215572636,1.022105003373396,2.4827353590400745,87.35317256490245,4.986797618567982,14.30683874915935,47,0.8296822658631002,1.2686291982793567,wandering
2.603107795184555,4.6039776716453575,9.862317448550584,108.22113746445041,17.299238590696483,33.279268351268655,19,0.599980535761552,0.00859868036224315,distress
1.0777265856819735,0.1367959333113889,1.29824356788835,76.28416263692935,2.869446866443213,1.262984497299653,7,0.02393477409952374,0.0,normal
2.8544253854778567,4.4357557035763415,20.99450267330745,103.16449018808764,7.106446109588842,33.87529418324406,3,0.02719249737622861,0.0,fall
1.9438206570393828,0.9927100153235405,3.415869251956871,94.01044300083075,2.316351000654785,7.39186925321306,32,0.9991578677492055,1.2516112944197897,wandering
3.5077028159532877,2.2871387581448994,7.236258537187812,118.16815015781356,15.222748239774766,43.594028769459726,15,0.4590878476898492,0.21656731537664614,distress
0.9239511178301302,0.23966199279003292,1.0971015415340057,75.071013823267,2.2254370901182816,0.46124445071766873,9,0.16634553418050688,0.0,normal
2.042375470629689,4.705114863695162,19.945192072154295,106.91945846768962,8.87026674001429,28.47163492647865,2,0.01812727306333919,0.0,fall
1.7900861642983457,1.1833880354892727,3.417772639196614,87.00437067415676,3.1299683345960756,6.956810489034186,59,0.8273961045789774,1.323971995136348,wandering
2.510651008703436,4.978009860919785,6.773455096629444,107.9620811637901,19.54848628123818,26.136574141968616,9,0.6874104569918007,0.20278765497543483,distress
1.0896432340659348,0.07132370506164183,1.370563443506943,74.54537849768703,2.5827024619166865,0.034818477592914565,4,0.12146778443206119,0.0,normal
2.832776474499483,5.3657381747596045,15.035816844082149,108.85756186812313,5.764931224277632,22.22586391635414,1,0.07584872398245433,0.0,fall
1.8530588188778654,0.886509724105901,2.1923821045684884,85.19631181034956,5.298998863600226,9.629091539982396,52,0.9024383763906013,1.4819049661722117,wandering
2.6053526087410956,4.425026304969484,9.763637035892586,129.59672127828458,16.867469128786716,21.584936303788687,5,0.5013685348889583,0.0716502766977028,distress
0.9905422524134772,0.16898502111875285,1.4770992435271102,71.79912939753831,2.4003102126168865,0.4290946039029899,0,0.007604100080770038,0.0,normal
1.900908755789472,5.996825842392655,22.68150835653126,101.27099528702817,10.20192115412803,28.50468336370492,0,0.044329532293653544,0.0,fall
1.7742515014348457,1.1915427612848846,2.5103784107583715,88.46861997882647,2.30983261692471,9.802056352681744,36,0.9610131230544269,1.164239490212171,wandering
2.7376333276811526,4.581765705879768,6.769799174348647,106.70664340934326,12.32796422746653,15.272489920073923,5,0.4345445999466616,0.3890225262475979,distress
1.0156206518302289,0.06806049607272906,1.4451684087753092,70.79333030324844,1.3419423471192071,-0.893385971469427,6,0.1968020656264307,0.0,normal
1.9840216517007638,5.44161670740665,19.382557132439455,96.59722404369478,12.298080349666812,22.40422313162673,2,0.02735712635995339,0.0,fall
1.3407647167258794,0.9496516451270127,2.4307721456306863,89.01011023682673,5.006584740120067,11.868235415055901,45,0.9533156643255091,1.3664938039501844,wandering
3.5220630943610245,2.0568024259337427,9.325724363618749,117.64319655921146,24.037634805639925,17.375905212785298,17,0.4776305365152025,0.31980469936177364,distress
1.0321539257795,0.1292749173190168,1.3598273699129555,72.11667359467106,2.2747459102558087,-1.8459012808923392,0,0.19192888303472727,0.0,normal
2.8820809714816154,4.9272578936953355,21.029307097099995,100.07513398477636,7.949337953971687,30.72314835934688,1,0.03709434186740181,0.0,fall
1.356617349843559,0.7603756336223967,3.3898637328533,85.13971556159935,4.5325193761409786,5.277635472520117,52,0.9625945342723329,1.3844212018653912,wandering
2.1493958995893347,3.1921794084691877,9.082950055815859,115.8858555902088,18.94794710955473,34.83161335166173,9,0.33395650263551135,0.3879647141531292,distress
0.967909230521202,0.262647573191472,1.284956949717528,71.36153794157356,1.4691039761795182,1.8976501286261622,0,0.12403980847959468,0.0,normal
2.0224311343327894,3.9199884167991335,16.557845151349067,86.92009851870756,5.624856080294585,33.01229917519307,4,0.08799985557120979,0.0,fall
1.4501713519110255,0.6049497347665819,2.6130931122052132,84.60686779531366,2.9455984360748744,13.190778119582047,57,0.8272507700172326,1.4054865787089545,wandering
2.9138134431758402,2.6984530232888106,9.216678818846612,128.74842661740502,19.95655045855085,21.173574904304182,16,0.6991562882569655,0.15990135231797964,distress
1.060820347077816,0.18892847632325405,1.4797467470433987,72.17996241255571,2.3886835305275476,0.4545248757785916,3,0.037200217875870516,0.0,normal
2.972909104510955,5.4533108596132305,15.083170954128622,93.10323238959228,11.315095020908299,24.63662994103795,4,0.033931200455164436,0.0,fall
1.9431028862962534,1.3734283914499468,2.5332838328328036,92.04636769856862,4.883553510274067,10.790431908197094,47,0.8842983575282163,1.1663480804841442,wandering
3.7102590950775975,2.103413855051862,5.678724653271553,124.9311296451983,24.555153432397958,15.631627933571373,16,0.5903606532755161,0.4094119427923461,distress
0.9773316450541921,0.16783062303284474,1.1215494522688965,74.55873244371024,2.9812645114640945,-1.516634225556523,1,0.02176673207144697,0.0,normal
2.0896708291276886,4.723761561566885,17.803153722570222,105.0316047985001,9.267221966559216,30.339068236819358,0,0.08815835864568386,0.0,fall
1.613317017631253,0.7275610206245428,2.57949131369059,93.66022493670464,3.7897848232533615,6.40573852127813,52,0.9667641825577447,1.2735302054903748,wandering
2.7492082068623276,4.788742466506119,6.73463588371388,114.69875842725712,24.57854121623309,21.37350596131204,11,0.3169388114804062,0.36983562395480674,distress
0.9366721108608317,0.2675648048361287,1.3994535444230325,73.46938886295035,2.147461300302688,-1.9660712834565324,4,0.031147064278027294,0.0,normal
2.0454928986200187,4.23774898537216,17.412394174836685,87.1975623344713,7.898619172828873,20.119565796329738,3,0.08999848999821075,0.0,fall
1.366140809459895,1.402823826974001,3.7535125753545673,91.34605063714616,3.5371246380342427,8.490780256521248,49,0.959584217427855,1.1697655853216564,wandering
2.945704258856914,2.441019948613437,7.010656976649308,120.20502234480281,10.849832930042226,34.827124224463894,7,0.47876121040554964,0.16722305138120996,distress
0.9291876913040806,0.05376454136423363,1.038215237194927,71.99681238862925,1.0009205693685204,1.7079188422149336,2,0.08250573433165145,0.0,normal
2.545134599094749,3.4274852120508816,24.13940207218326,92.00976734474276,9.785466662497443,33.21554852660814,1,0.016870793386670857,0.0,fall
1.3702433040201396,1.0713895422005038,3.0387461386157932,81.7619502278327,3.423912233823878,9.685402902162977,53,0.987399602204994,1.081635064286584,wandering
3.017316569626672,2.9942347357074213,9.601007092263952,126.64583042270979,10.363328294599444,38.20334276347684,7,0.4722064731123893,0.20045653531486424,distress
0.9328403153023433,0.09091626541944249,1.1709233897827498,76.84197488260271,1.3482019987596185,1.5861602498591383,4,0.13011158054494112,0.0,normal
2.7883334510267463,3.161359922499845,23.766128807829748,88.25015591425036,11.165770201839324,23.436124973701016,3,0.038064373914654205,0.0,fall
1.655912269416584,1.4755726255012926,2.6766592342943705,92.0328463872579,4.878591814512311,5.0187512481136265,31,0.935138818022508,1.1941914117206331,wandering
2.825167855947516,4.341250896583309,8.814283867205095,106.88215137680433,12.22369293665071,24.310879849836766,17,0.5684390591644116,0.0678026283099234,distress
1.0894939745367467,0.2238354641458526,1.0498704991553385,70.30268680868411,1.488493209351418,-1.2203640636919393,2,0.07416473137917814,0.0,normal
1.6747139086984368,5.43660049946307,20.918163678758347,88.13352371457243,12.791280678954468,24.80553549486164,3,0.08900014363245297,0.0,fall
1.652467780037778,1.416139584136854,3.604699400829839,89.42179429849952,3.93746711961184,10.260669211389162,54,0.8729590439593314,1.1418571914118076,wandering
2.3102849973045974,2.4068763777946405,6.054899244986809,104.56481611278082,20.494162640077725,18.867338283439917,16,0.35510838337976014,0.49756060247453715,distress
0.9043064196142896,0.24386871438335117,1.2674287211766053,69.77133757933969,1.5668622010267472,-1.5689451707945037,6,0.05537630423583231,0.0,normal
1.622134436963434,3.735766905554426,17.65663773961399,101.8777604155697,14.096823734833634,33.63221469646085,1,0.012277479964475603,0.0,fall
1.2852843191105243,0.6330980532538032,3.442481731260085,81.53351008938068,3.4154198778825036,10.178040394874024,46,0.9731702616353602,1.0673064811682074,wandering
2.996503291723782,4.558615642476278,5.147187255600933,105.06623908280973,12.733745537513787,42.91842480331155,18,0.48747824940786183,0.055632582671128916,distress
1.0669203603906328,0.15905936413351107,1.3086575538745127,71.62408929271388,2.424211097263872,1.6653770179461596,6,0.012642260349973867,0.0,normal
2.7445986783138228,5.8189057296734195,23.17672412871249,97.5650952471947,11.064846492238553,33.28894663006561,1,0.03069126636858517,0.0,fall
1.631790451692081,0.8841851846351859,2.1250527232306675,90.04652042774204,4.719840339492794,9.502166459259586,39,0.8391342425961879,1.253990464306725,wandering
3.2647407393197367,3.2383782596215522,9.741514583705147,105.41241855000114,10.41109795347041,22.147372879292163,16,0.500613166280391,0.38496318129260776,distress
1.0805598239433936,0.08423489047608292,1.074303397198761,74.42190800328594,2.8023853439167485,-0.030103644605118163,3,0.05975831720241956,0.0,normal
2.924066253125651,5.883446003878321,21.420277392793388,104.07909672254708,9.996000147415725,31.55347050515692,1,0.03906638633543076,0.0,fall
1.4594865893772078,1.4380171788590241,2.269514404652449,87.58551925914675,4.368479716476042,12.070933208044055,32,0.9414821489782648,1.3846304709448969,wandering
3.478911257954751,4.210077059842881,6.61493632231422,121.56747737403012,11.57633092419127,26.829404299687948,19,0.6001633056610951,0.07851965802175692,distress
1.0661765848757832,0.21147453285396806,1.4895169171301912,68.30097055632434,1.746964181140768,1.33000958190397,2,0.1491531213943562,0.0,normal
2.4867949542704784,5.533066980655517,19.215069481396068,85.97720109696476,5.936119373742846,25.36913361339989,1,0.01166705255888999,0.0,fall
1.3743979478198745,1.2971664199315018,3.185283903667382,86.85471346761872,3.5687860945958176,9.575197334991872,46,0.8893298856228297,1.2169208760335972,wandering
2.01958376631946,2.6887173581411075,7.31351055465197,117.67135606371329,10.385159282642089,19.70933896450096,19,0.5829999254704903,0.2842570496552824,distress
0.9787459614158186,0.19722056986014047,1.3129739034933867,76.14632122085483,1.4432123936719963,-0.6396310136921084,7,0.06193300495074177,0.0,normal
2.9038071601021596,3.5619005731982814,24.980696437911895,97.25909676511526,9.721434027608165,31.24156511831122,3,0.06987529308882383,0.0,fall
1.751729290262255,1.171792268373515,3.906474601607445,86.5201244209531,3.5033629666287642,6.782299394453709,37,0.9043439347197801,1.2255574795679969,wandering
3.3780608758711708,3.117646398061452,8.37686311604853,106.70378376251679,19.69672415490254,26.822594787479453,8,0.3782394299716132,0.24887863510016744,distress
1.0989406077183344,0.25514883561599694,1.3469741067091157,69.87288801500732,2.4869061257604494,0.6399459508364602,6,0.0366342383162408,0.0,normal
2.059180934638917,5.539658001035372,17.693838959149893,94.21839750155377,11.861713223062138,26.09097314668786,3,0.08003429166213075,0.0,fall
1.5352811251196048,0.8562155264995435,3.8272335331134455,94.37836254927403,4.45033894740085,11.321318886578501,55,0.9305258883313625,1.3095805382395433,wandering
2.3967685526365603,4.193685486872926,8.904534466253274,111.64581785959771,15.146433927325782,44.828624696842574,7,0.3968996348220512,0.179578490934446,distress
1.0874986346398812,0.10557676059889066,1.2028779691612543,69.2861931845527,2.7726264582390954,-1.3493032645405734,6,0.14328708613424343,0.0,normal
1.8330766843805946,5.1174931945546,15.288321689876508,107.45029965622143,7.17488818022119,32.352214434459924,0,0.011298575132940226,0.0,fall
1.7875311143151569,0.8231195137712556,3.6681164202379195,92.6996131825569,3.2675763069982007,12.859528485785331,43,0.9115516580908484,1.3257936495804523,wandering
3.680386330760988,3.6478227835099695,8.453839731734623,124.69471057366205,10.141039816681594,19.790716366582142,7,0.6844686391496424,0.23256933983255507,distress
1.031312995125888,0.19083149508060665,1.1625373012178915,70.09958790379828,2.776097932934521,-1.8378015756155097,5,0.031552874768071164,0.0,normal
2.459473113964254,3.1199326723001457,16.117207722871747,95.37756515135627,10.104517194097252,27.735863223804323,3,0.009905085036724838,0.0,fall
1.2676056092385453,1.1637399553230126,3.0780802177984166,89.90257349631449,5.205291542972626,5.9152356929897065,59,0.8814295786471433,1.1063567324332542,wandering
3.0179281812487204,2.5405759825710246,7.023284402317018,102.12697541278912,14.453201012476743,36.276573400322114,15,0.6581745347571704,0.14458350283003019,distress
0.9658949011604318,0.24998628884997043,1.134387797188448,69.04948171241197,2.9191363541513713,-1.6074655180872224,3,0.1595637319813512,0.0,normal
2.4343167504357517,3.1709644369099608,23.083294916557605,99.95012611952407,6.60631627462,20.029360772061718,3,0.0018662609207201197,0.0,fall
1.7869721120015656,1.4271853333176976,2.2613545119141856,82.43635371884312,3.895190487640864,13.847657962129817,39,0.9448422735849266,1.4585815825416282,wandering
2.644325771783512,2.4780395257847623,6.043103243360026,104.54936184817552,21.179197992613048,39.31662502181856,16,0.32187136017478535,0.19417401897288045,distress
0.9945679805135617,0.19718145642395352,1.0734597345443853,69.06587642638553,2.8789204362931855,-0.0955743483245195,2,0.16167505901344317,0.0,normal
2.774559966312249,3.432693349280946,18.53425748971308,104.08561926582286,7.503008250913551,31.19386868820535,3,0.04117107737576923,0.0,fall
1.8418075890922716,1.437454981616982,2.1133061527678327,88.06135185762462,2.84759510023784,5.089283507280891,53,0.8097271291581973,1.2403530968852639,wandering
2.068133915442855,3.7223223579387175,7.858065441058715,123.32179797178182,23.594218883294005,37.26118929473145,12,0.422280456413069,0.1361126035662485,distress
1.0012341138210714,0.24852971463995494,1.0009424724762068,76.6993520137682,2.120385690337124,1.7072535272064235,8,0.1966720417088299,0.0,normal
2.11586648819505,5.056705517862242,21.122627856398545,91.96023960449642,5.606199380200213,28.314651194980193,2,0.06550022367215197,0.0,fall
1.7403974918512772,1.2625006041992353,3.6335931657154865,90.70414399972466,4.011188006502456,8.241347534439424,41,0.9347272014922536,1.2477175483700247,wandering
3.4955060914823592,4.795127418426965,5.309179941603017,109.67899187814704,23.61476999008908,21.234449062603737,14,0.36605121117157685,0.49824241302479766,distress
0.9634107498162396,0.09702327102256426,1.0480383740607537,71.0991946974717,2.9678905613543263,-1.7814512652613796,5,0.002644212690661263,0.0,normal
2.7677874055215277,4.949325093965144,18.348287493693316,94.4416447080625,14.226121998442613,29.56252369910668,3,0.023071194467658675,0.0,fall
1.5806656192758257,1.438110074862276,2.1693578099429343,87.2292629223673,2.1967233631137035,10.904115673798216,45,0.9373227858033871,1.20861623356255,wandering
2.671679243905281,2.73868885438561,5.832400901116643,110.51024726828935,14.861536588299096,27.12514857426992,17,0.4347543649575383,0.4220127625496389,distress
1.043633788587034,0.24452588570071826,1.3055940911523054,73.90362775385981,2.475450636091187,-0.6835272365733305,9,0.15822725633405554,0.0,normal
2.0950809598799642,3.2871383215639143,15.817487283038062,93.20456250947072,11.949386131640399,34.7541052419638,1,0.024457859171809627,0.0,fall
1.6694338538159963,0.9668919241170706,2.329399835115642,91.05047410638373,2.6199484312773946,14.068398373736205,54,0.95908987071243,1.3311309545600534,wandering
3.272058043987929,2.1213496544964476,7.5897432939660785,122.52709951643425,14.378961133529517,18.185676443487427,19,0.4487057232559701,0.04694991412169924,distress
1.0524305948884658,0.076220689273247,1.362751415787077,69.61104530963145,2.8390688050763027,-1.1254706209580538,5,0.03086113235362542,0.0,normal
1.8468762072717777,3.554806370878494,17.05272947651487,99.21859413052863,13.856423445283546,29.28504195735725,0,0.0501512414601532,0.0,fall
1.401240240152136,0.6681439311824069,2.467074015663772,92.06972832196936,3.2686242841353845,14.942899891901572,32,0.9021222694640775,1.4917239729810523,wandering
2.1763251388206166,4.206142850563315,8.135526689904843,123.05804542947244,13.308278507747957,21.222537307974115,5,0.5345996701754557,0.3043360898417292,distress
0.9685329523210381,0.1735368580628922,1.3449476888531413,74.05484538974845,1.8895751987449159,-0.7977156962054681,6,0.0027236953744872007,0.0,normal
2.7685835776758925,5.262048522331108,22.729262871808018,102.19841263383034,12.46041783838858,33.960151241063386,3,0.005476300328414164,0.0,fall
1.208204841988874,1.0412873849134336,3.841258726818059,88.34254199089288,2.3003197685815837,12.936793968774927,47,0.9890118986802423,1.2179723071464839,wandering
2.823320145945707,3.1565570257279534,8.83165121570137,122.0953066638187,16.934437176806508,43.871607938455114,5,0.6104986369965137,0.4833875632893811,distress
0.9173174305217201,0.26283257203169325,1.0696622097476283,67.26407036973644,2.729673961011775,0.9962300566780491,8,0.19334189689220815,0.0,normal
2.730407612814089,4.309980781667007,15.408658137470292,106.42487456874954,10.35691140822452,26.33089913753433,3,0.035931412154862806,0.0,fall
1.7400032164149641,1.057839428972232,3.542414414717017,82.92706990257452,4.162367725824979,6.254935607688356,33,0.9666467407474741,1.0317088141438076,wandering
2.1803524027007297,2.0774195634969277,7.4978389264230945,119.61929198795366,18.812234887364905,26.917181499830136,6,0.6733352068854208,0.21208753448345058,distress
1.002159708582578,0.2643766110549065,1.1762438006420786,71.34650697157262,2.6274059172980966,-1.5370480336729644,8,0.19504003396027303,0.0,normal
2.8820725628174335,5.424298374127673,23.388051973855646,102.60137912123905,5.605905327176894,30.09791705940122,2,0.025654063889737233,0.0,fall
1.4188105625769145,1.1486552001871027,2.6106399013887294,93.61673526107255,5.0251048596604395,14.507126390752317,40,0.9097237273224646,1.3903964148162449,wandering
3.7386066277181524,3.8230689239640094,6.652942072419813,128.34835935177028,17.198831861277046,29.64046089469432,9,0.4255399201149388,0.48643556244802966,distress
0.9618889062692971,0.2582567894486296,1.0607174666929005,67.44062017778909,1.8220625431834518,-1.5995933844329575,7,0.11334806167376935,0.0,normal
2.8079712617807546,3.4754139902800847,24.451834616816694,98.58689576977284,9.680326004018394,34.4120795203841,2,0.023025547261052517,0.0,fall
1.4849410607320157,0.8894023471530257,2.243421892664921,85.45510586571885,3.2811732311009476,7.941971001418925,41,0.9046741650454623,1.0771052525463767,wandering
2.374720033453312,3.4640295916392967,5.003245727892939,109.37905156587759,16.23764297822864,34.64986363401455,15,0.40548441816433756,0.06116810014765023,distress
0.9844169489172816,0.17977805617703158,1.1147854086314246,72.62724548446833,2.2627998980915525,-0.5120820638025747,5,0.19191473574979334,0.0,normal
2.7588845660068047,5.039427173603526,23.823810449785974,108.00977611873651,9.316976770896687,28.151671106576032,3,0.030141268654703957,0.0,fall
1.8366653108129702,0.7716111257829006,3.595097894400579,84.33553282794506,4.7011241627198,7.370641355397067,47,0.9354187069635393,1.0376696522819682,wandering
2.6133807862886913,3.0007354638721555,9.146808872627147,115.50923676290168,19.806321943184066,30.48384935208598,14,0.42082215002707757,0.40713026365857313,distress
0.9254918214850607,0.2580187185131576,1.1414882583125705,70.53242862651287,1.4496409707008115,-1.3295324220688065,5,0.10319559153328597,0.0,normal
2.43224233536833,4.39212206003622,20.12916429731355,109.92234563792537,6.662630675939298,28.429774237661036,2,0.07576688477691994,0.0,fall
1.3738637693102282,1.1351548593311982,3.0689855922598186,85.77654735779817,2.801954600235048,7.199866760973079,40,0.956710594244466,1.243958842879691,wandering
2.969276341637438,2.854179117176416,8.696803312933048,116.63113522132538,11.490657273818682,30.249267121304666,17,0.4630670999411146,0.40356914859684495,distress
1.0747952917804118,0.15917026913417387,1.2427259513622964,68.48037728217393,1.2515368380740364,1.5283691320045234,0,0.17702567387173987,0.0,normal
2.295369295797895,3.5215635051394005,21.09080605747932,93.52809128335268,13.090129215013835,28.03829507121732,3,0.05885860601855877,0.0,fall
1.5926800583232665,0.7611697816519757,3.0422317408181474,92.24506795718206,2.0788327795430845,11.846536505246396,58,0.9609527449160309,1.011673153983923,wandering
3.079068722490242,2.1055869892325454,7.591976195561077,117.9170967071213,13.906473073296802,43.74585958847001,12,0.3455859730510215,0.4229046575794515,distress
1.0596950703900148,0.26929795266102724,1.304535586467948,72.3263571722975,2.9658412367039606,-1.1291010218681437,6,0.14904269893958236,0.0,normal
1.9569464311225482,4.45447940964077,21.14333022724375,106.26483877107543,11.232947561841108,21.309569802918013,0,0.01658144318866831,0.0,fall
1.8938652575424249,1.483330810448578,3.276994658491128,87.02869304655118,3.5407512641942245,5.283039697563588,32,0.9675455740094805,1.4309898787600355,wandering
2.5936091976385436,3.16121407179176,8.841479520040647,105.96777469220171,19.488680333133967,44.58667254671283,6,0.36867238732023955,0.2488879939053642,distress
0.9144676814392532,0.09498486846054187,1.0617557906388957,74.71567025487704,2.597137034139945,1.7464652049388127,0,0.10224066406948261,0.0,normal
1.9216121452504389,3.6919274977836305,24.122306752152348,92.2864264892563,12.802321111688737,22.96114246400704,1,0.06770399023196569,0.0,fall
1.241469000734368,1.1237622729647194,2.183916830975057,88.97336620123565,5.206395114371644,14.829425443701215,39,0.9333606606738692,1.059799353439931,wandering
3.845013690818895,4.020362646121452,8.608421067632253,108.20186190996773,12.108083255984369,43.895537932245425,17,0.33905693536746573,0.02226866802077987,distress
0.9886510060402828,0.05877472240230518,1.3135955350018953,71.1829384978127,2.634840060224124,-0.6158692778569637,6,0.024597088717159557,0.0,normal
1.9294149945688748,5.19429331023726,18.59656315555865,90.65603198750202,14.744294649459139,21.670669530984526,2,0.09479152745224288,0.0,fall
1.610140611374571,0.5589876793480539,3.765367710270729,92.56591923002281,3.6072330696934563,14.189066978646855,56,0.9255042125354949,1.0697247481470724,wandering
3.2170943216007197,2.178348846989757,9.804834270761393,101.91374330633145,14.93641141144476,39.84920799443444,5,0.4844865037313817,0.06671286227799789,distress
1.0938040836396055,0.1822682387271805,1.208712853328664,73.00449005683697,2.0723732275664997,0.5528578579943542,9,0.18520792037865946,0.0,normal
2.328232780977663,4.626152072124004,20.392059544217897,107.75747024340261,6.1154340241189615,30.532621436308258,2,0.039588301932342175,0.0,fall
1.8409995467342204,1.3600692313135356,3.472603155530543,92.532870366083,3.2796256150882335,7.709855010873065,35,0.8731258289959942,1.4908811855300863,wandering
3.1005898254684374,4.324253041696044,6.8560337866499825,111.81278688943837,19.015305881237087,37.29557683498689,15,0.5692154450994182,0.2521108711255257,distress
0.9886203223538594,0.2298049130844133,1.1348099209784077,72.78522461959054,2.6182564736777065,-0.6779080551693628,2,0.19586692491212954,0.0,normal
2.5679168949479143,5.303199207380316,24.338551378888965,95.89691225359294,11.739899002166354,34.65529165022602,3,0.03156727618866241,0.0,fall
1.2128038774050818,0.5341352298830537,2.5841519172362553,94.91157747477499,3.2325821844036624,7.729560171975132,54,0.9072121071801182,1.2732783648019808,wandering
3.8823219910128675,4.371003806750771,7.672640576176872,115.2903984991932,13.97426574650445,19.83021172411417,7,0.5217999484402199,0.297810104067332,distress
1.0733118630876914,0.14331982342023503,1.2668972799334768,67.02940821427879,2.9011697526792624,1.124266775044732,2,0.02404689963942315,0.0,normal
2.1987265912784197,5.006071770122537,21.38760451198808,109.20647031527807,9.925303488567026,27.573932795796033,4,0.038478028370713846,0.0,fall
1.5632315103523746,0.5807878768486622,2.178840498614078,86.10798523298755,2.3632057490505796,13.903952869620714,56,0.891795431858664,1.014937581400011,wandering
2.498884323131608,2.3749351643980168,6.608634990597009,113.6950730274562,15.165203570407034,19.478032647426176,7,0.5301069650338155,0.006878215449090119,distress
0.9902759504398486,0.21012794344859848,1.371044042108975,76.67245993998228,2.189934899107384,1.1502021739309174,1,0.18214041135350156,0.0,normal
2.6836604262246135,3.432953528324119,18.477511859780837,92.38832444102364,11.591701501742243,33.19034368550895,0,0.006179296809557456,0.0,fall
1.4822990657048525,1.4453961242373072,3.6576523257365565,90.61834150168151,2.6409023578963304,10.728915439359117,44,0.9473910402315475,1.1571158642724577,wandering
3.3569726426915274,2.8334234270524896,6.9187728665503565,108.24923865239882,10.5418449971621,21.095778387793953,18,0.5918223016674549,0.30885050258422386,distress
0.9304006327368837,0.21042018979879956,1.142277106203059,76.94203759699782,2.4270170904015282,-0.07258324461064136,7,0.06750024443842328,0.0,normal
2.5113386717099977,4.152087248628923,21.612482577287686,100.47160881136247,11.24313003552723,29.052558368590372,3,0.01709961651478501,0.0,fall
1.8395666902862065,0.6458697484056823,3.1857322912916763,86.90896363660804,3.242800454596271,7.089340174011129,37,0.9142972731305501,1.2362235510448762,wandering
3.3511616176875108,3.5717530179087826,6.954321491144874,102.42866738896828,14.455953120658991,32.830991353231,7,0.6055911411602573,0.06966964340063397,distress
1.026846336380068,0.09281638739853505,1.2136174024617703,68.68675751628777,2.3156292411320925,0.2298875664708051,8,0.002614860700291977,0.0,normal
2.5926348241577943,3.502182047267382,19.129373967184044,109.31505078203625,12.666742436014967,26.462495476865378,2,0.0667396016821204,0.0,fall
1.4969984007798895,1.1198848173428817,2.5871488623268553,88.25266888886983,5.499267132535109,5.930462948686267,59,0.8993782217156835,1.3864331134564643,wandering
3.1531026157138906,4.136356897311749,5.749848363097529,117.63928283307234,23.8769315344506,40.638653703325275,16,0.33480114145053114,0.2468322463718815,distress
0.9917682203808117,0.2712119550835229,1.0598333561211768,75.23463616730908,2.613936616368902,1.8571412886792142,5,0.05328892483987124,0.0,normal
1.6174519479859324,4.05126456725307,19.9564491969496,94.06424562200831,10.631235623205908,24.6651662905101,0,0.08056720733423425,0.0,fall
1.6049623787331564,0.5664460883340021,2.95977065664259,94.18981592196907,3.2542104891409442,8.913454567990607,47,0.999462020827304,1.21419242782736,wandering
3.200924886044784,3.3387495330565664,5.268502822511072,102.49714240810025,18.209406981436675,39.01210544028156,15,0.41249329626031694,0.05151544351175552,distress
1.0633082869405204,0.07739546189818598,1.2110338860934409,74.50124517812068,2.0477103124766627,1.0899913104705332,8,0.06469949911874158,0.0,normal
2.6732599785398703,4.222996679069502,16.065011527599474,85.94979379056907,14.052093393095479,27.87604780085281,0,0.0781888557384008,0.0,fall
1.7486631818991765,1.1942265503072242,2.0627884548863094,89.49072972736924,3.955110872030834,14.162322975189825,40,0.9323002989832331,1.2565201906973653,wandering
2.6804452421880645,3.903161557360403,9.219752954775792,122.52674261920734,10.976447378984197,18.126451273293867,10,0.4499708395381642,0.04203446005035283,distress
1.078140680105388,0.23827601695970319,1.1002031216777377,68.10311643217285,2.885278439558661,0.43011519332597814,8,0.12581076759185914,0.0,normal
2.5738014720446483,5.925559502211298,22.56123220649837,88.85224255507838,10.595719532645765,27.478996626789282,2,0.022598014571007366,0.0,fall
1.5906813012901928,1.1038289404013764,3.0996579996935503,81.65156423176,2.3515074243868286,8.18903962667252,42,0.9497037274793104,1.0461684521661727,wandering
3.724586766410525,2.7696493391349177,9.9204727946393,119.98898088926799,16.751307583281033,20.248304439874794,13,0.5346922426121659,0.3483392165300929,distress
1.0758796040448573,0.1355133233764133,1.2902504944700033,71.25296081433514,1.7078799217993623,1.3899442023846618,9,0.18941468079756713,0.0,normal
2.1105278146194513,5.6496825028318165,18.06932902794413,88.84421775075016,7.898931961088451,26.815839545574782,3,0.04013118382843,0.0,fall
1.3185956328194315,1.1176115803876567,3.867391901741268,85.95519911880663,2.752032514600241,7.356362104232233,39,0.8760462101963105,1.1987747661696293,wandering
2.136669443995454,4.151048038103812,9.867107932384068,104.20778958811015,15.831794203545956,16.60411649984249,13,0.36582405901055387,0.3299048168706339,distress
1.0594418083878867,0.20056438532287268,1.0697114793832085,75.62143141123886,1.0782537713865519,-1.0490415100227235,7,0.07635422402459112,0.0,normal
1.7228816835503427,3.124403769756389,16.098607405726042,85.96246853853108,14.901702749409575,28.60507306899803,1,0.013888554119466568,0.0,fall
1.4751649616234044,1.1254161489560621,2.7719782742243955,88.18068803658929,3.8429283606594584,8.443566713046806,58,0.9771114731759792,1.0372924507650898,wandering
2.9399997492807133,4.430325481426227,5.215828418118408,104.33332397563971,16.94490828642186,41.9725940523506,8,0.42602806589495973,0.07428117635549109,distress
0.9354258944793535,0.297208838939815,1.021233920372671,67.33400139373384,1.6974092483191476,-1.6843920011662301,9,0.13183354672441233,0.0,normal
2.4097692943439037,5.184241368164736,21.131634226394944,106.35345361040265,12.085389877855322,31.48099317799627,2,0.04878772195516441,0.0,fall
1.3192427700318332,0.7201920900700991,2.8521445813640964,85.23880351804944,3.199574602464195,5.7892151246714825,37,0.9708160790252583,1.231488924397983,wandering
2.405711016271769,2.119696351375524,7.6246784534785235,112.59573772152511,11.089427201002115,32.88524880876754,10,0.6635974480980792,0.014954105208043078,distress
1.0251673256832698,0.2242064113782708,1.1978509729310438,73.56506809863762,1.6449775882613837,0.2986518922135213,5,0.16237424273725792,0.0,normal
2.3225435512955244,5.50646959697627,21.59661258491966,103.80273634511195,14.544105297564977,33.47406270960281,2,0.008361128798853246,0.0,fall
1.6218680653554163,0.7125398822134045,2.406621819268247,83.2690024181119,4.040345728907373,5.461543382640599,38,0.8116850515684179,1.2969319497167826,wandering
3.155677209740767,4.919136046087531,7.895786985747746,128.23340306895858,24.26862840262433,43.38404282850139,9,0.4660214978781961,0.1745694889648185,distress
1.021673772182993,0.06877304909713979,1.2717631381810968,68.55961697326642,1.6545451777582627,0.6786322530175881,9,0.163599710080036,0.0,normal
2.7522484679002632,4.722573792292502,22.883957694764995,101.99436529862686,9.53740490757799,30.43257684455837,3,0.03062019469459394,0.0,fall
1.2221718761650802,0.6903134330667939,3.5402599218536297,85.19668640174828,3.9883359446841893,13.684893522436635,32,0.8947317752675058,1.497449333159049,wandering
2.626151064350955,2.021950839932673,9.054588355934593,106.61346844973056,20.30727495355162,23.416991689978964,8,0.6615064765774967,0.2934414579451138,distress
1.0182957609756804,0.16439997765694314,1.301313090067292,69.98374973629689,1.9213302496656857,-1.7089910576657097,0,0.11262359941007556,0.0,normal
2.4574977164651264,4.231835512869513,18.35352840030376,91.51019419022695,10.3434001472564,30.14114148303151,0,0.037729458648336114,0.0,fall
1.2737686785466937,0.9477569061027921,2.6443454086736553,94.06155037451676,2.134423051952227,6.596470548024982,36,0.8108346754144737,1.3766030400952975,wandering
2.69218410192132,2.8591227874423573,9.91158372130646,119.94820996887249,24.27578881127053,36.08616127019803,18,0.47236140172523844,0.44396313147213085,distress
0.9506283312340809,0.06556655915184513,1.0363100916695576,72.13752377126657,2.1893876316281156,1.0614613529208787,8,0.1615438709606208,0.0,normal
2.658101248483674,4.385875477038443,23.85978175085642,95.13536579099303,6.626735418565155,31.514814093097925,1,0.0667638800447792,0.0,fall
1.9876371131428998,1.4111573441276017,3.39282831164527,90.28404759400094,4.059960338486055,13.639420737195655,55,0.9257411392745183,1.1585989310236993,wandering
3.909754648184176,4.496454199795069,8.841554736430513,126.24847699682829,11.422420809921018,35.55802390576226,5,0.441638539726646,0.39331888410124927,distress
0.959335953845227,0.2208562234716252,1.212370605953593,67.71021470064377,1.1505440260127355,-1.7289603504264703,0,0.14044159023109534,0.0,normal
2.7322179621183054,3.5339287028922106,19.90412852783241,100.85983174448756,11.799895426492672,25.637374642061015,0,0.05081421856293601,0.0,fall
1.3311790002405248,1.1672449481894835,2.0755324991537,90.61103429559498,2.791562261516317,7.574623685054118,34,0.8884904886416796,1.4005523056616853,wandering
2.544965549459035,4.361112255368942,7.509858452709324,100.08946905880761,14.338563014498774,22.148139663466058,13,0.6861509242755705,0.3009467927418229,distress
1.0032318995092406,0.2813216368204358,1.103825411843208,71.8667537889108,1.9653550981462946,-0.27477993796088995,9,0.07510972927928897,0.0,normal
2.768432207082678,4.321216234008977,18.831405748894394,97.33790692275173,6.608040804951428,32.875595043366125,0,0.06296986046907056,0.0,fall
1.6457665182304224,0.7748509703142054,3.960813628861348,85.4278025324305,2.2008496834609415,7.688370073682069,41,0.864597666289189,1.0789946734022997,wandering
3.430936707349457,4.340265451784446,9.674817838606858,125.89056096160712,16.119084892798714,21.471626884462783,6,0.4603761945673843,0.007565573763852529,distress
0.9219726405706112,0.20320251319278204,1.2028561569660412,71.35678612051007,1.5536525621909063,-1.3140046900296163,7,0.11202567103180586,0.0,normal
1.723712836977759,5.648208030846619,24.334178153926047,86.60106390356334,7.886032002440304,30.10745329850168,2,0.04957631949249354,0.0,fall
1.9217176455065457,0.9423950432669016,2.0273646814107096,81.06419504316207,2.591910608573369,10.397004561168657,42,0.8919994380607807,1.1676134642714004,wandering
3.590215119517227,2.1787676614957796,9.712346815117758,114.50776410262098,12.734700435336078,35.39269353822169,12,0.6007589844413315,0.3686363756307493,distress
0.9924163570068019,0.2988286400086804,1.44502706978151,71.12368304600355,2.2138104263985676,-1.1209018367149768,6,0.13895916670519895,0.0,normal
1.962336952464992,4.973217865868879,22.814982177732535,93.8567065333973,6.798613147211339,23.307214729097147,2,0.0017348190894205806,0.0,fall
1.8163269761647383,1.3341930036701433,3.2876293590850407,94.15079158290972,2.9277311844759715,12.909701919713036,49,0.9995099507538614,1.4059536618531059,wandering
2.6101297399427277,2.0587726025230975,9.579195410438665,101.80788313177757,16.05952172244305,44.98888823989925,15,0.3126049353279035,0.08825372932364867,distress
1.0629698616249788,0.11827952061914455,1.0655756528783633,69.99392214482323,1.7416092738624749,-0.05588412341388782,4,0.001159722363166682,0.0,normal
2.7577805931466406,3.0056780011751956,21.641533719432154,108.81200413885406,13.455812579838122,29.787056324731193,0,0.07520842673231043,0.0,fall
1.4181945233748126,0.8987361469646639,3.5351857127179516,80.63408645102969,4.031081068164978,10.757688484345845,52,0.969791984429903,1.2908147665278313,wandering
2.296969365088951,4.815686484630891,6.933896550281389,119.86493842736998,13.006280604404703,43.130754519636795,5,0.32430553414445296,0.3892940465807534,distress
0.9431724451898627,0.2751384286585862,1.1683180265878128,68.37551840979079,1.4854622373005155,1.4639553897840591,0,0.16979734537082594,0.0,normal
2.5442465337990594,4.938445290877713,23.20238308742917,104.26781500039358,11.987027858924579,24.810914037516188,1,0.0274852743571712,0.0,fall
1.8834605721922362,0.9676969514249976,2.4955545417577576,87.79271988791834,4.261910553382962,13.98183342393606,34,0.8898634085800954,1.3541542963982864,wandering
3.9935653896202954,4.1552162420689225,6.6808952852979475,117.8609600438592,21.271673135355464,17.412422966341758,13,0.4882518967005037,0.25488565871698476,distress
1.093774777026036,0.10280317311877353,1.1129820356459026,70.13282676897666,2.4900696262197206,1.5181629393053488,9,0.05618362621124107,0.0,normal
1.8574941694473561,5.510210851220779,20.802388948205195,95.49490667639319,10.729537051008446,24.683081823296785,1,0.034467302020594885,0.0,fall
1.732676399552325,1.2595818177793896,2.7564817314295067,84.93264870765441,2.532943455701584,13.747248558099159,54,0.8899962591204086,1.1510915538076074,wandering
3.5392709024062285,2.970369274161255,9.31342959875959,119.59439747211738,13.898889944765033,19.61406743211908,5,0.6593495560330858,0.0022326817348295447,distress
0.964750340041331,0.10915556018384796,1.0920525135726642,70.2092115107449,2.4022816302381003,1.746733832978749,7,0.04022410854883205,0.0,normal
2.7889921704149083,3.970817307249069,22.057832903375544,101.97798216440813,12.504427745043893,27.25059387298112,3,0.009745150890886057,0.0,fall
1.7168226104522084,1.3473388622178806,2.277990838386568,93.68774479667614,5.7842815728731285,8.313443308533369,30,0.8175315202061567,1.3428040421721736,wandering
2.0693818605174616,4.578761365329976,8.97264847377838,124.70287052133406,24.136103635720957,28.816890122076153,15,0.3206322943497615,0.3261213485425155,distress
1.0283633593861952,0.13343930737402954,1.1606765471573497,69.97750723837567,2.4319299883153525,-0.4951042199612097,4,0.12012820646013803,0.0,normal
2.627615401769807,5.365702518495077,18.370372250881815,85.12940420199749,6.2688618323134015,26.80403285965334,2,0.08157042722847635,0.0,fall
1.3470666728203287,0.9185830363911522,2.2745741883057216,92.23197996321404,5.668285947919788,14.258252724964523,42,0.856738172627229,1.0441503848545726,wandering
2.133997643722566,3.844978456753328,7.982139917806972,109.42852925567198,24.765209940401576,40.64490481513952,6,0.33811277783343135,0.05988850529702905,distress
1.032530245197655,0.059542754764058056,1.358779281651591,72.1962087810301,2.4292603280878255,1.2529866366983158,4,0.09552695074990258,0.0,normal
2.5936929498073056,4.915597594603,16.46466936662952,104.69648276832316,5.018754909786125,23.268921837956825,4,0.0808557501335514,0.0,fall
1.6884546783701115,1.1400472756491289,3.7402227277009406,90.49486553919124,2.5797686942705154,11.326457780333591,48,0.9109347776716289,1.4770735721055137,wandering
3.5597846512102906,2.2993218477370387,8.644427982218723,109.48957900347688,15.490834207384685,42.66132786190518,13,0.32717866486198266,0.2042234452167131,distress
0.9329917604716061,0.23257527226121155,1.2073783771431628,72.6018846995347,2.3380654379986296,1.2668380013099507,2,0.17326614739894955,0.0,normal
1.8900708966577247,3.114218978629083,20.438883261130073,101.27005400473493,13.716408429885199,24.270030173540825,4,0.09364803859116512,0.0,fall
1.2501580367272485,0.9476353978150397,3.80123870020546,88.22750629078487,3.692310901858147,14.948582144063327,51,0.9054950259551616,1.0787424936320833,wandering
3.2552207853727335,4.251233131038191,8.304328778766115,115.44056078163061,19.04263869582887,39.67284935908891,14,0.49898672139750666,0.39222354359580747,distress
1.022169120513282,0.29381874618629134,1.4300187457537394,69.24557799285472,2.1019761531260097,1.7001235683519123,2,0.10463103090082514,0.0,normal
2.126758481897612,5.701135979056575,19.335513805285114,94.35597849585398,9.361768148898207,30.610258728093733,4,0.04275049718589202,0.0,fall
1.5886226089156241,0.6943213228521489,3.3155620772842442,81.38705787846362,4.640349521196818,5.2071189701629175,36,0.9172884109160774,1.4757965407378595,wandering
2.1538225924487877,4.450295542316022,7.929725672532189,129.58454235903008,16.88718004238566,22.52814103107481,9,0.571307171584662,0.060885921032396706,distress
0.9734365063832744,0.07654185939565618,1.491553881962937,69.66653128464854,2.898252380027885,1.7858892683165895,6,0.12735775663522164,0.0,normal
2.4703936187747644,3.6399204418204256,17.233440236857756,85.89102572884737,13.308608618494814,21.43141116471957,4,0.02894165491640771,0.0,fall
1.872361757300748,1.1864682757669185,3.494301190218496,93.2209112420005,2.1482880853691433,11.089552272090758,49,0.9000333651057314,1.3574358829161133,wandering
2.055746690443873,3.7706176071267814,5.900588784385018,117.92468781667006,24.00575860752067,28.196796010409457,15,0.40973568234056973,0.33001432655475893,distress
1.0046310335054585,0.24220394035428816,1.0344892953577933,71.40083142433087,1.9319566220799465,-1.0336229518089732,6,0.19282686302110386,0.0,normal
2.73427216192456,5.347383861414141,17.369368369594977,109.71223426922924,6.555915498587562,31.493540269602956,1,0.0880405042446014,0.0,fall
1.3285082655975775,0.6281479603698759,3.3964128379537555,91.0561194352315,3.76119725306822,14.425680992761512,30,0.9396460358919149,1.3852835781344284,wandering
3.0746460524124974,2.0500084863132555,7.645966879448187,113.99697689946463,24.709852492042806,42.13162379406995,18,0.5952956651526689,0.4164015125570646,distress
1.0526217898021553,0.20933821211521608,1.2379808440386717,74.46944649621759,2.196854611579714,-1.4593097824908643,0,0.023195246958220353,0.0,normal
1.6187590676819208,3.701250590849777,24.358218932996206,101.53544332954607,12.163194141380226,21.790436887204322,1,0.037619491748341664,0.0,fall
1.4509168399706842,1.3438202214113542,3.702398378621128,86.58843290659541,2.0302321539470283,13.971040488016875,54,0.8529706552220897,1.4670700987200043,wandering
2.481085920549944,4.882507207380659,5.529839822120257,111.17973888480914,18.20128818937454,41.82416119195291,10,0.5090249357096466,0.009234795505539795,distress
1.081021269811104,0.16852946769683513,1.1009117562609503,67.5738294355797,2.402950412418713,-0.986926034313719,7,0.07489938290715122,0.0,normal
2.3992176276420114,4.329387720006495,20.88947467335531,91.68302481482365,10.280883754661225,32.175560030523066,2,0.07249524573425782,0.0,fall
1.691575646278004,0.5345044306938977,2.8164654037976398,87.30593665064788,3.573195565904297,6.8209232278898675,47,0.97341948048283,1.1273428732599358,wandering
3.397343993161906,2.615022110375844,7.543984790720675,106.51706135271822,24.00552358184157,29.461495977913536,11,0.5409588869692881,0.300299002230551,distress
1.081699481866923,0.26177996170536316,1.3177421212260536,72.70800521812528,1.262730266645748,-0.43007033077853274,1,0.17525933493893656,0.0,normal
1.5426341370418295,3.9489520226549444,17.03371764772811,94.6010964516129,14.598187269301967,34.83738690469396,3,0.015292561037160436,0.0,fall
1.5170442658891226,1.3589703436565168,2.2690188154374438,86.93087298432208,5.343350943489266,10.902448348668495,40,0.8808349110581535,1.0576377863503468,wandering
2.9157088226171535,2.9312923749148534,7.29091348169934,114.2876897948348,10.015033202274047,34.132973464505234,15,0.33666996465189203,0.07942573501492622,distress
0.9039128434535477,0.09033494321419715,1.3544618967822801,75.92521634113768,2.447717640317984,0.08874094128109,5,0.09535709167925109,0.0,normal
1.7585024401510212,3.0521956393836405,23.571997586065052,101.17339596459418,14.791924513866228,28.498881375496858,3,0.001074482712832847,0.0,fall
1.4563445767415135,1.3425684711696435,3.0744022013381036,94.06284162825793,4.5316465437688755,9.337790960628716,44,0.8757554017555188,1.4307000905323348,wandering
2.842380429636852,2.1411730492314334,7.115145736054717,121.43295212922473,19.508696824059474,23.25821440090592,15,0.5595155837088717,0.348181835391332,distress
1.0061813246383675,0.06832345214803785,1.0346499123892348,70.55895628455755,2.0996182566741544,0.4826863995002215,0,0.12273754398544717,0.0,normal
1.9987491245004176,3.0703494320830846,22.59098893000836,107.46412111216253,7.941005663073116,21.54786959887813,2,0.051412478078564486,0.0,fall
1.9781438392512287,0.7473020500801405,2.852216527520717,87.288101488183,5.966864366258976,9.27024271495143,53,0.8613721775308066,1.1586299575705605,wandering
3.006424538614679,3.307039204722622,9.09086653446025,110.65455166552303,10.212581783451544,44.01175125250373,14,0.479470496886979,0.4676995250167,distress
0.9026325555653488,0.15925730356131151,1.3422310146451772,69.56177649859517,2.480376452746106,1.649572173105637,5,0.16410409944623083,0.0,normal
1.6797030624697602,5.422914953557161,19.327483420341903,103.90799757414291,14.023973141915597,30.479925158146415,4,0.0624499971103792,0.0,fall
1.8515054029688574,1.0378860053964964,3.4833018015664576,83.0673442106264,5.397635271286941,8.78841834445699,54,0.8029596671885311,1.2466747034960106,wandering
2.9006436581024495,2.155153546757242,7.9706575449229256,127.094936189635,13.305998131102548,24.59890723360037,8,0.370325464784774,0.30920567052367764,distress
0.9639580226657888,0.1370648171814023,1.0201790495815544,69.30009247231742,2.4301172769571897,-0.42991689902693375,3,0.08466411009547514,0.0,normal
1.8685831420903942,3.493407093264053,21.422048365994492,93.55145815648044,10.607239492263233,31.07746795433424,2,0.024839341991378883,0.0,fall
1.6370272506297674,1.4029769869679134,2.687306014314351,92.8877611501644,4.539275905947697,6.587062086168345,35,0.9418593250399587,1.428082317299136,wandering
3.5328846146177857,4.5357071903521025,9.332258966709299,122.28589759867607,18.774288306995626,32.993525406003485,17,0.31669597793356136,0.393034360067948,distress
1.070482395504383,0.24358097614315205,1.4755818978408624,73.2376955118053,1.2036146549145066,-1.9765417194289578,9,0.06936262248152336,0.0,normal
2.6651862871154255,5.921355401773765,22.602365093825398,90.56436272802709,13.52051782844815,22.410081008755355,4,0.08249368041328514,0.0,fall
1.4746804525144797,1.4129853481884607,3.3064404213814154,91.8858092604787,3.577792710421303,9.51950584541612,34,0.8548495670774677,1.3234700870949887,wandering
2.246394119993643,4.241308746622413,8.2388981767279,116.46211922245129,21.55142344210532,32.61736577491618,10,0.4518995362949231,0.030642677161990872,distress
1.0591657869190285,0.15993416413432848,1.1428288808976683,70.6517355084725,2.237357002389248,-0.04157577219678732,2,0.11555530586551854,0.0,normal
2.1017195632376366,4.777548896551238,20.25347390519137,92.75270425328311,14.025922833618914,25.090638524818416,1,0.039015963923691346,0.0,fall
1.5473323240779928,1.3168317577298565,2.6184690066648812,84.53254884642939,5.564924987369007,14.84882978740026,51,0.9431753990172312,1.4552483340331739,wandering
2.396136195985309,2.6972976700773286,5.955490883096025,121.77243534373044,21.028709383009208,40.474596980645686,13,0.6335375019872674,0.4547310636326848,distress
0.9889271103541677,0.1751793543414799,1.1092487240794444,75.41390887379924,2.632547156648725,1.4579275609600857,1,0.03220432725943247,0.0,normal
2.34429248580224,5.264145675936684,18.78640651759733,109.63217389232358,7.00190184309569,21.214605627920392,0,0.010541103121668172,0.0,fall
1.6520913376961806,1.4580971927086286,2.344014516376271,91.92498955380157,3.180615279800115,13.804509720510076,42,0.9903875283809299,1.380512475796378,wandering
3.250316069528055,3.1911179874122473,9.515137046118591,126.88324917899098,21.29609864723946,31.905499757762932,7,0.41636445224484975,0.2410480195019698,distress
1.0777236441434017,0.2073529608079367,1.2591829422575471,67.54915891461809,1.2864298982536364,1.6012755037309168,4,0.17512113305335747,0.0,normal
2.1502244156519517,3.5668790138746562,24.534452887168005,89.27095616465861,9.61587512570097,20.82251570629555,2,0.0019237011314946042,0.0,fall
1.3744343791950684,1.4790538648202523,3.5382583451969194,93.05369458933166,5.3059266591158245,10.947075385567185,35,0.8435875578936103,1.1840033430616135,wandering
3.747297498623372,3.054606176243486,8.868502373462372,107.50429984240766,11.80194950620288,32.00290569725374,7,0.685457939749989,0.15126318049609677,distress
0.9656601380189389,0.2625410835109851,1.2161955176152839,69.52840539295599,2.8392700350454962,1.5346122986985677,1,0.148958045542234,0.0,normal
1.8501730818622948,5.959611173919795,16.685776708109795,87.52870573480386,6.040227335327767,22.378141180197794,3,0.09514259367254013,0.0,fall
1.4759411382292478,0.5538444839622281,3.2599266020735085,90.39749461024539,3.423327129020865,5.399541895781148,54,0.9193561092447418,1.067950445130692,wandering
3.9434432918905977,4.794114485581183,8.76101029118309,102.95735649117202,11.099730396471173,21.482140040901214,12,0.41146484985620463,0.08520751889688499,distress
1.048386463035496,0.2253797854652626,1.0774059339344566,70.72522583287866,2.4818073347551652,-0.6547373388324056,5,0.14171321945698953,0.0,normal
2.6729321883824726,5.350596812351871,23.997018620221557,88.07925339564693,12.138119366980737,20.087566284307982,1,0.03866805381136715,0.0,fall
1.5475038417080191,1.1030977663339299,2.5739660507206032,86.06042670746834,2.24111795415194,5.0574938289943745,30,0.9647167643196646,1.4037137277268799,wandering
3.5084439912326273,4.201487819541453,6.919781876758129,108.58469977199186,12.5220603744044,32.34000481287559,19,0.6047449798246378,0.02496428310670601,distress
0.9102294365864098,0.2273579008846458,1.3283915245098392,74.85974008488276,2.1891689926437063,-1.243626396371475,1,0.08883939994505333,0.0,normal
2.5721824440041505,3.8051096361913506,19.69391386295942,93.7694079687951,7.024265253904569,33.04162782009376,0,0.06393455570762324,0.0,fall
1.8781206941316138,1.344682199773573,2.7577780925232482,93.09830342397564,5.673297027107936,12.044342818888296,50,0.8439784453005627,1.142383560615851,wandering
3.2196726537699503,2.495644205040593,9.975283440836579,119.82294177080755,19.56972132230876,44.69540704401868,19,0.6294813386077973,0.32477130450930114,distress
1.072266245305531,0.24200936824339497,1.281399445337012,73.41834621700504,2.9029376333446093,-0.6082325245493108,7,0.047515016289767,0.0,normal
1.6921156045908172,4.046601520248644,18.819349070371246,93.74230093602515,6.13616944755956,26.864616866641555,0,0.08925770954412805,0.0,fall
1.6976588780108368,0.9928450175488279,3.1721339568784135,91.69567446302841,5.560974950105333,8.388634039890139,52,0.9025809158382877,1.1070345517710667,wandering
3.047384164377244,2.813156364005672,6.554584115425877,100.64224487439179,10.8712669997105,27.151541181199796,15,0.3888849837920678,0.11100860939577856,distress
0.9927126142273819,0.0664412930271061,1.3051328717597643,71.464305584114,1.9324534116716043,1.8125341609447165,8,0.04796057311538515,0.0,normal
1.5105450574052957,5.083449689375485,24.392742938159913,88.4531276450636,5.299275193952192,31.92018550616359,2,0.07023917065341308,0.0,fall
1.2391780315245404,1.4980826786996397,3.593131115353482,83.69192153280886,5.476849114569271,7.058646428649902,37,0.9133212556656027,1.2377022411224323,wandering
2.670241522426299,2.875010504158433,9.908487210706411,102.95633851624753,17.4507394200289,43.021169636011166,15,0.598411767244136,0.13146055419574287,distress
0.9001343627154664,0.2189030314195028,1.4051730802042328,73.2766638863254,1.274058089564667,-0.0590219821546345,9,0.0007853824369318474,0.0,normal
2.3482520598043477,4.375312839138599,24.95705120788078,91.76501379223512,13.222078315581618,24.74374473468196,0,0.034439719358788826,0.0,fall
1.8524236569750325,1.2183318628479411,2.662293058393736,88.46858968267325,2.5586468901728674,10.111082177084446,38,0.8570906764207196,1.1656433798875114,wandering
3.7317549258805816,3.589783284675738,5.3652512780331865,104.9135154836168,17.480070414117055,20.187485934876484,15,0.3782920718187341,0.10866239269622163,distress
0.914231856534015,0.22342175232660244,1.2696281482460743,75.07629707657813,2.9683581407415085,-0.7822868708985915,8,0.11525992852656196,0.0,normal
2.446333960675899,3.3128364326004496,22.463257710875926,107.26039833101382,11.921263148452011,34.271804964184966,2,0.017241235017499235,0.0,fall
1.3823106282308206,1.2412482871897277,3.434986461240781,88.88661630890792,3.5716465898368064,9.918469126815172,38,0.8322597884233957,1.1840089588303027,wandering
2.7092917005393704,3.357444314285862,8.152765635916834,117.63519861457058,10.844732077431672,21.273238241841725,5,0.5672452563035919,0.3589376807513242,distress
1.0093255092114957,0.1961898419873615,1.4473039756400414,74.51768098053327,1.7250972944165028,-1.575241282080687,5,0.1470847045850718,0.0,normal
2.038198170191852,4.012551135456669,15.589776503238479,109.12066186438753,12.145949821161409,33.95163040582638,4,0.05593181170543901,0.0,fall
1.844190777679856,0.8902035081888178,3.828536882555154,91.26860332340098,5.449776291319642,7.705899319263107,34,0.8517764282003777,1.2577035760056205,wandering
3.7134039675451382,3.965060011671879,8.225168531922781,102.60638880894783,19.11732090798307,36.03175750655798,19,0.4122179097047154,0.13329183552706841,distress
0.9004585370322165,0.1930833992867289,1.223825426564356,74.62750537772841,1.3113169098399455,-1.6455058561246307,8,0.14468644899262614,0.0,normal
2.043864140171634,4.280382481524857,20.69358574874831,102.21054783909673,14.766651094566397,33.62215955821002,1,0.0403770295462544,0.0,fall
1.8313911785306858,1.3876357731741156,3.9782492645057936,91.42372206129671,2.3018399807817675,14.953971855127815,37,0.8602063137071747,1.1363069609158067,wandering
3.0167824607921636,3.168226867807104,9.422715452083876,122.7384244518282,15.0501349459104,36.584688187768165,11,0.6648399530439343,0.039514999095590086,distress
0.9223309582878116,0.08875128020332985,1.0472457306070506,67.07498085068669,2.8086931002833406,-0.7903613910500518,4,0.11555857768274394,0.0,normal
2.09668744112595,5.222000234072664,15.78126877245568,96.6278248917935,12.293520383794553,23.234437190659282,4,0.000846689335980988,0.0,fall
1.4423679523050152,1.0713380737820186,3.4587017283007087,90.61297007405481,5.147427648146271,14.233588565322286,50,0.8801545261623398,1.2669451868150179,wandering
2.6452559016961095,4.198008935915498,8.021161031063722,107.43354436227729,20.00822689420962,42.8073590313103,13,0.32512323199607224,0.3331024396406726,distress
0.985971380456971,0.2925739046324387,1.239625659596028,67.07616986597259,1.558857622624155,1.1015373333373093,6,0.03685297914922712,0.0,normal
1.825904788795,3.0563876672719275,22.402301824301443,88.40633824074992,5.814023928515427,28.344502030327924,1,0.03500330209980566,0.0,fall
1.732861510268957,1.044684182064913,3.8914005666948475,94.9206325509872,5.4122468617435935,9.752693882491704,35,0.8909850108448029,1.2826211309124895,wandering
3.343326503584276,2.0622184898933527,5.267593473404247,125.35006945250609,10.004491892487968,43.75869545824192,12,0.582055600002279,0.44243237590546086,distress
1.0355996676688748,0.06493685006628781,1.0806402667894108,70.43477922357296,2.225992925694455,0.41679943367477934,8,0.11355138174522249,0.0,normal
2.7917308125288116,4.843448281696828,20.976755594814907,94.88362791759343,11.492360539231527,33.80260644552491,3,0.06749107275255715,0.0,fall
1.460484236371614,1.2483491549505943,2.2065547257107028,94.38410242328123,4.076985011493415,7.939048156370392,59,0.966612482695313,1.0015734484149927,wandering
2.6489540416483504,3.1286644905103387,6.991750331988031,126.63089276923951,12.359690626742125,31.078653586760247,6,0.5543322968586545,0.3229015730123035,distress
1.0728765286655855,0.06265833764973607,1.3580867382490887,68.63313127808672,1.4957486752208844,-0.2954164201690377,3,0.002361065736019974,0.0,normal
2.231826983581831,4.530914557012857,22.674518618015576,105.21360639623614,14.15268093693567,25.162878925521937,3,0.016981306208043546,0.0,fall
1.3934292259313832,0.9120383724746725,3.8779351149526557,92.74643579732225,2.7517751859233166,9.912150244604547,54,0.8235671377909417,1.1320288104157687,wandering
3.886537875058133,2.7032888999930513,5.278110523825465,107.65255112862828,23.026875012126265,40.71812869227611,15,0.4837006838025557,0.4559384861826,distress
0.9222948540742428,0.10225276642830695,1.2266230314411155,76.42647409727785,1.961400499967946,-0.6613878166941789,0,0.1641321750942204,0.0,normal
1.6649198487184171,4.4825524043874045,19.839610790051616,92.6940082008618,7.757204084568413,21.920268327786804,3,0.04291499444939731,0.0,fall
1.8375920394907557,0.5822758386534918,3.376731544577486,92.11947202770838,3.189594492263853,9.26127521426588,37,0.9705195069208422,1.4453884124787602,wandering
2.0395954280670967,4.511553766084284,5.864218631804136,111.8323314911467,22.4842323010543,30.828368556892624,15,0.5485912744183565,0.2539298467126962,distress
1.0986211783862312,0.07485118549232901,1.499439917214842,67.39350183420773,1.985415061873117,-1.5946249738559066,8,0.06398691692977519,0.0,normal
2.5459390316686346,5.375740335616499,24.93491640429312,105.09393786219012,8.121195981664588,20.34839937331074,0,0.027788087292502983,0.0,fall
1.9904520992446149,0.6404688745459333,3.1655617322589027,83.61752767796989,3.310632629889801,14.330278614753079,52,0.8211496688659448,1.2170456180219502,wandering
2.8496627454172714,4.1324625287849575,9.831825571606696,111.10160315449512,21.465962177530752,17.39839485277016,18,0.424454213980599,0.4384206845315702,distress
0.9468869104294614,0.1602773310274444,1.3875980503821732,74.87563210430392,1.1736146752512142,-0.6790512473022554,7,0.1901409577493189,0.0,normal
1.9480405961810452,5.695870431818211,24.077321691033262,105.8722149901333,7.8913271881655,22.060744432470912,1,0.0042958981018254355,0.0,fall
1.422508271422342,1.275050128351101,3.934653405896457,80.00563245792196,5.429448140895875,10.812137027805562,47,0.8590708137184584,1.2168996100822942,wandering
2.5618302470486585,3.0474495708427582,5.499997582259476,116.43397374519064,18.342493851947374,36.38735839443582,10,0.3024935232193818,0.029829233986277293,distress
0.9658158745969104,0.2539530984800484,1.2871152220851396,75.946433367734,1.8092953606981572,1.4840690162080596,0,0.18944098735641607,0.0,normal
2.979683388931395,4.376865246865274,21.642643008449582,108.80674226199626,14.863285935147676,27.206184831251594,3,0.028304950883683802,0.0,fall
1.335149864661832,1.0117195506955956,2.5529032025587393,88.45285222512439,4.462840417884674,10.30710815752456,50,0.8778006676382253,1.4469823569509042,wandering
2.0442252479919834,2.0229348064136357,7.170021966564184,102.37200329056397,13.197121474611846,37.58195606661083,7,0.33394030900827526,0.3866454779711436,distress
1.0217003441418264,0.053361149001273436,1.2768547964776427,72.1512968187161,2.2939955813213553,0.5584966678010721,1,0.14032596704848233,0.0,normal
1.8249938329511375,5.434326375055877,17.638213442485206,90.19544213877096,13.268522112858767,22.008324311223586,2,0.04533570273178689,0.0,fall
1.6988933321550266,0.9659329259524749,2.7372523613977506,83.46952107241692,3.3337576379846556,5.360022963794918,44,0.9276163914722912,1.0722792355377202,wandering
3.8434182300453914,4.012539832266597,7.309861585172282,108.13155390250277,11.117330782527283,40.68449010612443,8,0.5690163894431304,0.48506554538767616,distress
1.0013037939426983,0.09728235379502954,1.3691804538195866,70.35880046844892,2.1117530623187664,-0.9286791032617332,4,0.047738018508019044,0.0,normal
2.3251424220826955,4.40693532836919,24.89519184196392,102.24279945588566,5.550859196042813,29.724472518192908,2,0.05941125508233609,0.0,fall
1.2167469646764437,0.6786658430881485,2.514618905192882,81.94834332869885,2.9631109791411996,10.612941283128263,54,0.9329412380376665,1.1439250041603564,wandering
2.3021486390520396,4.6071737605308325,9.011979231317724,124.54531989961127,12.995904696058787,18.348788624042726,13,0.3731322202121735,0.3023743335032307,distress
1.0319803431646095,0.11794076268189453,1.3609085064700217,74.99891790181917,1.7882683922701652,1.2101973562417783,0,0.04066332358887473,0.0,normal
2.556708653352237,5.723427284743463,21.071252059295965,89.28029915038753,8.595753925664075,22.64329344899867,4,0.020426799160427046,0.0,fall
1.6058908609427274,1.3007755947839064,2.813648345939895,87.19530108661134,3.5457379192318985,8.106431786517247,35,0.8758737374163708,1.4348912419666726,wandering
2.6203787954147497,2.8642644953445395,9.65430936292217,108.98694952663281,14.94275600011812,30.357026677249422,11,0.33560839815250576,0.12247831800716541,distress
1.0832065589281383,0.22717338735416137,1.145962245733863,71.13837534907094,2.1277498408759294,1.7615432579176074,7,0.13956432686158585,0.0,normal
1.976722908663876,4.649807081492331,20.65348455441557,100.23224958466989,10.3829979177074,29.496943393491648,0,0.012117696004419067,0.0,fall
1.6746937462132137,1.289661877071358,2.24358353365482,93.1556139081587,4.850736638579344,7.0559805194756,56,0.8485039779301884,1.036642211883854,wandering
2.9365456704877118,4.063512097528573,7.813676053127564,104.76961306001377,20.25144646652688,44.22986989823358,6,0.42708335901113353,0.11933486113823283,distress
1.0977285991479586,0.1261453838348855,1.2865121502367818,70.38954148293588,2.2801255091458597,1.8924852259799616,6,0.09017850908965648,0.0,normal
1.9730844316387526,4.340186107739402,22.788706158785054,96.85469416167858,14.029583785131207,28.054156211038165,1,0.07214108870899694,0.0,fall
1.5601357630091035,1.1717797781436328,3.913738344336568,91.69699861928427,5.090849505036344,14.559793874952682,54,0.9124442240112467,1.1310995195653992,wandering
3.098190334923073,2.3472965937651176,9.040831348048991,102.5633351871631,22.92802159890131,43.05525116356205,12,0.5083569380426814,0.1929645820685953,distress
0.9736993991179631,0.16922150428092936,1.2744490788652654,67.3649648174037,2.7425038095703824,0.09563040444056359,1,0.006044527723442839,0.0,normal
2.506720962766803,4.1506613720081855,23.136250772388728,106.26410181123946,14.915300621519595,21.493483886712145,1,0.09196069466535417,0.0,fall
1.957049346542175,0.7126807737015299,2.994264506182507,81.73681094597364,5.51958710234595,13.313691760092082,33,0.991054115233702,1.3498563890834059,wandering
3.7140447153483693,2.4528809906807565,5.064366461158513,106.36812093250751,15.768996449626691,27.610615710218305,7,0.5007271120010828,0.20720192550831695,distress
1.0836743869265137,0.24245307783385628,1.4837911453393644,76.0217406570205,2.653464856689573,0.2117694842241793,9,0.04317294543716384,0.0,normal
2.0824202139348125,5.426508900469987,24.038889181277103,106.08857023367793,9.948662955467475,32.743392266088385,0,0.010172655639903584,0.0,fall
1.6502262185055578,1.2001642543003979,3.141954636666396,82.61671638706285,4.6684189841338455,9.104691274256968,30,0.9636591783391255,1.1787421732369325,wandering
3.5250308695725376,4.812901727279813,5.035325554605496,116.51324300336123,16.299447241261618,37.52148453077224,12,0.3267191311847507,0.38764015242262795,distress
0.9201589955128616,0.1450899491683278,1.019637343653649,69.65777315491329,2.1771666964702927,1.5684703464473255,1,0.10077015346933649,0.0,normal
2.7743001130483194,4.747788531260776,17.19888318573537,95.30964091854426,6.621930282834011,26.766452042020127,1,0.06927215716092519,0.0,fall
1.7069470105948046,1.01868446147917,2.579805501887137,88.18409585490164,5.753134080097765,9.668931971827991,49,0.8972954363396862,1.108520307624643,wandering
2.7088750038106326,3.811017855991249,7.634075172387265,106.44330460540081,21.634719631570494,37.14783769459827,19,0.6773309212675163,0.47820451294740324,distress
1.098773622733435,0.27336317902218776,1.161118880395668,67.05713740870513,2.7311146759093363,-1.6414463108905522,9,0.06524742243733654,0.0,normal
1.8742402211380942,4.689050543741706,17.063523415306165,101.01441311533685,11.77878737089793,29.54403104286466,3,0.0409420472561063,0.0,fall
1.4248454180381682,1.3905070172932792,2.6865263337103933,83.52259516821209,2.7175890320900407,13.03904866394115,56,0.8211066155925623,1.438228150817937,wandering
3.428389869757772,3.9212396609816467,8.97490939256685,104.77609868988509,11.168230212209139,19.088796967405997,19,0.384759572472018,0.4336530812997891,distress
1.0542017428370978,0.24899997159341675,1.2000829062181895,75.1636143972262,2.4436099539092435,-0.2757466240896127,9,0.18164627567597963,0.0,normal
2.8265057417632886,4.4743163135527,21.125724108183796,99.47500399047735,11.68014487342237,21.81031925174883,0,0.07298390428714706,0.0,fall
1.8575060962192986,1.494074746275353,2.0764248957367997,84.45029725121132,5.778718975824428,6.25799414414912,32,0.9913228847101608,1.125324761977271,wandering
2.6820798812944773,4.753628691752533,8.114904625277537,113.27705741231365,11.868731735101852,44.973916177940964,8,0.648939611806671,0.16329162763053684,distress
1.097856881266875,0.07890901014320807,1.4092477703249038,71.38722421805485,1.644550539998147,-1.0552604517673485,8,0.022231534414644538,0.0,normal
2.7285724261945186,5.292128133077933,20.905775142997648,108.83876203536487,7.931337773942452,31.83980973808503,0,0.021907529975266272,0.0,fall
1.942167236069923,1.4637575934311124,2.4534460371739213,89.63651752486672,5.953974890138212,13.447940227028129,55,0.953871170428042,1.4279943934555162,wandering
3.140277952220236,2.127973590074126,5.9714332710070375,111.86065495796029,20.193486740012432,37.551799674775765,7,0.37878180158432834,0.20295533188109577,distress
1.0021427966037313,0.05143783007855955,1.2944757733176353,76.7141325878067,2.879520491912075,-0.5604467970600724,0,0.0042631290731777625,0.0,normal
2.819113577871404,3.986263476264336,16.92703537678156,103.0204887132549,12.293886407616773,34.311936411292486,0,0.053702878023667626,0.0,fall
1.7372362830071542,1.213644901346461,3.1496106051172825,91.27121784541205,4.149740099170241,9.26367203392276,56,0.9008011113119359,1.4561965172473992,wandering
2.411386616043492,4.695410657746381,7.1531501284814745,108.43551981558875,22.971841899464707,44.225542893787306,10,0.39848574828768824,0.2930589338917231,distress
1.0990197271321858,0.24054379560715655,1.4495773670135041,70.20583769604357,1.985312305649243,1.6068630186959303,8,0.17037169155678727,0.0,normal
2.8068333428815087,3.7382194738285177,15.6589304968017,104.33220241997304,14.720770972123011,30.348901779842187,0,0.07767587006754983,0.0,fall
1.5418020874161178,0.7910133431663652,3.45395834039255,81.87541571077696,2.269818357626748,14.801161057904967,58,0.8356235755912339,1.4202470279783723,wandering
2.8620620600351,3.734791830918743,6.664677015958589,128.80715310886652,10.64518194037077,24.67698480179199,12,0.3389703742159363,0.0019174466282701474,distress
0.9419689437621126,0.05524234632457854,1.4026980106101332,75.19697344869462,1.210605238523984,-1.2172581259200248,4,0.16754468609075476,0.0,normal
2.183557723877075,3.969957502435706,20.932168730196274,98.93483450032383,14.962811513998046,25.57847617074171,0,0.01882180386497876,0.0,fall
1.8975683103709016,1.1243970808140749,3.4391864790718625,93.52915166175654,4.312331673552524,11.330341149546467,56,0.9025493619467397,1.2062508770960356,wandering
2.6115390635296034,2.7811490684650493,7.927577397589214,107.61459588245842,11.667757678968336,18.62619742188615,17,0.6351699225511057,0.40956550114005946,distress
1.0493967031457632,0.06540111334430547,1.1932593346145157,74.54887393075579,2.536126354419491,-0.6975224664169231,7,0.09656682686994003,0.0,normal
2.724983056729533,3.2345416433074377,17.920573414956866,102.14861336066276,7.482717096368841,20.703183681102985,0,0.09650455129135037,0.0,fall
1.4131032257424463,0.618000461459235,2.1498919935126253,81.64016772995441,5.313244538803871,9.79037041602967,48,0.9796848642017035,1.262285290784695,wandering
3.2619717695401107,2.8910586219652648,6.029692270146766,125.23187711020094,13.477302725116784,30.69062055800231,7,0.6112130435825095,0.4700760679887817,distress
0.9566474316134251,0.1078451440571113,1.0531712553905037,72.62812353000052,2.2692439092088543,0.5907628990400604,0,0.12537862375234762,0.0,normal
2.128624862816819,5.3468661329166824,23.682253419392534,95.18952208106268,14.93223717534826,33.80955167931809,1,0.0023235092796110024,0.0,fall
1.83075881943138,1.2115401425890626,2.7934152436861126,88.57855273742703,2.8960606318089757,5.372844518644493,47,0.9071136114795807,1.0102071304774618,wandering
2.9476750162917424,2.955765952806634,8.335208725719138,105.8869362443929,10.155077155878615,29.417435670444142,5,0.3560664381212823,0.4889751259107539,distress
0.9218648674267009,0.23606265765932793,1.182100472942226,73.42435561629586,1.3408105265307502,-0.9331962726069531,3,0.0066329513603864635,0.0,normal
2.8764792524437763,4.993808870029401,18.662063649732225,92.270568977622,5.731912148986732,21.73114806548487,1,0.011522376437906545,0.0,fall
1.6055809881661716,0.8546667993954782,3.650494366379053,82.29777689012325,3.6792938761399037,9.554451798956935,47,0.9697851537957884,1.091667084645125,wandering
2.5992248225019785,4.185413328581076,6.333287733785924,106.98860032686436,10.388771879876703,19.498142475188327,12,0.392424525485186,0.3417303277565343,distress
1.0547360357650855,0.2728609939852759,1.3728438298448056,71.91365989828795,2.9095456639758783,-1.8497211777533438,5,0.1245590601163536,0.0,normal
2.5057241106851142,4.424827565430989,21.54511401443188,93.43338200704312,10.174314057891104,24.371868180940588,1,0.06868412515762183,0.0,fall
1.975020461402034,1.4835186988479148,3.866854288256353,81.2039543118118,2.434428564081407,9.632952577005812,57,0.9357825155296483,1.451715643456157,wandering
3.2518994196268576,3.989022605099973,6.505758153541175,105.80359288930342,22.390154441258527,15.211916382008889,9,0.6642164715750923,0.2574098218239435,distress
0.9335095235509128,0.21269659657735446,1.2739372503491744,68.83317422245186,1.002657635588048,-0.5237655276403825,4,0.04726495893371281,0.0,normal
2.192229229035598,3.803187669553779,20.760813034675397,94.21114068401494,13.97597449177924,25.301310532580572,0,0.024630015699597208,0.0,fall
1.2888098349051331,1.1165002141600961,3.0732761353801914,93.13754602220382,4.301869848479454,5.198622491844781,31,0.8526408912812592,1.216299055861949,wandering
3.3684621918209645,4.580666673223538,9.099418679256992,100.63910286453975,20.39357084817499,22.309030688376026,11,0.43552784345087175,0.31350579159615755,distress
0.9347558194042374,0.280691949253758,1.1931347178662204,71.55616475780475,2.1255932237617516,0.9363414960296672,2,0.1428516012971451,0.0,normal
2.9919855988259823,5.4507929258290995,22.055794223581735,99.72371199465721,12.03941326103695,25.50490911034742,3,0.06479044205274892,0.0,fall
1.6941712930663646,0.9132634523492109,2.656741571497232,86.22997426934351,5.428843766526713,14.890183864171266,45,0.870081828111551,1.2453580949587977,wandering
3.2715932334392166,3.7074251250571217,9.875832417226459,105.0754483619962,24.764968297624755,16.38987407992363,16,0.4153263871055741,0.061381078514559984,distress
1.066891717806108,0.21713980416541018,1.2872555779401789,73.79260448567125,2.3031290642268356,-0.06395765095850026,8,0.10621794644326027,0.0,normal
2.627324017159826,5.405246351923955,18.881640207482665,102.67906834239706,8.057169031482712,34.82914390726589,3,0.040022013096190946,0.0,fall
1.5213548176746865,0.8360208690944472,3.426399816255176,89.92678673988078,2.1542279682692596,8.31618939243611,35,0.8336818163320243,1.0339195139729047,wandering
3.0674483155001027,3.4460168468828654,7.796338131746955,111.62120517289182,23.4934889891955,31.090699129098,6,0.3820598401140464,0.4715014432970063,distress
1.0147636667037596,0.15728813345283416,1.2956081779285127,72.29154460932915,2.2663923588800383,1.332209581280809,9,0.09019512164778523,0.0,normal
2.4202060259097613,4.607380630527498,22.0258206604561,94.99571880012205,8.300903460565134,29.6785509081432,0,0.08403542599128787,0.0,fall
1.293540751734443,0.9482656129214976,3.51483599920551,94.59967399107884,5.247435173518867,8.505348306312502,58,0.938350941801168,1.4585247136843091,wandering
3.054402803219845,2.602770648299206,9.351264311286933,112.41521636936642,20.737096751719314,41.87505514091549,11,0.4611079887817037,0.14347856117807978,distress
1.078915660363017,0.2717792740126715,1.014966126299829,74.79898236099405,2.4820289471030956,-0.3925899891027558,7,0.17518581370198635,0.0,normal
1.964135663653452,4.042499957221989,23.65410064498501,108.6721301460086,10.795826533306228,24.278945934095493,4,0.005634241633540083,0.0,fall
1.337421609036467,0.8945686720072463,2.1856225021631253,94.31508270786065,4.422288198911858,12.635723284072053,50,0.8398557661984534,1.2369351577860825,wandering
3.2434815278414693,2.412934493777991,8.438107783675807,127.77072364457509,21.15250087346435,21.323126840263548,18,0.4597142301432309,0.04265232382402345,distress
0.945481669969904,0.15495663450922587,1.0121289935134707,76.75945444712663,2.208886194744823,-1.2158331037339933,1,0.04520577312669549,0.0,normal
2.9228954602459516,5.153733164131382,20.89711476959382,100.3670275908994,7.760554347981692,20.726786755152126,3,0.030743176963295673,0.0,fall
1.8631391726487665,1.2406539843476931,3.308376043298415,91.84197645738574,2.754154758018261,14.830118925757441,53,0.9909759292673188,1.4294344276200102,wandering
2.385740945097859,3.0331874539052306,5.022933136342004,115.9336331213158,23.74917030976838,38.94470340188579,8,0.6954307472795889,0.39918455441695827,distress
1.0712116987070974,0.05528207755164806,1.0301111141805532,67.94566440906283,2.7963874937082194,-0.11515565430311447,9,0.13552694200787604,0.0,normal
1.9515996091121488,5.1118888371408016,18.07478122843806,87.7829686970985,10.799037655139898,31.039695656855343,0,0.036015622031808824,0.0,fall
1.8163751755914757,1.4470635526714064,2.9864246982410156,94.10574474035326,5.86971060353212,6.031237223329945,58,0.9502959277849056,1.2433479826537366,wandering
3.223938802438484,3.9213805774751336,5.891135106958124,126.69106781664526,11.858029533246786,37.34012148701453,16,0.42352574591503556,0.03802502730751489,distress
1.0936815116432488,0.05150671531947908,1.4751864262219352,70.62554654379299,1.2217172667752838,0.022627444430232124,4,0.19777756177097183,0.0,normal
2.9946782968596626,3.0609596187287393,18.40717127137617,106.67003546318264,10.514103494156025,28.10600200037623,4,0.04636911952753452,0.0,fall
1.8003280040960545,0.6111683055279322,2.979275286096661,80.64487792083284,5.978828284912158,6.758877516607152,50,0.9519777056924471,1.0053403167901525,wandering
3.584934647826066,3.7774220070221984,5.15542042929653,101.02788709947045,13.526061185540609,39.044095291966215,6,0.6447515904052079,0.22437543849230174,distress
1.0623660146412517,0.27047533220523656,1.4365341652196142,68.5701127398473,2.797258662253512,-1.5178916925203887,5,0.18604601680206484,0.0,normal
2.8162507873522973,3.3301666100860703,24.360123419146653,88.2287463418888,9.496999015761967,29.38628941651033,0,0.06193703765591091,0.0,fall
1.4980930536897519,1.1712096270638606,3.7238447821645835,89.33645815737785,3.9245910067485363,5.854109940622859,50,0.9521758850821069,1.1789868127408525,wandering
3.8225024320604977,3.2781982346828893,5.394709367517535,103.98371836502629,11.28000174768487,30.17705891895225,13,0.37279846312985665,0.4402510162581493,distress
0.9924643809762892,0.29567405219649145,1.0911214774292721,75.19875164174991,2.6659220825761643,-0.6396436734807422,1,0.011393212481195337,0.0,normal
2.6805421588746974,4.2399365112100265,20.44594457851956,97.52814470909311,11.785083894726359,29.645893855542553,0,0.053622707260786585,0.0,fall
1.2252039548337612,1.0908962895370855,3.7138093533072563,86.89534363246966,3.5459544997696444,7.3774786461804425,43,0.8136803532106792,1.3681328366985508,wandering
3.663159185322762,2.7581118902083737,8.76597407148368,118.42006091417886,18.95089753677142,21.752487968524154,10,0.6607749721192111,0.05725782096204207,distress
1.044232988177605,0.22080210168564307,1.2259897598147038,68.97681377622027,2.367405430707809,0.38356382440444614,0,0.17611267667251454,0.0,normal
1.951305951621988,5.4985671675798695,17.588992912328212,87.36970753663803,5.811376085222573,28.515357252801724,1,0.015181968743312735,0.0,fall
1.3957026852488947,0.9611683025728165,2.510888808738594,89.34244779403092,2.8305681047262867,11.323565930529107,40,0.9883390850985926,1.371547069036894,wandering
2.2236870002401936,4.478969813507685,5.16738097985428,118.92420857475057,18.8684931279235,30.87517531698882,10,0.4319788737729804,0.09978852358539891,distress
0.9798195172877016,0.2643297322694428,1.4387542117508634,70.15347368182056,2.4340787952016507,-1.8038841844680449,7,0.07360591514261987,0.0,normal
1.7731184718699833,4.321320176325275,16.271159120621768,106.96734929734467,11.862077733933376,24.000471886536708,2,0.04894000759454536,0.0,fall
1.761675813503337,0.7128477053717092,3.3862726103408307,94.70045480702605,4.717157263497397,11.205230704704128,54,0.9710286291903493,1.023987342715372,wandering
3.617066847176913,3.05496078705856,6.226447273550091,115.78223332160576,10.983812584811355,43.028671674719575,8,0.6513244172096546,0.36743247460266043,distress
0.9987767972087059,0.17143971743890735,1.3841233569580709,76.79712709144937,1.4996166281453205,1.1419711094234382,5,0.09016595701923161,0.0,normal
2.7530787903194094,4.005775997551253,23.23669548291528,93.55331691879556,7.034168037193992,24.496455135041376,4,0.07025971249677335,0.0,fall
1.42161906898173,0.6981394096597093,2.5612791912147737,90.71495809145954,2.744512728657651,6.884532575221263,51,0.8836101924355535,1.4095506398495325,wandering
2.238014677076709,2.317419482923239,9.388504450399079,129.0013813051162,15.25094466280762,35.26908829301396,15,0.6891668254238584,0.15356134045117853,distress
1.0813933447344788,0.1648283610156494,1.200452658264588,70.6114706939387,1.733354048732717,-1.852178667311302,7,0.09596178190931857,0.0,normal
2.687922694820791,4.562905234807366,22.365830750212154,95.09190096905103,13.836579521877528,23.36748767764052,2,0.09008853826721966,0.0,fall
1.6750918307200073,1.2325041043187053,2.049766232128272,89.95050848264853,2.5685330233042203,7.752081298789601,46,0.9964962397098437,1.1466355581823175,wandering
3.523523556428021,4.607112619128213,7.969710740105541,128.39412017590465,19.96976183146364,33.272329119792154,12,0.6783270073745853,0.3934405317077159,distress
0.9952218025270783,0.20049166357186737,1.4493481218144237,69.47252887093768,2.606355528341795,1.8527016470777915,3,0.17209199285026203,0.0,normal
2.861134253481092,4.270097952727813,15.45098319459765,91.9667985841106,13.165493770644536,20.25238931056916,0,0.013907516452919579,0.0,fall
1.4936954552155517,1.0167812489824337,2.3198497912311886,89.13379799450303,3.1606241640791963,14.277861325147864,52,0.8881689489456516,1.2751742613541743,wandering
3.021220508377171,2.6443547550267046,9.935835086315274,106.04401657981484,16.860771858312557,43.2970824596091,11,0.4432655210042329,0.12653477835311056,distress
0.9945027432728272,0.29329572549393057,1.2164516816407167,68.99276937623425,1.0048250836462538,0.44770208455724525,0,0.18975578368234144,0.0,normal
2.605167069039695,4.752814161139677,17.64551325636666,97.94353190234462,13.325546170174231,22.609384299532945,0,0.004520402886529396,0.0,fall
1.6156718851249106,1.2632989705489703,3.4929650779980537,94.9806365371087,2.4822659466704686,11.75789321884702,57,0.8666955223655086,1.1552094416378682,wandering
2.8024597590909077,3.7401412546707213,5.675072104868392,120.35640425353262,18.618084510602944,23.511005566529242,8,0.5169238103507796,0.2590818081772622,distress
1.0371615636169038,0.2030208388408989,1.297583766525002,67.96824200982826,2.8855144277200604,1.111722383512785,5,0.04413137503852049,0.0,normal
2.4764140007192093,4.832576603293276,23.565482672283153,87.61978721479363,5.406074707345584,20.067768198035132,3,0.029532908835972385,0.0,fall
1.7653119752163318,0.6858755046818885,3.909852527933235,91.94780205140842,4.4169677718872675,6.940603251517498,30,0.8253923225423997,1.0024453304305965,wandering
2.3040068825668323,3.6851447374000292,7.471625469744447,115.97711530370638,10.8219538860157,41.21552998120224,6,0.6025752792283239,0.25665671977285603,distress
0.9749753158275468,0.19997796728184464,1.167858576350853,72.61861500440736,1.4716490741744395,-0.9239741238931622,0,0.15329816185849365,0.0,normal
2.8691427919515218,3.4272589194636183,18.967107429588633,92.69570434689716,12.277723716736862,21.144653687898185,3,0.04330544102241677,0.0,fall
1.4932195856394903,1.2148544361513691,3.512425758731501,86.48113950102784,4.713658878343875,12.003286162617393,55,0.9527298880607039,1.2497793270639634,wandering
2.002467570967169,4.193909247051545,5.777341308685174,112.02114914217184,16.75776986554559,34.5413488186208,6,0.562581914020627,0.15136882469756396,distress
1.043690194968542,0.19492592956054977,1.34573389561542,67.80271521153603,2.3088588356555357,1.945909851796202,2,0.04686751892903227,0.0,normal
2.6526511230700214,3.786738592574488,24.251488729506264,89.82255631994862,13.184326946105607,21.2437246492913,0,0.07676736667667255,0.0,fall
1.9929272226359862,1.2064293998166047,3.7131206507479195,86.34545409017963,4.403316615873155,10.702139110969508,50,0.9906550047103584,1.1956969804299753,wandering
3.9648697791002134,3.7211011758955306,7.13919309742167,119.21123494076765,21.952085217244424,19.031989656607653,6,0.6901957955858314,0.3280681565267954,distress
1.0743225785886295,0.056270274299414766,1.1007186801615847,73.09171825324384,2.0363100746054057,1.8023544803757874,9,0.12930569489865062,0.0,normal
2.300761804829098,5.435745117462314,23.6786891612446,100.16660022770225,13.913850260584343,27.27468341665608,4,0.011410942292867154,0.0,fall
1.4707382334633006,0.8944648763525701,2.9671114516508466,87.29111847059941,2.8557513342316696,6.9454247611504,39,0.8312527623100255,1.487758325802735,wandering
3.7576393105834636,3.65500821290473,6.439384225888168,122.76493586556012,10.798721014601833,27.563047721485134,14,0.5564382219670034,0.4297364641803193,distress
0.9943036539387762,0.11285766493404188,1.2630617952609395,69.88951901132684,2.963782734326048,-1.5205472170466954,5,0.007091201799980973,0.0,normal
1.6849048753000768,3.158768645303319,15.832591917419126,103.78293892997874,11.71494660258141,31.839448078806253,4,0.025979206341343965,0.0,fall
1.6901260951335138,0.673431279653765,2.7191827961316744,86.5347059762947,5.090676680945676,6.553627067556581,39,0.8115687282027836,1.285456032421739,wandering
2.438937824469189,2.8585389332597138,8.514091256157513,101.42498960417535,13.113104844128124,27.182699996770346,19,0.44257697021523446,0.4250695323728091,distress
1.0896673809205082,0.061073723737433264,1.1802747179621738,70.39026671086438,2.3664623006457495,-0.6549042136629577,4,0.05627951134894831,0.0,normal
2.2075548082628904,5.582115799386759,23.346057941283995,87.74428952404944,14.474885770400416,25.617353337375103,1,0.038522862206663594,0.0,fall
1.6977296588719875,0.6247241121613801,2.9549627951233823,84.33669918685236,2.8244757139862275,12.672306465786214,34,0.9222299086680878,1.0804586980658546,wandering
2.4652466754920628,2.9745821765909706,6.06646202460311,100.40055996291935,18.85775105269689,41.48504141423922,8,0.4764462817437424,0.06934620756948029,distress
0.9564771742505388,0.24577447896520638,1.3707221893621608,70.72748451021056,2.8547712313404503,-0.7321137638054198,7,0.18948622477203847,0.0,normal
1.5006985805610333,5.079259403925612,17.298507350449846,98.74802167996116,12.793295946597674,32.149449736307716,3,0.061311504066900585,0.0,fall
1.4331177483140414,1.203432709272381,3.016735399654598,92.75067083450844,2.4426440830400686,9.881550502076864,51,0.8158549934136785,1.2570860867915237,wandering
3.5665192677477853,4.938961968534766,5.974918229446961,109.77048143930298,11.057751160228651,35.209716280104665,16,0.6671038692446767,0.416881711701816,distress
0.98543743162987,0.22942859546278455,1.031415957523216,75.50179376878452,1.708937741504252,1.430422958788352,8,0.012126165143305957,0.0,normal
1.5642957584986732,3.19119392448314,23.228321667634766,92.5442501096165,5.3988021480577615,32.66222838531651,2,0.007842031183033005,0.0,fall
1.7529904924191073,0.7349337212655869,3.2257799069255504,86.24747796922783,2.902454540064679,6.112495796862473,58,0.819486499676907,1.1831605490443629,wandering
2.514032391167481,4.0210599623051735,8.879850179344908,116.883700322978,13.7238357210781,31.50979279168216,5,0.5339980608369448,0.4323814398861084,distress
0.9454564466349985,0.08386057947267132,1.4768064348451606,75.92545580066322,1.4694345343654738,0.7386105008460269,1,0.05758671749886073,0.0,normal
2.744848279219474,4.465853208483826,19.91841397257822,92.42341628267485,14.64380655926139,20.673982480480248,4,0.06079399892390605,0.0,fall
1.4500861819670798,0.6947581162339403,2.205247247092373,94.12442694564776,4.887294294208219,8.011207356711338,51,0.9853038970216654,1.0109186964192163,wandering
2.9920829979850643,2.6236517632559875,7.152339654361974,126.21427071726559,10.33612434118923,39.94464622059739,17,0.3767161795705758,0.15104283018105336,distress
0.9389110554931952,0.061472454017109254,1.4374587475391292,73.65227473050774,2.2981185171392093,1.4197896082827097,5,0.1745886557938373,0.0,normal
2.658449601186809,5.428512492912805,19.8131893290424,89.87792599087491,7.6704430682362155,28.591007754509228,0,0.04120849593403539,0.0,fall
1.630175412171785,1.3795069257984696,3.858619352790151,87.02979268753091,2.4945812422535623,14.48798701297013,51,0.9239904437869183,1.326702484636417,wandering
3.224794430738953,2.3640204255032495,6.392397038163899,123.17361899280569,10.20938537961131,26.64248493802448,14,0.5660139983640496,0.47034207312370196,distress
1.0954494949855498,0.1324161900089667,1.491037634168911,73.18147360963283,2.0266675386092468,-1.5886789963441195,5,0.06726813828566303,0.0,normal
2.8187133831485998,5.689064391609506,15.881989069964526,94.71699612733948,14.757897566995673,27.40015031253961,3,0.08281895708655217,0.0,fall
1.886893752557713,0.8028748530809016,3.222246906625804,83.69575553981578,2.709742887022889,13.31992475998727,42,0.8901905945648088,1.3820753523423834,wandering
3.3354402997288286,4.820708922082467,8.281842360885285,120.41083199766115,21.29630942809574,17.92636006876683,13,0.6036471606219798,0.061547314174502155,distress
1.0639046308134372,0.19360298640113544,1.1958908938182113,75.86666053821354,2.5263040591242687,-0.6250529062260792,4,0.1650511406566424,0.0,normal
2.718861993924655,3.5815849539869116,24.653534453385873,108.03266223483972,5.190513329129244,32.25005660900716,0,0.06021972142005172,0.0,fall
1.4286028811845202,0.9070751482117632,2.829125757280158,93.37954394721746,2.8450841736906303,8.848565487273905,54,0.991997262688773,1.4832719577509534,wandering
2.916604987649304,2.619477326995014,6.283355335181486,124.38632619132817,11.059785508926067,21.83166108683084,18,0.4803566645916635,0.31194976148477355,distress
0.9803895452069487,0.1284636382623897,1.2997951146896027,72.63778882259273,1.494681328484644,-0.5978721535806377,4,0.019375731051857838,0.0,normal
2.8377514666479238,3.6643907177370663,19.015696318175586,98.82158312978451,13.914944418519376,20.719207023842397,0,0.014529953072777114,0.0,fall
1.699068647278768,0.7247062761616051,3.9480541617706146,83.56928054099029,5.1128915349847475,6.364581708921364,49,0.826387737315342,1.4515730254882602,wandering
3.407022039392877,2.969754167487375,6.846384559454837,109.02314496187,13.126436145197722,27.109750581556135,9,0.5472954062320055,0.3478789766355924,distress
1.076293230468147,0.1385191312239556,1.1443849404075919,75.9262431897038,2.7141673098307866,1.046175605209656,0,0.04740293722388283,0.0,normal
2.420013014764985,4.645561861549391,21.306124717902783,98.6017377792771,9.786658429648316,24.019198524197776,0,0.07404509041038641,0.0,fall
1.605197461943522,1.0153488368418022,2.8204123819658307,89.45161218248188,2.2141044904277254,13.525846067274037,56,0.9614144916709033,1.1733354839476662,wandering
3.6608223318921764,4.719685693823836,7.001323508400721,126.19734557051058,15.926978251502028,33.31327108804636,8,0.3459995297610361,0.201338280774077,distress
0.9466275985595962,0.09414311726656578,1.1459634567244488,75.64108897321981,1.467918772512502,0.4975277367972395,0,0.1368424614812059,0.0,normal
2.337492035036412,5.363276803952544,18.63935802370513,93.26700015010123,12.790712971945556,31.321265553273214,3,0.0478762336295256,0.0,fall
1.8945224273144043,0.6362736793205832,3.0426393427937306,82.55374323113182,5.027297885482374,12.03747899368972,31,0.873548453465081,1.1331200354825854,wandering
2.578398018237146,3.624487449828162,5.375417084910969,113.54400514815094,10.644006588345011,16.63194533300266,15,0.5504740778456634,0.4806834982866847,distress
0.9913743106994417,0.07365353355514571,1.2924593481190854,76.45203868445188,2.023647385962284,-0.0451635757023765,1,0.05570162086351232,0.0,normal
2.9253128882159274,3.8189034812931206,20.487958475614498,93.74836226344192,7.133689698356612,30.033296692837787,2,0.017241253666133816,0.0,fall
1.8225043039295197,1.4142594582266974,2.824658520314233,92.20493537553078,2.400856794150356,8.917943309209065,42,0.8892634612945773,1.0993060523575073,wandering
3.9062838632219554,4.590194681528425,7.759925814488715,118.11380354027976,16.66237011436258,34.34244110811963,19,0.546446555612645,0.36561922103703515,distress
1.047687086358585,0.19332418647939215,1.2969988473905696,69.59666063594729,2.8928965951052588,-0.5745051069717206,2,0.06250734752926297,0.0,normal
1.5724810907912827,3.5813449920389866,23.29886242049743,109.44057112266778,5.662592209314016,27.604227186221838,1,0.04606545995483277,0.0,fall
1.4047935005161696,1.0648974192408596,2.2402209268143753,93.85512610378218,5.558905166831353,7.696840600532514,34,0.891400163850665,1.0929553273850845,wandering
2.553051468816684,3.8967524552483193,7.396559943534708,122.50423786560015,17.893269067452618,40.216754825020054,11,0.6607797776831988,0.061102880591496656,distress
1.0502336338634426,0.2392745808254395,1.1438316458037963,69.93610139689243,2.786082990640648,-1.9120746924253238,8,0.1423403986879571,0.0,normal
1.6600313811486722,4.513511828008895,16.690547982524677,97.12421544385222,5.552306090044091,21.31287800889653,4,0.020751548297841496,0.0,fall
1.735159062397759,0.9766525265805461,3.2748445199346907,87.19739343534849,5.19014262705279,11.556054735453902,44,0.8105852084765471,1.4667405849665502,wandering
3.6917011951755434,2.772893790571829,7.868774520644441,115.65187282793762,20.637645199854376,29.3483707069434,6,0.39589412867245627,0.16697767493575816,distress
1.0294877412051555,0.16711465949533238,1.0232656558424496,68.28318510497562,2.208860566384496,-1.8926526327316089,3,0.13119417208762488,0.0,normal
2.23689562179006,4.568340075774726,21.35389219419954,91.13806360118933,7.120854149220436,20.897377669216606,4,0.0906302078235553,0.0,fall
1.6815356747100974,0.7219602393811955,3.925178443108459,87.01385446427727,5.056747679925521,8.677074121459437,46,0.9512282107440041,1.4633900910379545,wandering
2.1711996452664386,3.0975334801727037,7.561595849210372,120.62553012251188,17.858328044780663,15.949343689928083,14,0.5111797210125388,0.11468543455888086,distress
0.9453330796095091,0.19094468057745395,1.4247936996206305,75.8968646530544,1.1438130129782245,1.5205706289902974,0,0.14016953679810187,0.0,normal
2.114890208825721,3.0449485624308235,16.34704036957214,87.89307463597132,8.348020987626825,27.563973961882056,2,0.06458244818562699,0.0,fall
1.9766014371764853,0.7450882040878886,3.896839405964471,84.5835241035316,2.958147888364589,5.114906896722048,31,0.8122960482825206,1.4443278293661388,wandering
3.3462589401517837,4.814804042659285,7.514617812435691,116.31969091618811,18.526181584040526,44.88817338972457,16,0.5483432740976109,0.4896352095047158,distress
1.0659513975245338,0.20626609512318733,1.166099634182093,75.43252793209278,1.1312443877087515,-1.3233097892887606,7,0.16239280557300614,0.0,normal
2.7949915509677923,4.451393163798603,16.257208450263327,99.82915907554538,13.438453391770425,28.858075316691853,3,0.04348983038958881,0.0,fall
1.8574108109503207,1.1479117692561231,3.5885530205835368,89.92708216945574,4.9244005166644,13.571696207683907,45,0.9191873947970218,1.0970539042232823,wandering
3.201424155633247,3.778729836787381,5.401689249008307,113.98591307034161,17.64583434225665,39.21800795407816,9,0.6593728996298567,0.3240651295745769,distress
1.05829869932175,0.22649305779618978,1.2425603130915506,73.47556811318503,2.2962900502336536,0.12762470269265425,2,0.13859832046454199,0.0,normal
1.7529218150421717,5.505727645160098,20.810721761611948,108.54563072216692,7.089895345424948,23.594425963765023,0,0.07183026795877648,0.0,fall
1.64883836831409,1.384861610523019,3.645604099600975,86.68147326025078,2.548591793355961,8.970648341766873,34,0.8188403731827238,1.3523380807124448,wandering
2.4084871468072917,2.2329004196643654,6.152823947470754,104.29161640110595,10.110842915115215,17.787181022112552,9,0.45413587944243533,0.2904667206820209,distress
0.9860896498325155,0.2886702103052149,1.4954794983614719,72.32961966346006,2.9378005965420346,1.3056726622911725,9,0.17151365267242946,0.0,normal
1.5777944054164443,4.541475508307489,17.83091361974213,106.97081319386953,11.142434963250093,28.877093489868372,1,0.07730916305005743,0.0,fall
1.209862523922382,0.7329650607135975,3.392721624490033,84.16192579185693,5.702061757798029,12.868500283651304,50,0.9589210239093419,1.2114048617690505,wandering
3.985856153641577,4.968073386618206,9.884658335277825,113.53035605788926,21.598296425670135,35.0927112818467,9,0.6787286761894811,0.493221393207824,distress
0.9185695067410417,0.1692526526410591,1.1299694288110296,73.88877057825732,2.274573528696301,0.7821884557088352,5,0.16787494071718612,0.0,normal
1.589392660808541,3.411320185088153,23.20926217144481,90.00798701841379,11.480599353551582,23.122974287649146,4,0.030248402647393792,0.0,fall
1.4157209470378072,1.4147902901347038,3.1631972889462663,89.86829922118883,5.763201726150275,12.995343987036227,31,0.8614942716488075,1.2172437189008039,wandering
3.7906384857626687,2.5957407625291644,5.110403054117811,103.2291871836951,22.81925397341805,30.18286606402953,17,0.5985341456363027,0.29751175143409914,distress
1.0475472698972774,0.2928515282038387,1.0900771044304305,75.22888405480387,1.6238221318283692,-1.8158205682125699,9,0.07004775498999127,0.0,normal
2.242644310259928,4.240874558706237,24.053676012368392,90.3299676751674,6.908438934250097,23.598722682093918,1,0.07294689992639054,0.0,fall
1.9790544093570621,0.6498988913683947,2.3279870766915334,83.31571143141467,2.711320342802104,9.591259529635217,34,0.9556608040312886,1.1017201251486268,wandering
3.3557438159014232,4.906017083772345,9.399475507636978,101.77914165311337,21.688739302243995,37.56562484345798,17,0.3193631549315511,0.15300745229141038,distress
1.0752696093722023,0.09594140118107049,1.2453381342349477,76.83962797568438,1.3202431766717793,-0.7641383239458097,2,0.1907791174167502,0.0,normal
2.5336918268286586,4.663792894426605,21.521722074117065,101.19685272803876,8.473388880454218,32.08705860694747,2,0.07458675845959138,0.0,fall
1.9141694680969725,1.086839300919673,3.0912217947576965,82.52073589581921,5.46519236943961,5.918543568410125,33,0.8711724116589803,1.4392469196453033,wandering
3.5786729231449046,4.502245124001915,8.66057640705237,104.16959222713609,19.037313369413468,38.29466875073112,19,0.6551060634007839,0.051928130298216746,distress
0.9825474600545745,0.1612538408635671,1.2140718111612803,67.98203882501106,2.9157533630010706,0.02118213370461719,1,0.05851962436818839,0.0,normal
2.83413564944969,4.816986064286771,20.764177872194242,85.88553249286585,14.852506194241315,31.789971013896675,0,0.09227714601632908,0.0,fall
1.5219784531852565,0.6992601379232368,2.4929554375999796,88.4812690193269,2.6661953114779977,8.72172312988204,39,0.8041006110353351,1.1212599572292814,wandering
3.154876577212419,2.020427090098703,8.099599452531546,115.95346393020078,15.035454249650783,44.25006755180312,16,0.33204044988911563,0.09570299152515599,distress
1.0635961665958886,0.16006033094678346,1.3079221441281015,75.6646622775774,1.9345183233927945,1.319222854169142,9,0.04201524520083899,0.0,normal
2.8044583156723464,5.246919130531737,15.321715072612594,102.71091721879864,13.41256518229821,22.465268497327706,4,0.017638106319638146,0.0,fall
1.8661733779717413,1.1909411063164985,3.0366298792414037,92.9654430791861,5.708553508084195,14.1668723228716,41,0.9503761563402752,1.3097680293515914,wandering
3.3313167973907336,2.1286088116086366,9.789405831249969,121.89755141236277,10.28191163671866,31.716536223842922,8,0.6458721039268291,0.0398450771412836,distress
1.0680324845579512,0.11739650596309402,1.4875846854796535,73.18823261627419,1.714764881919659,-1.2376252492205055,8,0.18633000977743794,0.0,normal
2.581290180448014,4.224264377364251,22.157356244044443,86.20300366181955,12.470513023328252,26.99247444279043,4,0.08704931260483816,0.0,fall
1.8194663837089737,1.4346313989895942,2.0168838529585917,81.77640948461504,4.348813440536736,7.467697041711868,39,0.9939805000742172,1.3852812212025387,wandering
3.960023587788691,3.8749169156861036,5.9552643372139435,105.89661366868549,23.950529979490998,21.330096795002383,15,0.45254491079784376,0.007147316744863796,distress
0.919900852235797,0.27474563207365943,1.1748523325466984,75.342372285386,2.7547064833879507,-1.8050695118570026,7,0.018281574053859172,0.0,normal
2.322378999219326,4.324694161563236,23.936947703410986,87.35250690609486,11.252542246979111,34.31942089714782,0,0.08832268669880067,0.0,fall
1.3608332458162922,1.097345183783292,3.801969751212869,89.26227973870539,2.76081776317572,7.6866808712649135,43,0.8295906821532085,1.2095112194716326,wandering
2.932137139792113,4.236977332798839,9.115614930508393,111.17400339046868,21.660153123745296,15.375664118234742,16,0.3758917061491532,0.4532461203006924,distress
1.0499810190244634,0.15618977280432206,1.2346908055649786,70.8008860504802,2.5385657409679503,0.06612169684550828,9,0.05006659183150397,0.0,normal
1.6976273164142135,4.132444554903714,18.942283659373498,91.56570288257583,6.162319805471935,29.526572456922516,3,0.03907575140405113,0.0,fall
1.9937739479652767,1.195191141126522,3.084336039830022,84.0249281693598,2.6065611329344187,14.667329252774827,49,0.8171554349329331,1.2510010139028822,wandering
3.799499105102425,3.670036301128621,7.852343293365853,101.18048084240071,24.81534988386577,37.0892070831995,16,0.5184945642915217,0.2809628380046461,distress
0.9812968181711275,0.22118903902060522,1.4457211161565058,75.65547158726594,2.541473280795178,1.7663712141218593,3,0.17107841572134347,0.0,normal
2.231597526295959,3.284035814838464,24.062120192692767,93.7686250109343,14.958634826641866,34.517678791811406,1,0.06503992801367112,0.0,fall
1.9152637446670762,0.7770450277851515,3.8418411484450576,87.95046490100012,5.459799115198795,13.30069683673231,45,0.9203835628944719,1.0909878789363567,wandering
2.1940884800360756,3.799066258390577,9.258239990337758,108.61168901129253,17.14159251084719,22.9542306166708,13,0.3678757462604198,0.4424072439724837,distress
1.081792810443613,0.267654242950262,1.0924507372026397,69.12577748172835,1.3167407865439928,-0.14438206981616108,2,0.04254353625829102,0.0,normal
2.315864496827224,4.346753774219763,23.27736275554736,102.39385767001019,13.634554539360447,22.7490947764158,1,0.07963914446390519,0.0,fall
1.3133888633618307,1.0716410779265908,2.8117403712608464,87.2725515217595,3.0490854044938236,6.7519269497571095,55,0.8594296258553995,1.3910088286991333,wandering
2.076822799434776,2.6298839089866535,7.401047246105271,100.37971013710978,17.945151943588566,33.58584426530949,10,0.4244327540015909,0.09267919985769757,distress
0.9978530977049371,0.1245299302179174,1.1930403170190411,76.71209765087025,1.477143513923874,-0.32058404960101905,6,0.17268288396757822,0.0,normal
1.7393759213616915,3.8466031761473594,24.14470554573601,85.9163740234786,5.6873081686485385,29.35030698328437,4,0.02168245771057943,0.0,fall
1.6877811107447125,1.061042829906869,2.327293614916348,88.00821220562102,2.42460237993481,7.2056769025989285,37,0.8848722084549839,1.1589782097570307,wandering
2.0196579797721728,4.193804120397227,5.425384996562893,122.72568370527867,15.944200198197056,30.693640449832706,10,0.5904392780439559,0.24873298455931298,distress
1.0128037315222151,0.16746161328471654,1.3707063230631338,69.24568297882021,1.5455443848800343,1.3522530054341666,3,0.13462650632354362,0.0,normal
2.273147069270677,3.4476562983734587,20.47486255229844,86.1149030203228,8.480377665669145,21.68701246432225,4,0.08134678427674358,0.0,fall
1.219729002264218,0.9020002591499795,2.6997351533442497,94.56938775396429,3.0739031844288487,11.221648824420942,40,0.9068177053235643,1.3653887572383494,wandering
3.2670165691564095,3.5846635077435822,5.050123190830423,121.08380791366375,19.553522912550868,16.838204720162086,10,0.3253519837474342,0.28002140140308435,distress
1.042491527836116,0.13493188335170941,1.1754014254384044,73.82215786787829,2.0535458396266475,1.9891258335796902,4,0.04125156984473051,0.0,normal
1.673592618363226,3.253465003133222,17.369250865953028,98.08915767934505,13.228349363204625,20.961913669041316,3,0.03629488239331048,0.0,fall
1.9332925898673352,0.5419961808774959,3.4762900155075247,87.7601585911146,4.805913550312121,11.8043382588937,41,0.8003622560456254,1.087470925170585,wandering
3.692592663788131,2.9489088687829494,8.10113579813173,112.42369349440564,23.18994367808027,16.178974395157137,5,0.39272389463637597,0.3584333884307479,distress
1.0149100540506852,0.1735955692843093,1.0918051701887657,75.32475798724846,1.2825074342676819,-0.8239578003359251,9,0.18089050887806657,0.0,normal
2.7563802381807276,4.745891484192858,18.054593532311628,89.0873074810991,9.679508907384163,28.072321690911036,3,0.0326930100422423,0.0,fall
1.874892293375321,1.3418963112752604,3.872532943742933,80.72949234763355,2.803628692814235,6.5143424181773195,36,0.8086806432929207,1.2841252974758626,wandering
3.6058847187459113,4.030778203034696,6.152328676109143,117.55665564888824,18.401956988201924,20.096396365391016,13,0.6466237136454137,0.2632610516658132,distress
0.9516991521778838,0.05806167012401632,1.2665340386659745,74.95152968387758,2.9222606743187547,0.30698334390478355,0,0.035287779739967017,0.0,normal
2.0742987843292955,4.969629203468717,17.045805539336477,89.95376208066888,8.12200397903267,28.562762482659494,0,0.060888599501702556,0.0,fall
1.9534229907454008,1.3167491822368558,2.6210585407338947,89.08581604930185,4.2227544389306235,11.132613555587866,30,0.942703526415263,1.4160209606206942,wandering
2.7697724093964844,3.4185870643293947,6.5398673884694425,101.73524638330254,11.116330676908682,40.90400557775922,19,0.6703588719873096,0.3518083900503676,distress
0.97988039090603,0.21107695864257103,1.3086379485966608,71.32337777560659,2.7384066707993493,0.9334707405829854,2,0.15842288120951797,0.0,normal
1.9653925884023549,5.404962360818793,22.137327048733702,105.67580462103561,13.350743580285144,27.629090476313483,4,0.053283382536623715,0.0,fall
1.5017088194915107,0.975001484348668,2.206696592615018,87.36594651881462,4.7412237858333,14.761758545436951,39,0.9265841056612201,1.4198153198246295,wandering
3.0850643142660896,4.284160636515061,6.197907792966243,106.81260418178611,14.912148382723974,19.946651806840592,13,0.3189201298520888,0.11024124139587704,distress
1.0665024098349645,0.1784904160026533,1.4783184029501397,73.28474880423906,2.5904967357075632,0.010667222822938971,4,0.15659705840124472,0.0,normal
2.758563394916761,4.27190338132887,20.151214276731515,107.61814049394991,8.94049181662058,29.776071466164616,2,0.09078633342973946,0.0,fall
1.688831534187781,1.3427235138073408,2.2570182193256603,87.41279218489257,5.598972035209082,5.747020562677778,45,0.898524454090232,1.2502255014014625,wandering
2.4064416636478376,3.440239171721778,7.488880891181109,106.71826612496672,16.973794981966357,36.52723798705867,7,0.5793643871230718,0.17282625939649165,distress
0.9755070676292241,0.24471841312166054,1.1356622259187557,76.84224958511189,2.6933745803628786,-1.0502049011837937,8,0.1419378218812624,0.0,normal
2.429527447871112,4.963376696977411,19.21651838207712,109.08062640714726,10.798371974389074,27.75375474629824,1,0.03664731669249308,0.0,fall
1.9285900371270444,1.290036665193539,2.5924624711224418,84.21870554725848,3.1599223976195807,10.49282984065659,34,0.8422098408528862,1.308168120397292,wandering
2.128147240760583,3.4012094160755,5.5159855469104455,127.93399232925624,11.328945512323253,24.81898231286412,14,0.5183830426422836,0.009907970375296726,distress
0.925025202348101,0.08529707745512592,1.4535699421944432,67.45933961671408,1.6092877163882362,-1.9558993068972255,7,0.034875324162521905,0.0,normal
2.274522933640746,4.5614118842175335,24.49772913655771,91.35684603570644,8.72462531235902,22.727408188579673,3,0.05864167429902006,0.0,fall
1.8165762203760232,1.2661003313633703,3.2437258322760854,87.81253567870357,2.204924221797251,6.507201881259103,32,0.8093314070365807,1.3643131219985323,wandering
3.5965375652023734,4.0985998932043115,8.62914415603134,129.64300399804597,21.830155152874973,41.55594651861806,6,0.6894588440821539,0.1741610934374383,distress
1.030374508787532,0.08041319922971664,1.1910758861910782,67.6614747884251,2.807879631882247,0.46580001067366084,2,0.04241264641774374,0.0,normal
2.623595361186246,5.957890080151723,16.362386599946056,96.72142823750643,11.619403740376914,20.523198637173017,4,0.09912450780535798,0.0,fall
1.4825424209383067,0.8424936758987955,2.181122697267556,93.99248051853307,2.7669987948843207,13.298673455811125,55,0.9720797426207866,1.4056541289332734,wandering
2.3000869153431243,4.870211507093463,6.058279576547579,110.53633363644171,13.23856187363225,35.45727840258791,10,0.6509844197969477,0.1726931558742394,distress
0.9949771690226163,0.10199093149643639,1.2918188128677197,73.7118982192007,1.8822847360096817,1.8379055860105074,6,0.13831106072717395,0.0,normal
1.551257369556237,3.2511083740280333,19.92170718731873,98.71140171022864,11.216233963146607,28.590457908062568,3,0.005352566474753285,0.0,fall
1.8481516254359536,0.9733742648949751,2.9698693420425055,88.42955552655226,2.745077047290723,10.685609142728275,45,0.815701201514201,1.0541105042237107,wandering
3.3494810070691603,3.017130530194924,8.475959883355273,107.42491342101017,17.905484325075584,29.334288290721098,14,0.6499385136128483,0.4828826042045036,distress
0.9010266769145929,0.0928801971766393,1.0264854075088325,73.01756076701022,2.7733043680096654,-1.012888034597708,7,0.042811236007067245,0.0,normal
2.218523807466797,4.594381565154382,19.438332593158982,103.57933104899973,12.40086240420673,31.232916833475514,4,0.0340078222939583,0.0,fall
1.9582422710252296,1.0721414212103137,2.5553243083260466,92.5924445066113,3.2419934745753647,5.803044975188224,47,0.8846384354735155,1.2814276291857274,wandering
3.35563970650771,2.4903672762760674,8.518128479391663,106.20578872803306,23.77630089446096,44.50625247345795,11,0.42249253460518177,0.4552607869784304,distress
1.0706479064535557,0.16143052651422446,1.3591978425834448,73.66834518327651,2.360250289660326,1.0375864192811144,5,0.0910951115991457,0.0,normal
1.95563692188834,5.675379423898167,23.613209519071624,103.26242067225297,11.949400876704956,27.635530509171975,2,0.07481036895225522,0.0,fall
1.3932763556711716,0.5671271420677904,3.325604248326396,81.73418768105014,5.134044681193615,7.8233378163264975,48,0.8547342583513237,1.35093244274917,wandering
3.5520103261148916,3.70348877382028,6.651584391692571,101.13133820635247,24.937524781016922,25.691225974312125,13,0.637899755907924,0.37722927664178457,distress
0.9081023900266297,0.12925966822809531,1.140947800367488,74.19045186497597,1.4620218578970314,-1.197235908008099,1,0.15474337104741911,0.0,normal
1.9551606642216004,4.490873502846271,24.863078309467568,88.90460533162123,6.0817707090920745,22.27283171819222,1,0.057327059258110005,0.0,fall
1.9793948218475435,0.8856018932241319,3.116382546888827,85.22347386238776,5.816042904686579,5.719241424736699,46,0.85158518252426,1.4837483136444922,wandering
2.021516614052665,2.9361690761153625,6.4357607202685045,120.97128906410106,11.515203586418156,42.18506693755638,5,0.6396355580522595,0.14799393345576112,distress
1.0711228859134925,0.10923867828814686,1.219745234850076,71.23905944904371,2.8573190083288704,1.3779598800244823,4,0.08159628935965633,0.0,normal
2.7444445191024904,3.4812417674811145,24.82820867934673,109.76694984823749,11.193951350677246,30.32529627930696,0,0.0880265854004579,0.0,fall
1.5536162602901924,1.473486484030013,3.5418626248525813,94.87274260188953,4.560812752647109,6.107076139320254,51,0.9542626185869096,1.4163132948011208,wandering
3.0523275296231587,2.3489495848906015,8.237000413605072,101.49135249565991,14.278748396793699,19.104685904605915,13,0.3613857802621882,0.271590183018687,distress
0.955507990496045,0.25441935612081934,1.2291860264537329,68.85516307999188,1.2432204867310035,-1.1801361270905808,3,0.14587726765463466,0.0,normal
2.358640866288273,3.9433938666924133,16.5280750593014,85.47152511326462,5.4488087542322985,21.01312999006838,1,0.06264594755043427,0.0,fall
1.3505818214303023,0.7405560932293935,2.0108318787883013,82.39481592848855,2.5113219047534003,14.817122613506655,38,0.9135443485098611,1.2947909401830642,wandering
2.489817640665752,4.96374122608566,9.020344473775454,114.35179229304346,16.995821627124307,22.87555420174425,10,0.5692686292557194,0.2901069346429922,distress
1.0221898964319918,0.07850660484597476,1.4161381746412225,69.84658830095181,1.378840913349035,0.09550682678548084,0,0.004418305771842346,0.0,normal
2.195357617835496,5.312276523065756,22.698365305651954,87.12349239098259,9.846352163700962,22.75067868054322,2,0.0503592563367431,0.0,fall
1.481343536331101,1.489948164916934,2.5740999372783433,82.60549999016678,4.494814891580332,14.999653941878737,53,0.9138865774322998,1.2959370802687993,wandering
3.8518536992910475,4.714048179767611,5.587239397589881,128.72120629198437,24.579410773703884,43.774129737356795,8,0.5138936724981633,0.4013183472730557,distress
1.0468732670328977,0.0719607227199867,1.150644086837111,72.58627456451313,2.646538530334748,-0.37454829771318465,8,0.05482290070731369,0.0,normal
2.3235604276714694,5.243753282947132,20.261407541188515,88.64791505516011,13.80768814461632,23.64198016888603,0,0.012361760528819122,0.0,fall
1.4748646391827833,1.036668625880918,3.7085395772146192,82.5650801457319,4.495520637625331,10.451382814646283,59,0.9618467218256952,1.3405756571347927,wandering
2.234526410907665,2.2593465055016386,6.163254036378612,115.65957939376273,15.78854999625628,41.25227730281238,12,0.398025515156448,0.3797077109713486,distress
1.0304291991652574,0.2102999613347744,1.0191366416777876,69.84912019381152,2.2394405074543737,1.3674241306384416,8,0.02117660456096342,0.0,normal
2.586260127291488,5.059440441572347,15.262849407274748,87.63815252114787,8.242390641020084,22.089831483720317,3,0.04493822554572914,0.0,fall
1.6749711208847906,1.4031633749255676,3.8867424070625063,85.16930792426173,3.816002253893661,14.66235763623364,48,0.8512541704813515,1.152688325725741,wandering
3.186747873025411,2.2400162388953597,6.112814962843145,106.38973396008042,18.81179857109859,20.960147110744934,7,0.37001602220738,0.4544309204135906,distress
1.0855193039321458,0.2510534305668024,1.29424605872214,71.47945551209767,2.368042405199348,0.35417990356421525,4,0.18512759847978807,0.0,normal
2.930591407594564,4.7162391175694305,20.653855481498233,106.24052140827001,7.3501907820379655,33.018480309185996,4,0.08522577435086276,0.0,fall
1.2702858222392348,0.7604078699760128,3.287992953512118,92.9331683064488,3.603337892118518,5.29402770107246,53,0.8048616594351092,1.1281143494878139,wandering
2.043299345713465,3.381744143722239,9.232027212261073,124.52040143135355,12.329037028189669,21.964559170728233,9,0.4450536908528172,0.48126867222414554,distress
1.0333727418791254,0.09025167624037873,1.016902561829574,72.51605142804588,2.8336438808666395,1.2681415600318688,2,0.08402110342537411,0.0,normal
2.4362316056647044,4.153009589116818,23.090984447850936,104.16410224329324,11.132814707310155,25.275474959850303,3,0.029055522667081415,0.0,fall
1.8828677495290171,0.9653210493592719,2.409826093161013,94.0067265951302,4.371570032665067,12.776587339787012,33,0.8619065277625547,1.0230287998870058,wandering
3.8951102239173583,2.3468446109124184,6.663934796652015,103.93177019746494,12.092683411935043,21.396016672280275,6,0.4558812140773152,0.06385669242679526,distress
1.0234790032790924,0.18313068969051993,1.2590987445067974,67.60582195269465,2.8713703575391634,-0.32744581521335103,6,0.15165549989357274,0.0,normal
2.2466024741537454,4.0323298170427755,22.013552117058225,104.94177887643224,7.597982569083513,26.592323998705915,2,0.073142592066007,0.0,fall
1.8560896395806705,1.149471819828306,3.1177923996257717,87.00035535997245,3.382943175125619,14.750420333112471,45,0.9973886729496517,1.1747124880657562,wandering
3.8775832306032294,2.7647934689878126,9.37913805155613,101.73078551092178,10.974928114849588,20.349174290676267,19,0.536475350874339,0.46605984900385206,distress
0.9219422920336214,0.14095656256825628,1.0201173358074869,71.71351359374987,2.482943042647819,1.8476253933256963,6,0.1008295562165653,0.0,normal
2.448998618545617,4.999771081884839,22.19364605783742,85.10193968791839,11.719020023348307,33.8275908059272,0,0.0348698835102119,0.0,fall
1.3353720825626374,1.2945131508515724,3.559780535839839,86.41095559438486,3.3697244874218746,6.484140841486249,33,0.9167457729926525,1.4539126872784363,wandering
3.185206006450266,2.2344949840648787,8.347954856853894,126.16059762576141,13.230613159232686,31.406306798355015,8,0.4396129603248389,0.03517520374331318,distress
0.9383296121370264,0.20915879072261978,1.3629351907086558,76.5291881131012,1.6410734966695417,1.9541960656239197,9,0.10147376733443592,0.0,normal
2.929487312995007,3.215012818144377,18.19069508814035,89.90614841783024,14.564101757619156,24.249894795975468,3,0.06348496664381446,0.0,fall
1.6527526752399684,0.740791616183453,2.0240845657403224,92.06168960920543,5.254867096102483,7.526860415178916,32,0.9616138540364554,1.2492474639328726,wandering
3.947455384949593,4.015102801956808,7.7255617830097325,125.69125428969215,23.441946579472813,16.06519486048052,6,0.6689244766855751,0.27654992982039295,distress
1.032013620648756,0.172461336376584,1.3580973742194122,70.50998817325238,2.249762554168824,1.0714989978135794,6,0.09874375202874917,0.0,normal
2.8924793659856425,4.1817261168285,21.18400081110442,89.27107922658979,11.69591131129546,27.622064338622657,1,0.06879396628289779,0.0,fall
1.8197660889697067,0.6986600299889162,2.4658015708157937,80.85787539491237,3.142510232057794,11.642009562219533,30,0.9525186549430233,1.0866598551271174,wandering
3.345228509360334,4.4608080291887635,9.57252334689203,113.44809554627543,17.976898848934866,37.79596240436693,16,0.473986746665099,0.36546363592929426,distress
1.0171919286947801,0.11223814388822016,1.446513514180525,73.22948797442912,1.4932152822710494,-1.1947521670174703,8,0.030920104843060316,0.0,normal
2.3399130166535733,3.532471776404297,22.192584757570533,85.61320018588327,8.881033377145403,24.03307350460159,4,0.0579209883550085,0.0,fall
1.7417626725052204,1.0248836541231667,3.1549315715402892,90.96609337597611,2.8283926311790073,7.727687293584694,52,0.9372428330377194,1.0330762572645131,wandering
2.4484442021814923,3.228147043343846,5.269189761968198,117.6757633430708,12.011811901686592,30.263374514172753,10,0.3057003588855414,0.4678586345626377,distress
1.0931003219980457,0.24610704699000507,1.4240838740090918,74.10629095757966,2.880754353492234,0.9279223796824994,1,0.007222902118904174,0.0,normal
2.066315952060885,5.139642696191036,21.734390140960873,88.65381844397969,7.9156294638617855,34.15290087256056,2,0.06838057666669042,0.0,fall
1.2471424863696527,1.315432761671521,2.892916508089128,87.27976374309753,3.3613881691394214,8.8045678588464,55,0.903203496738611,1.3922409970067147,wandering
3.2867028754241963,4.583151566056138,9.017434050983386,118.68451781435371,17.742646776821083,39.173142621232145,10,0.44967526229649685,0.2555120341373683,distress
0.9406331873131313,0.2138014957600719,1.464924586613391,72.53238505457766,1.0473136325777552,1.3983044937575824,0,0.07859750674977076,0.0,normal
2.931310050514125,4.694679702194307,21.090729574253224,87.65776960920911,6.310757714710861,30.233909316961125,4,0.07867973129364565,0.0,fall
1.2515489230020034,1.0197778399800401,2.703090696911691,91.29788913379882,4.5235413161044296,11.685967652967737,42,0.9070156944118142,1.0873512508806598,wandering
2.2650397186301987,2.1389444054636453,6.887337134060136,107.51493825080739,19.660518244213474,38.449793097518764,9,0.6125640674897428,0.4551070618883385,distress
1.0661579399666248,0.23135702110192047,1.0837670719171761,67.82241798716927,2.948489666927289,0.5612833365658334,0,0.09942372532305016,0.0,normal
2.3004161762298563,3.788863999048215,15.124820260058822,106.71611440423479,5.6648993684299285,27.310589908111307,2,0.06223490821590566,0.0,fall
1.3488816486189854,1.0237028932395296,3.5617755707285177,88.021496439009,3.4021169599138164,6.3496207488947505,31,0.8385943338155154,1.1352393254208137,wandering
3.4529579044958796,4.512001853175441,6.34447738578837,104.42439520675556,14.35638942293711,22.460911213032674,11,0.38741866284492554,0.2553791791595402,distress
0.9548432447424534,0.07999819242121435,1.237222503388958,74.61821417791144,2.636268997368307,-1.1027911987993124,2,0.0982735141119099,0.0,normal
2.553875411437084,4.983273181141124,21.590421556626424,87.95136314196702,13.715049399509784,30.85986825613184,1,0.09461929386018852,0.0,fall
1.9788986888672309,1.331105954498974,3.3148395507531685,80.46949397447081,3.8880313595519813,8.832093440953987,55,0.9658071472602865,1.4104693074261165,wandering
3.685614202540797,3.419865469318557,5.525566131327074,119.489754728981,22.321367549282552,39.452370574133866,19,0.4397056543389981,0.014255374080132166,distress
0.9429025959409209,0.2099477936644683,1.1700678697325362,75.19955474425836,2.8319505155827196,1.6524767894879848,7,0.03681699856703138,0.0,normal
2.212775931037952,5.998431763842923,24.80376388880841,105.17991983341767,14.599283311465063,33.1543718073286,0,0.07308191993977259,0.0,fall
1.9582987327940113,1.21193436996709,3.4963771699237007,94.71632435110232,5.928307987850444,14.116170561104713,47,0.8671568118762365,1.486995168865942,wandering
2.6420182876728213,2.6415402965453953,8.875446770150829,115.11737170648901,16.484339990246784,27.450322412015424,13,0.6774951915973053,0.1319955021392834,distress
0.9065356559089272,0.23144184027212117,1.3176910212385138,73.8928573186912,1.6740122784548983,-1.1085850254696767,5,0.01929012456904542,0.0,normal
1.5139461691966964,3.8661143544023213,21.80669067780586,107.98790345381323,5.419282708967385,33.346287445124716,3,0.0354796826465295,0.0,fall
1.868223789425363,1.1220640536387971,2.2464064750730697,88.34024066013723,2.9069993345805654,8.940781713230574,41,0.949968818569755,1.0840612229234807,wandering
2.165172703002968,3.6526673367277436,6.985472493446407,111.38183230652922,10.886914161467699,36.768620995199896,15,0.6294271784241693,0.4563742849009384,distress
0.9164784344697905,0.08522839877459094,1.2407632031893578,72.422825745231,2.890918711242797,-0.7083312897514,2,0.06572632552844707,0.0,normal
2.7597250750139652,5.656213092134614,20.244852270674766,102.7644758538261,13.305182924440363,23.53784746312051,1,0.062092303404577456,0.0,fall
1.8483836024811842,1.3941483134135995,2.331322885679238,91.15460192911254,2.770138764878331,10.70888172158414,38,0.8785609803287733,1.4485135722803935,wandering
2.719753204749697,3.07838482303614,9.314038731061931,113.65893180233476,19.942424865888768,43.07777411769608,7,0.35935594633539814,0.3659415548692982,distress
0.9770516884731405,0.13130793162968507,1.105443350306585,67.88465933955163,1.016998968455313,-1.609308999430056,8,0.05222393088959931,0.0,normal
2.9315415601006443,3.0694407993161197,22.39303362747071,100.67906312031879,8.14079129877701,21.7752056138057,0,0.028837689254095824,0.0,fall
1.4099010266497982,0.6286227353041021,2.4720960214603647,82.88173554562957,2.4476474663604058,7.130847828337928,33,0.9943093056149707,1.4478373608111508,wandering
2.1175164940431985,3.4949470449623763,7.439188504483127,109.76948240969367,21.35092771891204,34.044438096387445,13,0.3127710537836832,0.15605855350869974,distress
1.0506627541439708,0.2846566182786675,1.1738617223856713,67.6650932804481,2.5529761914265627,0.34516981541498915,6,0.14225524611474277,0.0,normal
1.8690992772630128,4.781754909968408,23.362689053871364,106.85895234570191,11.35297407104375,33.6817702324751,4,0.09516670972245973,0.0,fall
1.3254367988605618,1.481716865820272,2.618431196722173,94.41860520669994,2.8176353027121452,7.078307396217363,35,0.8216511590589767,1.0596971140133316,wandering
3.0550608739620952,4.68504826800004,5.6791871744005125,105.20931072695377,13.277761526741637,31.425167497395616,8,0.6183484400448198,0.4036122274266595,distress
0.9171728949814775,0.17365168837185962,1.1267079768278665,67.18569016773566,2.643327501073227,-0.34898041996559526,6,0.19789370323004668,0.0,normal
1.7979464070800777,4.26020740859574,15.260115584166535,101.3814894298256,10.775430306667749,34.958706595153934,1,0.06830095476096675,0.0,fall
1.7067067675159748,0.6366094769658703,2.0787974138728966,89.99364524390096,5.379939713671964,10.231454381673515,36,0.998737456290636,1.279116720346821,wandering
3.0366354036634284,2.3678054548978826,9.272145152882155,101.19770172976804,22.168544262399244,23.29348257492071,14,0.47006177544474936,0.33508580986708364,distress
0.9948336421661996,0.2926766238901766,1.2671252756341211,70.66736300452185,2.300335272862075,-1.4735465578859808,6,0.12297053349861531,0.0,normal
2.0754643778719393,5.064960681390754,16.84887233084478,94.83232371521572,7.707779741550354,21.100304661903774,3,0.046353215682929105,0.0,fall
1.640808725321215,1.1265857118374036,3.379429833700812,92.7190226298482,4.263761214608085,14.646130707881854,56,0.806787243322068,1.038661280540985,wandering
3.024230803065661,3.8451010504045895,5.836138723981032,113.71412084076955,15.660227530328363,22.19439605928173,8,0.5343345534296872,0.038009027561804465,distress
1.02053881236169,0.11642058908922658,1.4398201703179785,69.16627735073612,2.853138113825117,-0.887709126569511,5,0.02583350583488682,0.0,normal
1.5480871602859247,5.049330760457368,17.54723881801193,89.12910348216947,9.633690128676825,25.725987368157654,0,0.007868759217909794,0.0,fall
1.5161225597552535,0.6452470774205457,3.2882354390196107,87.79118347362086,2.362258893141807,12.709217926662555,41,0.9886145822731903,1.3758375174745252,wandering
3.552420458921049,3.7651665045664937,8.018964992308778,107.4677249568382,22.577213517568516,41.39487685456682,13,0.368605456492097,0.37970771284418653,distress
1.0493407412980202,0.11423709454247437,1.3735349690950236,69.12686300708634,2.1739153209219424,0.3635433995649162,1,0.12363097525423823,0.0,normal
2.4347406732512473,3.601662641189167,23.699623552778206,104.90152577995597,8.651661396813346,33.119967721808294,3,0.09951703452686878,0.0,fall
1.2412969234022078,1.05021248185467,2.9720253197679014,93.1475404275424,3.4808476727678967,6.292056337444536,43,0.8502765805004153,1.3076435027286073,wandering
3.152442004772002,3.6356645487507095,6.518229075554583,121.39492139663679,16.35616697782372,36.42594250245685,19,0.44177869742506437,0.44462799076611303,distress
1.0173682631633478,0.0667637034790345,1.3746277716218143,70.57495016886385,1.7525854619452894,1.4289406695887474,9,0.08922750577895344,0.0,normal
1.9467223572983072,5.136879556187812,23.21939699183902,105.0262766618954,9.132962439363117,25.59951916886754,3,0.07940192942029396,0.0,fall
1.9192903822552687,0.5201730863251752,2.49673369843547,80.77570387642955,2.7018932141639245,7.808066207769534,58,0.8249834918273383,1.3742203234868717,wandering
3.606828106727095,4.191721668032529,9.87028420739069,108.34247651639329,17.564627681849558,20.118995289863896,12,0.33912767326238213,0.13244277299071583,distress
0.9972693155662679,0.08418567065704109,1.203404344075588,71.87641288886519,2.7435494678012384,-0.6123307527435551,5,0.06748747975634291,0.0,normal
2.583485416354031,4.1263467322472795,15.760195905510846,97.48348026863897,12.046080050391092,23.866508343059834,1,0.06900090487276549,0.0,fall
1.7409780871450784,0.8069938286433813,2.2539863132470876,89.1750078365269,3.5120634254058767,7.544682791663848,59,0.9017230514038777,1.1092874208945451,wandering
2.2715652433661058,2.6934706627931857,6.473127010768724,119.843832755269,10.5140283650373,20.439654080819047,15,0.6560265913148184,0.13277458216243998,distress
1.032961984231251,0.1619800652916124,1.3409488583889084,72.34660163891928,2.149658765438168,-0.4599286513156797,8,0.07929135166070736,0.0,normal
2.733933221586849,5.725302412580403,16.818004607429888,93.3381242169299,8.41205143046564,32.53418751992718,1,0.06981017719581015,0.0,fall
1.2463476362134254,0.9955805293178499,3.0786298938862946,81.65860628655824,5.911962977422945,14.560778454419898,43,0.8886018889545594,1.2163273759651663,wandering
2.5410555377049997,3.9282420654104566,6.835300212941194,121.16899878227062,12.836436589665691,32.97275573403612,11,0.47628503180139603,0.005974496721245226,distress
1.0900168674705544,0.06284924451548739,1.2707456465907279,74.82914865160079,1.3466648799177652,1.208090811325639,1,0.1686875479645693,0.0,normal
1.5519865023089259,5.615869363033495,20.89630502366616,91.23206201050301,8.497562217744669,21.517518824012797,1,0.09510974245806278,0.0,fall
1.9426657390674125,0.9450966873092908,3.5716388887889643,80.86888524123921,3.208189704633761,14.695616053550415,58,0.9011312282988786,1.497323788924516,wandering
2.170311110890503,2.0092067457063187,5.272730303127889,106.38935199712019,22.208732222202244,25.64283205246457,8,0.34791391769014446,0.01675691093129278,distress
1.0502170232544203,0.12052501572869904,1.4681490228522325,76.34049301057915,2.0792458675786936,1.3961158866830936,8,0.15099946182910523,0.0,normal
1.9052621414850979,4.136572067159163,15.469674179911445,85.07358576659443,11.37166726739332,20.654383199288798,3,0.09666692242565353,0.0,fall
1.646805730814975,0.9672060896114413,2.261691853117047,89.0912348158453,2.784281201836745,12.020984399674562,45,0.9103119261385912,1.4029907764501812,wandering
3.9727362676353595,2.7491537731508875,7.8290866985605705,106.41487018522555,13.396320679989257,40.64419286152015,18,0.35961474994614995,0.034273967628338675,distress
1.0910052992410764,0.08659369544527466,1.184828223491636,70.08268272533209,2.226345229009724,-1.8205958453967215,7,0.06117427470026409,0.0,normal
2.9477505707291543,5.2237815562105645,17.963564140769623,104.30381584696994,9.606158045120036,22.777619400677025,3,0.02174652123511857,0.0,fall
1.3919143740932158,0.5917824197270994,2.3871787306849654,82.37455779991275,3.3647856385233736,13.294686375338205,59,0.968617682122214,1.3712424534338206,wandering
3.1995932904969626,3.8182083752213014,9.446388483128874,102.1681932324094,24.50317796816871,37.29481720355691,17,0.47133370013695075,0.06426841754832685,distress
1.0481472914407095,0.22904163872623257,1.2917318393669976,73.21563141940575,1.411298581019396,1.9463841510951152,3,0.13448867884759028,0.0,normal
2.7999031638254945,5.414754235787159,18.80114384762265,92.21270374135646,11.009789809741472,23.354648842632223,0,0.051044169664575395,0.0,fall
1.8537223949161437,0.9354600285691882,2.9907168116532143,86.9309547333844,4.339819498768465,11.37998085510781,40,0.8037534935529121,1.1538318179276343,wandering
3.2340737668380553,4.740879627483036,6.763168993666239,101.50978135975375,23.263016440456234,26.271827489117456,7,0.3751878578246999,0.10421552897750458,distress
1.0193086796029256,0.23693844368402772,1.3057268126074788,76.66443500284578,2.424781993510634,-0.31975322183961685,0,0.06381800066655122,0.0,normal
2.1599893926768416,3.3888912377395077,21.997745979129665,96.1663773915737,12.565660848941782,28.507696399997492,0,0.055222465335988215,0.0,fall
1.9855353730669185,0.5600696691030493,3.0296733349511347,91.83667794348322,3.182148134474566,9.434416342003438,39,0.8906780832143569,1.1384586401725347,wandering
2.6890323103498246,4.251547861377112,5.306840204469096,117.98549698479769,21.596124790504014,16.11591527748746,7,0.516026758628813,0.13615951818044236,distress
1.0813475725570219,0.20305183568792218,1.2304705126037723,71.39993962695364,2.2876767325700893,0.5915242319384046,1,0.17694230209592443,0.0,normal
2.913551838798078,4.314921716998959,23.462578813287905,95.70030910038938,7.206925902876755,20.16772666296869,1,0.026775183500875734,0.0,fall
1.8261366643739674,1.491698002725343,2.1582346981295895,93.7166113401778,5.689909210295606,11.468542864305258,34,0.8035575093753281,1.0925422606617725,wandering
3.4494888814787936,4.454479012356556,8.949111354728489,119.16568365728827,22.59306248610966,17.513651738208836,17,0.5852654732379863,0.37140130642800684,distress
1.0761694797103303,0.2902810931803192,1.404729476515925,70.855558276108,2.589181785950877,-0.12154331592766576,4,0.04872755585187534,0.0,normal
2.1944859028739763,3.2057371752224224,21.227907778823575,97.10939620053782,5.273595647267504,31.01494822681459,2,0.08485922616557645,0.0,fall
1.8202725330650031,0.8219689072854112,3.114738562195498,89.05863701123931,3.3800905650152293,12.635709591934468,32,0.842558417304955,1.1702190742029042,wandering
3.3766682014583065,3.1635008526185073,8.242973545319703,100.27026688755413,15.5927760314644,33.81128853263491,12,0.40254928007349833,0.3703319868321163,distress
0.966077089684748,0.1571165520026751,1.4496204263211303,72.06408087799673,2.675473756900088,1.8118780909177734,7,0.14790045825879586,0.0,normal
2.3126257089018463,4.775545531002308,16.34635194709749,97.81226911273788,14.149282200696382,23.879693990336072,4,0.09664595688626998,0.0,fall
1.8974517151255044,1.2892997082314164,2.5921776868746687,84.8701187080236,2.5959723327403963,11.410487090687342,31,0.8360411340475505,1.341734361138182,wandering
2.414750648480924,4.044589354257762,9.418288200747252,123.64751768072338,19.268144331913277,21.656264029062605,12,0.464759934871271,0.3395484837339435,distress
0.9881890155545675,0.056318792282537014,1.0165123247936476,75.57532981238009,1.4809767641023694,1.9817347385125736,2,0.0189043811596906,0.0,normal
2.9939681284114354,3.400355286100788,19.89189591639268,103.89554067256047,5.988811093393376,29.42817253529839,3,0.005446400697183107,0.0,fall
1.944587352408864,1.4008487057814332,2.448407896467651,92.35374334526006,3.6968703194213957,5.203507444351834,43,0.9160321069238123,1.1086599845225231,wandering
3.80420629701673,4.200927006102751,5.903819570203069,126.95854120349219,17.767880295086393,35.17975197796146,17,0.49045401643952524,0.19327670389915969,distress
0.9618713594023431,0.19547694235598412,1.0507350088540328,71.68215565238984,2.3988379301090967,-0.43212846163479446,0,0.1945463831691451,0.0,normal
2.205628883720281,5.388663137129159,16.575235956897895,93.15069510624177,11.234425326366434,23.440710288527004,4,0.039677964602358395,0.0,fall
1.515377012440553,1.031471902841644,3.755723820401914,94.09945657350953,3.795355425671616,13.61905186876432,41,0.8598381672614771,1.0707429286775385,wandering
2.618398173756395,4.049651464836005,8.296778504593547,102.07879652525754,15.57075044938795,15.69389342110646,11,0.6121850172303047,0.2994897272685108,distress
0.9448453954086777,0.18789099172775553,1.1356450003765848,75.05911019054841,2.321057272007515,-1.475170724117679,2,0.1032984531384875,0.0,normal
2.752104759159574,5.605859449726443,23.235907516611682,98.52544780771785,5.583502962968376,22.501146270228713,4,0.06738032010309757,0.0,fall
1.6335706927549567,1.1359449213710153,3.4626542783764886,81.43726999623884,5.72363732422555,7.487904492001059,55,0.9923149227583145,1.0450791275235702,wandering
3.6267375430289137,3.606931314146641,7.497849616704422,120.67115302498777,18.404536907855103,34.812386117259194,6,0.568802844355442,0.35144703488633733,distress
1.060884119799472,0.16540749905752256,1.086286458600992,70.00913669988064,2.903840418678233,-1.1340196128739573,3,0.12535410995656995,0.0,normal
2.231974764104992,5.935843788349539,17.75303049287867,85.30297313792502,6.566070372918112,32.258668168862,4,0.09406774211890757,0.0,fall
1.7469039513159093,0.9276489822982827,3.303806401085252,92.24390971391539,4.495828007386502,12.910493094990208,56,0.9480742301142788,1.493966127948387,wandering
2.1115133975577,3.8514184534918536,7.429828567114994,107.0492721670438,11.647215234397281,40.914712399244415,15,0.32650302643679835,0.27259573103642226,distress
0.9946374540901474,0.26043689209354876,1.0468091109247433,74.57395819428598,2.553515122490526,-0.25937368360718915,0,0.020444437148883533,0.0,normal
2.004372626840821,5.554446953180271,19.138494133216426,91.74360645089156,8.812328727652275,22.09852035830504,3,0.07897092791285829,0.0,fall
1.593412529526925,0.5813362364982783,2.133943273737028,93.23529286634108,3.6031922806597025,11.763465011127145,43,0.9351641450330865,1.384334421610844,wandering
2.590297216510168,4.949874224010431,5.593759655349583,117.39941063123344,23.270636715011058,36.14376867803905,12,0.5274982973457404,0.2343250361548524,distress
0.9088780288130958,0.11851311802241347,1.2276288309731267,75.82300877199017,1.5734684413825577,1.2801045305396515,7,0.17891342774622834,0.0,normal
1.5234272742867907,4.582554062212465,17.74431647208938,85.27543450265888,11.386866299151073,34.11913838265984,1,0.09154309628054093,0.0,fall
1.7303531295593602,1.0751688778780146,3.872048323544906,92.15823538441268,4.555174825539574,10.92810530868837,51,0.9238281595517865,1.2934351087422469,wandering
3.4566243968320736,2.5454680818791413,8.76067324609138,119.2758953964373,21.18207488374824,35.897557499650134,13,0.6803665357417862,0.18910975996805418,distress
0.9899764931490651,0.0948828562710652,1.2941154419129346,75.72173546115584,2.179167797052055,-0.9965792121644261,1,0.03016856233245966,0.0,normal
2.523666236564913,5.800409109123208,21.003865013226893,105.71016966051391,14.922947628778584,29.080072436189926,3,0.09840217366622636,0.0,fall
1.4592601454299372,0.6529046182223115,2.25039673570814,89.83949063073652,2.330485099546261,14.325610516249347,50,0.9827971807892273,1.0716737484979577,wandering
3.3240664075211144,3.7608170479704786,8.532411512183781,101.14805181718361,14.713907310880245,41.1140725924499,11,0.5841097542555425,0.02519507119140746,distress
0.9442583391888678,0.22155052007703108,1.1530644142286608,71.79329021168168,2.104298750833812,-0.9819188358882616,9,0.13750689971728836,0.0,normal
2.720943376355033,5.134610226939688,24.680862408927652,99.31264079267912,13.31676593868392,31.445939792921685,1,0.06488818015660505,0.0,fall
1.880161569609052,0.6150034894136863,3.28324407099487,90.29868373395824,4.720753413771826,14.635458135036302,30,0.9561733822861752,1.0557584022237465,wandering
3.8713045854058903,2.1780359881694844,8.349203619396778,127.40675728769543,10.371288114380809,28.157100164436276,7,0.5192195495562902,0.1480378152513422,distress
0.9686294582532454,0.14060476596736965,1.1378134322073281,67.33392724715934,1.0635104643145545,-1.0424150117830115,9,0.0033846098989791743,0.0,normal
2.6345683113870866,3.967225921633028,16.825858314218127,109.5368903285005,5.646691687673381,24.03670049109355,0,0.026257679168342353,0.0,fall
1.4407763387215216,1.2081549946670065,3.715332231543357,92.99867119953592,3.192108466886887,14.269402683077425,57,0.9904479412043439,1.3559479448486482,wandering
3.1732296685725543,3.074446555799044,9.449674758704798,123.73138658097612,22.938985939528123,32.29809319647438,7,0.398430213245465,0.11451379907683457,distress
1.0189107152302854,0.14247162404535918,1.0373547855478669,74.17337149777961,2.3796659534474607,-1.9846128232872573,1,0.19989769214773623,0.0,normal
2.689207420097382,3.950331153648957,15.212823669612934,100.42732429588756,12.653106178925803,32.09731264900086,4,0.0669790643176811,0.0,fall
1.4944078828686087,1.3385270770410782,2.069899050344721,89.7146308966516,5.443308558186914,10.086876976418555,48,0.9303674832766424,1.0679122354111312,wandering
3.9121068300042445,3.495159905339625,5.554065987285491,121.96594597959007,14.595411489814323,23.269383480937577,13,0.5324429132817439,0.15433351911991877,distress
1.016733622519935,0.13033763020954459,1.1762835245663141,74.4682433384909,1.7064794735017736,-1.3232114733791165,9,0.0941154380636192,0.0,normal
1.962893915262534,5.02976230465628,17.13618049372183,109.68789347827689,13.574569987477066,31.789446624387242,0,0.057690902053795935,0.0,fall
1.3358356171167771,0.7065749679768972,3.380903251975602,81.316330575609,3.1537757067290673,13.667841886210656,40,0.9947311400246373,1.124902665266637,wandering
3.7508070464813565,2.7875641816977295,9.563031564942037,125.00933090976251,21.687242858541104,36.39669195627461,14,0.4343521254782736,0.36434333760225435,distress
1.0364656605106846,0.29968061773120075,1.368415572651259,67.52454444397654,1.3334520753167498,1.0962189440254946,9,0.030187307637906446,0.0,normal
1.9014692038656036,5.027480822751516,15.89307118847644,90.3358552668808,6.682157567630557,27.786268339019045,0,0.08682477287274233,0.0,fall
1.9713078277276743,0.8398281629285779,3.474681480930079,84.94424505639141,2.7618784625837667,6.986918522285944,35,0.8541390993533661,1.3261165229781544,wandering
2.3476160078854287,4.742424015851912,9.30791933854368,122.09060716340288,24.853567545028387,28.045905409120653,18,0.34294352433576086,0.10374083169684717,distress
0.9196481840957156,0.23049556866070992,1.1634027475185378,70.18113991547311,2.6478962029637882,1.2806079383524733,8,0.18894428377107336,0.0,normal
2.878291041065003,3.4824672403173182,23.496818342536905,88.168468137316,9.783085075707591,33.282499022359204,4,0.006569791500507383,0.0,fall
1.985584747446871,1.47709660791063,3.9506396661362064,85.2791929887172,5.185980676603203,9.281826551852372,54,0.8084773383025322,1.0727282100484694,wandering
3.7693272539004035,2.8936950990625965,6.987858044011341,127.2717698005401,10.335388781437375,43.49672777494237,15,0.6099982671969904,0.4071695051219187,distress
1.0890249901341718,0.12185497917793726,1.1744081896785923,71.23116439158011,2.058174161491723,0.48238467522542905,4,0.1103823417356316,0.0,normal
2.9573659115726247,5.192569507818552,19.701728631910854,90.51252308197947,12.145532844285752,25.54577449345653,3,0.08816953494520413,0.0,fall
1.5394313549532526,0.6691518141213709,2.096827184787843,91.48291870746375,3.725806699825156,12.833859487630619,44,0.8500288005485568,1.00710210032835,wandering
3.8415500913499327,3.6571685770793128,7.30666473672526,112.69586902179431,13.693451536800946,25.95642151672887,17,0.5407627157081027,0.3120631784860263,distress
0.9077929127268065,0.15546698842416246,1.0332810276626958,72.76197272606626,1.1502623994079617,-1.9883347232705066,8,0.016223678050927393,0.0,normal
1.606608952483096,3.4037749351500195,22.243226051801553,102.94162112140637,9.200773615639129,27.07277097622341,4,0.028046042927701256,0.0,fall
1.7818444154178072,1.4689030144334327,3.345969182139075,94.43509916990504,3.6309017134280364,7.54800129715507,55,0.9493009735235236,1.3012304055230324,wandering
3.867569828898195,3.259962225496258,9.909504411698371,115.28550729256423,24.08272716433593,16.205436969844808,7,0.6109519413356008,0.47287377866904395,distress
1.0620071453171187,0.21312015889497143,1.1152105776686465,74.95268891370601,2.7936985101910663,-0.6006885495440399,0,0.10128151453876391,0.0,normal
2.474338739524301,3.5773045774864123,20.576210727348403,99.25125893023298,9.261345520380381,33.83367136139353,1,0.008599582220461878,0.0,fall
1.5939017696189912,0.5102904669919877,2.1180910206284205,85.39790782972239,4.1550782057558315,11.949630350164886,41,0.9123749681057625,1.3320466668262843,wandering
3.161372084510569,3.441278094095216,8.465580040139162,120.77423765260998,18.30175252168523,33.67802027197938,5,0.6925135832708965,0.4390913360120924,distress
1.0440876391211702,0.25927978572373844,1.2527701745232536,70.19568145930481,2.7993959085685645,0.6397001879703463,9,0.03971104723556378,0.0,normal
1.7229052893319725,4.650168630608317,15.10483297321142,108.68140565754072,13.87725139421447,34.24181598946248,1,0.00536948770230209,0.0,fall
1.3257550395086095,1.239517394853082,2.7504318976871756,92.81041698442428,5.135367821852607,14.641699284477719,57,0.9437537808592344,1.3818798728678963,wandering
3.404506091731501,2.741893184824092,9.796941559313979,107.82103598603395,19.20276034083916,17.39423797705439,18,0.3991525242379086,0.12102772333028683,distress
1.0335014885050957,0.24906326594384376,1.487044652930559,75.17132729049389,1.8387284028706035,1.5681572300432713,2,0.016244648657442795,0.0,normal
1.6302528091334847,5.115143606204601,17.119415544267675,94.73543320192789,8.97858041962553,27.458619036319913,0,0.09185257670567641,0.0,fall
1.321160427554208,0.7982862004223937,3.3127848983384753,88.89402892418347,4.1677144588184305,12.195373102645519,37,0.8904983284226093,1.4405750762070384,wandering
2.605357452324305,3.3259978547003275,7.3293219738756115,120.63871718113123,24.272838742220465,34.03987768460284,14,0.49799398271438644,0.09581017116587426,distress
0.9696808736508835,0.2628869449084889,1.2768387808599178,76.20635831112503,1.2679153985284177,1.0643402337579997,1,0.19830917839646942,0.0,normal
2.949705454545057,3.324449000638541,21.42509312807455,96.89416824711954,8.33083999165546,27.80426398492671,2,0.02232560225384498,0.0,fall
1.2637985192074168,1.2669289698434234,2.070125474710454,83.83447282926012,5.290723574478639,8.493086245869069,49,0.8207803268112084,1.3021221265375842,wandering
3.879530974900567,4.558568070790117,7.463141217707724,110.87089228964946,20.748811346346187,28.144715713781814,14,0.5179662768968052,0.46764439797405627,distress
1.037972720538726,0.177171688237039,1.1667087895974781,76.56903752797639,2.9725463038936093,0.9755002495761209,4,0.14562458820551447,0.0,normal
2.6881619800675853,4.651351910944996,23.322642578083943,100.58063768993935,5.787092866564279,21.359176462917972,2,0.0027575578070710097,0.0,fall
1.525542870757272,1.3013053835892592,3.5548608063590463,90.97543231283422,3.660939249482435,8.454983822978548,40,0.831716461207541,1.1966768852327787,wandering
2.7324852608403782,3.0087952836401484,8.141185018392262,120.04937996370586,10.256569730671318,33.13355110287988,7,0.5134553791380309,0.28117833059466724,distress
0.9157928334534566,0.12914156499641516,1.098461939386788,72.3761582441508,2.46247750443197,1.8452985617839688,5,0.06476436897074588,0.0,normal
2.3924572423340074,4.583277554909868,22.808524509534607,98.87073510392736,10.658001429524024,32.20296807450265,0,0.05796962577920356,0.0,fall
1.663884297536618,1.4679380756925158,3.7818136585287276,87.06466937036733,4.719212595705529,8.370162340982716,51,0.9883577635143184,1.1822616825269228,wandering
3.0211028412440903,2.748890408978358,8.373676007997444,110.719509184076,19.28590974989596,25.93095497590499,10,0.5220810329292349,0.36543285745411813,distress
0.9070805037373304,0.11184626548172553,1.043497771540438,72.07326566643997,1.4956234137168265,-0.14772218530305326,0,0.027257054122729853,0.0,normal
2.729010913879595,4.025056828787752,20.743262735535808,92.97914884069006,8.475940771435111,28.76275454960243,3,0.0035000785687071545,0.0,fall
1.4870758434186357,1.4630125006700763,2.6692748321276514,87.59331191230869,4.741489516587708,11.621074546014453,59,0.9215265396723328,1.2525962032485674,wandering
3.2520872526986726,4.827333700556764,9.63425592091973,128.74284149744125,20.721618434285574,15.043673249073962,11,0.6531935980536918,0.12367976527500468,distress
1.0204789261132137,0.16743109826400515,1.1063745319075657,72.76534330724473,2.707348593980158,0.36858251886089866,2,0.16038961964972934,0.0,normal
2.5413671713562427,4.772586701655063,15.14927492577328,86.77389940682625,6.009792105769648,26.56216366213519,4,0.07859581999647386,0.0,fall
1.8824057973828248,0.8209204161856077,2.4593602326105755,84.7553493840464,4.969469215073808,12.464680292050623,38,0.8781833393170919,1.2299255515316516,wandering
3.9346917762799407,4.2116817314807244,5.9495856205095325,126.75612090268919,10.165541381856501,20.342188587960553,15,0.4196099193051303,0.30292987619730616,distress
1.0766276246888073,0.22754279760655238,1.4040176100621131,68.09692185440781,1.1866553327099987,-1.096870445312185,1,0.10439301831756814,0.0,normal
1.8291805665970653,5.231569387426415,21.71319063937342,89.96061349980302,11.16997927998614,29.21784378637191,4,0.02448462336956835,0.0,fall
1.9716773651223745,0.893229644980155,2.6132118493256744,91.16596391911582,5.002948001597581,8.3587563579268,37,0.9408042336471767,1.062425079294621,wandering
3.6421818782959177,2.1195365824450936,7.65305540308183,126.78584702954078,18.076629610745265,30.165029718848277,9,0.35366265126940805,0.2331616337145352,distress
1.0453366466423413,0.20897816768903055,1.140724426349664,74.55863714775937,2.0131246814060164,-0.1398966254751315,1,0.10203903688860257,0.0,normal
1.610490603745002,4.128576181479037,15.985478296466338,98.77891661060093,12.253255913969099,20.895527713574076,2,0.09384384714056555,0.0,fall
1.6572324588746123,0.7944888794216579,2.151229903705515,83.14943810931867,5.750723151996667,6.147954394561612,51,0.8216171296356325,1.35279830599197,wandering
3.749195178056911,4.818826057865657,7.7188592192383325,129.90084043098457,21.899230859818623,27.310818351421513,15,0.3691622297107125,0.2302885844710496,distress
1.0468520387182434,0.07292834683215303,1.2545634900241787,76.52945828612252,2.1170312052832565,-0.4836103963891807,8,0.10117799859830223,0.0,normal
2.4848108798978403,3.565727608119709,19.09690598909416,101.26351267316458,11.938465866735365,34.39792754692432,3,0.02882917473820006,0.0,fall
1.414803761694576,0.9829722661296796,3.2542662470242534,82.47928973929979,4.286907350402257,14.257378673785233,42,0.896948612131633,1.3365491194186045,wandering
3.6080724869845033,2.87813604320897,5.456833907136795,111.42300062058045,14.211760310660349,22.941234456082963,10,0.5789715114543559,0.05290450279845221,distress
0.9543586390478073,0.13306839125737235,1.4268559557858982,71.73600820472099,2.468066963581217,-1.0696873631922483,2,0.1671670868875191,0.0,normal
2.7951162342850275,3.4399189324065964,16.00027629994882,89.40450188093394,11.578387428590364,27.690238772366705,0,0.09332749553681605,0.0,fall
1.8941597206747556,0.9318411610197664,3.00854817898279,86.4163869316477,4.020695732474806,12.081810194935581,49,0.8600300179920255,1.3147474804150765,wandering
3.378268062813519,2.189431853635071,5.8745356247833165,105.65813125048273,18.52241216965619,20.96384616888587,6,0.32323055531661404,0.059468306961698914,distress
1.050754303962472,0.2060408517476015,1.0109112298922804,70.51310254618097,1.783583756761088,0.7408982570656621,8,0.07274381597428055,0.0,normal
1.554067624076929,3.211033774992797,24.162782775608036,94.97041661664274,12.176176786606971,26.943680045161415,2,0.05835800336291994,0.0,fall
1.7249669670764962,0.8990030422304572,2.3654246437743742,93.58497695262281,5.671151722223766,7.910143251636159,43,0.9654176140870356,1.2049427654248963,wandering
2.689891347575193,3.217260062549566,7.5882462728763524,112.38175966558246,24.665939007287502,25.937965798257864,16,0.5833050204440623,0.1867817219834625,distress
0.9245562167345308,0.12801650884541688,1.489573555102822,67.67613187329117,2.1028828216109132,0.3015999497651216,8,0.12227745084354605,0.0,normal
2.9692970157352625,3.537998924461148,15.77677900898024,98.95144162984423,5.186620682120458,24.232845311790868,3,0.04387147323176788,0.0,fall
1.5680095878165816,1.0833393562378544,3.6528402568381138,84.82184399391947,3.6944025503636375,5.203788607523173,58,0.9836750919975088,1.0404672123170708,wandering
3.4914425890759837,2.2846684054626722,6.027956886657305,110.16038889631274,10.934730449783896,20.1900384946748,8,0.5145514714848531,0.41030039689973996,distress
1.0334673893178405,0.26623253916336775,1.117894496526115,67.09190595607865,2.037627277168243,0.9947198597233871,6,0.0416153604395205,0.0,normal
2.8647129506868363,5.7540194675248255,21.27419996039091,87.02242372798086,6.507547978796929,33.89014787398956,0,0.02872295157906768,0.0,fall
1.4812464298468107,0.8901071879658353,3.4050501067290635,81.24153335028413,3.903536114052185,7.332339258132694,45,0.8592980067590292,1.0113567708672915,wandering
2.0914856086472025,2.084953077003262,6.57045119753252,110.57548136852324,11.245692975282115,34.15759054354365,6,0.3341200018405941,0.4185192915290057,distress
0.9989840446999256,0.2714595254232791,1.0595136585423843,76.32130402510218,2.627842612612578,-1.0680469565059267,6,0.13545114357330704,0.0,normal
2.2176355138143142,4.641898717263674,19.220618746547387,100.7672692987676,11.014712814410546,26.02573350351278,1,0.07465921106504088,0.0,fall
1.4807168358879719,0.8212946416713356,2.9283328208743735,86.63372514045439,2.413351780434764,9.089069814658727,55,0.9852442121173766,1.2735061770028577,wandering
2.6288795503374454,3.261837215209036,9.634495738567066,103.37753826125217,11.553762607518356,28.58326071298542,14,0.3648662332500203,0.1822974591055062,distress
0.9736895669308501,0.2772667793689059,1.3005502946176126,68.69857900354818,1.9596391440334955,1.9103744424442777,4,0.11595432224855749,0.0,normal
1.7866773777757792,4.599357937286584,15.616314330870955,95.49415886741497,10.204537029841276,26.671890602783108,0,0.059334191398591245,0.0,fall
1.8709111323322842,1.4893004084513732,2.19961873678979,91.40732714776826,4.589804148325207,12.179802862964607,31,0.9900517399414884,1.060053744502671,wandering
2.2598127939627863,3.7221025330466055,8.093174711309985,118.02643119147783,18.810587262107525,34.51894115689329,14,0.3143054950092388,0.00893244898988299,distress
1.008480256181739,0.1943349897066941,1.2466261056065138,75.69558569452285,1.2532935833938263,-0.2739449374796532,3,0.16929601745912032,0.0,normal
2.022173333879953,3.434653682892206,17.191555436656753,108.5547092463142,7.725648641374546,27.694717188903898,3,0.09804161825326066,0.0,fall
1.6877682501092846,0.9293372064481974,2.343385110216345,87.19364468665363,2.0888788475192914,12.964012570040595,43,0.8424161823149362,1.249124818698963,wandering
3.861900762675099,2.8577425350112113,7.347264921545085,101.80329552942632,16.218078178789185,32.516100597062604,8,0.4242913736119134,0.1590962068887451,distress
1.0299136152400261,0.13300772826780277,1.4149179506391052,76.43649827799686,2.471165206221994,1.1718997082897737,5,0.015833151111513045,0.0,normal
1.7982021478394397,4.417925964191458,24.31977280123594,107.87398264680785,6.20859212309969,25.621031595548537,3,0.015526509473165208,0.0,fall
1.944080403191719,1.0939087180634246,3.4481297294004154,87.41160557841465,2.5156032274411326,11.97573201183754,46,0.9880193887522452,1.2925898840457455,wandering
2.3932718069473515,3.8321081222907223,6.653488601620506,114.42951973541527,18.57601822150958,28.60782380293968,14,0.5929058378875975,0.3178128518086452,distress
0.9268225869349106,0.16369159189567423,1.2511207757676748,67.08410090260057,1.414895320424991,0.12556548799737222,9,0.13985872857922235,0.0,normal
2.7802810186518485,5.075208336131235,24.359564301918365,90.1300927796194,14.661145018146264,33.632261392228486,2,0.0035086617123685996,0.0,fall
1.5483157334112372,1.2567742556123833,2.745675266005115,94.98143467355276,4.217291723834164,6.810398383071712,53,0.9496562971253284,1.25797533836732,wandering
2.8902227823987223,3.057410817956865,9.669761058925488,114.78921950783393,13.616502272594154,37.210169726282885,15,0.5548948103522529,0.042005735296842484,distress
1.0680815993628863,0.14099151235646584,1.0802831935304575,72.33530985587716,2.0310961040376423,-1.071303624708022,5,0.035671147868350066,0.0,normal
1.7006690470076018,4.048491262980482,19.75327120171115,108.54451874890201,8.032340284695138,21.411039467023116,4,0.06084559263970077,0.0,fall
1.2351803729109287,0.8162213193630354,3.6149812102596592,82.37680104346151,4.6898934725945765,12.361708718490886,30,0.9356056933151932,1.1222304755552592,wandering
3.1662858125209015,4.968870385320621,9.51871560730514,113.08818489723147,24.886796357647537,25.705095279227272,16,0.5659324632168281,0.41646302155674314,distress
0.986681135875814,0.18349763287726356,1.3134073507485902,67.43995193848207,1.5293878631438402,0.545960828213429,1,0.03389813950408451,0.0,normal
2.0200381159210217,3.479151194928695,22.555665455542012,92.83217104656558,12.477936641184272,30.789530216656658,4,0.036856756752539424,0.0,fall
1.3530476056073044,1.314888913742781,2.2068343065342297,83.86137246087932,4.654314615309637,6.786825953040157,46,0.8118843379976526,1.403339429036646,wandering
2.499627892392751,4.889991038237534,8.329305660000118,102.91938523558538,14.240879969035426,41.126779245203096,15,0.6004064464587667,0.19904510435688738,distress
0.9061428649667626,0.14472968658880786,1.1907308911664705,75.4287296138344,1.6693686734645257,1.5149662786598408,7,0.039250892578381484,0.0,normal
1.7295994440007303,5.132486921108525,20.726829259617354,96.77618273203451,10.726127544140045,32.8782968507008,4,0.048058322395787334,0.0,fall
1.597112468468978,0.6228992777836917,3.884408683539636,87.89878041296923,4.756867370164093,8.551886449781552,34,0.9319667886384485,1.4599721835620796,wandering
3.173198980032236,3.1051506677120697,6.4957687230508805,129.4874124917962,16.780971769096983,20.077830528326942,5,0.6732114628770607,0.03574716064811617,distress
1.0441902596501818,0.23059356282452587,1.4997525873865587,69.75258224061531,2.145151637559497,-1.4772015013310096,1,0.13801808353427428,0.0,normal
2.2177047788753472,4.495949559781243,19.460969339392896,95.69258985207807,5.119968170807406,21.258088974690235,2,0.0379203590330418,0.0,fall
1.9098274936755593,0.8137730927469271,3.1028529620219905,89.88607028001233,4.078316640810249,12.25707000224774,34,0.8618430584703465,1.1336245512239649,wandering
2.861025029454351,3.9567524148362936,5.8283060767992865,109.07241065078983,16.78680184947015,33.80636790481586,10,0.44558141814292695,0.18742706977681695,distress
1.0177643557957623,0.17860234832202126,1.4125110438629291,74.48436746250975,1.929531981707988,-0.9240592957489793,3,0.10585585467916087,0.0,normal
1.9069384993717788,5.415597536604095,17.28146181462749,92.38329629894355,12.520409672298747,32.46158925360716,4,0.07658857975009031,0.0,fall
1.4053086203157013,1.1444337324213698,2.035902724542222,87.16467814616324,5.8614067160759475,5.373107424855236,53,0.8309228139453851,1.4952780641371621,wandering
3.885573537146119,3.822165974177538,9.931442735835798,113.57616097182924,12.516384090327442,21.074231399292216,15,0.35164585946491184,0.23383514736696198,distress
0.9935116754055437,0.18033320608028325,1.3484054898555697,68.34374642149048,1.9768419817728593,-1.5661478305092986,9,0.15462958425341178,0.0,normal
2.2533610921436424,4.743905908720304,15.464899128885811,104.79680689446243,6.654591390399388,33.687833972343036,3,0.07773800647090728,0.0,fall
1.7133376421748485,0.7498533426725367,2.239284305857895,88.18908179385444,5.946341312225281,8.149749973139286,55,0.9300201608516137,1.309211568417442,wandering
2.51777130514352,4.040299761615422,6.717222445681791,103.22023674184341,24.615469072689166,40.15050651594734,15,0.5216694683012403,0.10628251019697732,distress
1.0958301723949846,0.1227061192646426,1.1824620275558488,67.29060751697591,1.0140754378640429,0.713251367006416,1,0.0014372132396162974,0.0,normal
1.763057004963105,3.966289487706839,24.66632754552201,105.3468623917635,11.031774461608475,22.001253814347876,3,0.009750525365234753,0.0,fall
1.579268790346562,0.8531826947176087,2.4738151083591626,88.14718003034807,2.3324725032061786,10.17361931463478,56,0.8485001363670626,1.0156706405085854,wandering
3.7888040223911355,2.890246446822557,8.511142204786081,118.22700328270528,24.917408994540743,22.747771613054624,7,0.5336795492647067,0.3049702457412032,distress
1.038629794151833,0.08616317151132614,1.0903151397253248,73.3505496733847,1.88947060170651,1.1511972573726905,6,0.037189976939263715,0.0,normal
2.4731759290806803,5.8221828046108595,15.20248696473845,94.02433699590028,7.761994568760984,33.99862497513093,0,0.01047873829241417,0.0,fall
1.7095929711380635,1.124310260192455,3.596839594197831,89.679016637812,5.373487690909091,10.944726862539842,59,0.8818954843122019,1.0532172774068933,wandering
2.7741105421998387,3.2355780083323005,6.891207672774032,112.11565965938468,17.956598832698653,17.454353617197803,10,0.6333954272942502,0.4234977101008126,distress
0.9455640711167985,0.20190567806938997,1.4272601312863906,69.80990062374839,2.9546392928453553,-0.0709960960545355,4,0.1757553069383703,0.0,normal
1.7502086733305786,4.0586623458786395,19.007575843416504,108.85317564201267,8.70740088917345,31.649269279960066,0,0.037757817901479696,0.0,fall
1.2070549306881708,1.120605003139374,2.4360214471135686,86.10732706545755,3.618774767621134,13.627412836128709,57,0.9405634507086901,1.2025195634203445,wandering
2.058242045753574,3.6649325390083716,5.114436503290529,124.32819801640649,13.095390003098647,27.14423659312573,14,0.31311420596091083,0.01554875947113249,distress
1.0541947138535686,0.1703448470739744,1.025549962129463,71.46589465519547,2.2273171182074716,1.4396032879909426,5,0.05322659964767378,0.0,normal
1.9319167793216712,5.826768965944035,20.894968328136542,91.33380348025301,14.937557798295614,25.177571476022543,0,0.014477084752249993,0.0,fall
1.6916156341059128,0.702575264258926,2.3539808699095843,92.32596009327747,3.2374190502203803,11.319291677603527,38,0.9732081978949112,1.3842030815962965,wandering
2.1550672630339474,3.643427269276582,8.746857179619063,109.28206261671313,11.542914876373427,28.92649880325556,17,0.591582037810031,0.1910899415390505,distress
1.065183311283399,0.06620503817715277,1.0914706781617287,73.8454023791794,1.1551887152141447,-0.9605409258545881,6,0.02375174251840262,0.0,normal
2.6120527905188857,4.813609806037414,20.34157017909573,99.41815226704861,11.657817107287961,27.60463601796218,3,0.07281894215460594,0.0,fall
1.4032393185099539,1.1389296723194566,3.6060978739382463,80.4857900647145,4.233524855046609,14.82983669686172,48,0.8636352550075531,1.126268420971852,wandering
2.717910756007817,3.6840784579273973,7.77413262107738,101.93869418141134,20.251580697451462,39.744845818300476,11,0.5835591521170823,0.46622951331214546,distress
1.0462447641889767,0.11603011825533117,1.0225823399423828,73.59629905616727,1.9812925633054654,1.1343023489383768,0,0.05424387176025596,0.0,normal
2.336605666766622,5.54087238276905,19.19444402002197,89.94169822720207,9.138457554104203,20.95582618413281,0,0.08435113272717804,0.0,fall
1.7291138211820023,1.150110800299097,2.507035541059706,89.16717975555706,5.486522604098305,12.293769500142872,47,0.9766689710794427,1.0888822286739066,wandering
3.8037340466304768,3.3428579134498415,9.955883702026995,102.26037344508416,14.809777639478192,39.77394512136816,12,0.43794083023094393,0.39415855512460135,distress
1.0754059809958927,0.06590706647862211,1.2377147792609784,71.52034651632651,2.3354958337936367,0.31717548337236856,3,0.08841931727247683,0.0,normal
2.1788660631669385,4.056576423359642,21.78489325124258,96.96769893860571,5.789639497940222,26.549048476773756,4,0.05865084404910179,0.0,fall
1.2261324576665438,0.9378553081931463,3.015351563477843,80.22708680147532,3.043163327491358,5.544069872646908,42,0.9015090334455879,1.3985692252305058,wandering
2.497112418489415,3.2015997381638313,5.195805886316124,110.0093805155949,17.097628747350477,26.209776310812693,17,0.494817318808235,0.4886121714343384,distress
1.0956633405948173,0.29751089557665605,1.3599517045023186,76.09579056105508,1.3387186609140262,1.6473346886673723,4,0.04330072889562014,0.0,normal
1.6066891737875488,4.859204012275167,24.054183217279075,92.17736963099124,14.992269359653122,20.036586397434338,1,0.024742900703962425,0.0,fall
1.672074241706541,0.6848323653045774,2.3435294284505055,90.60774434726443,4.653221005464895,6.542523712896151,49,0.9414785058129136,1.3385834267666872,wandering
2.8191310185222296,2.9681768058722056,6.07092153800904,109.10428429170743,10.630450472153363,40.71965845031774,16,0.4175848772965844,0.27291192515679574,distress
0.9373650656370228,0.19303118004896502,1.1728657922405603,71.56479396434025,1.6043388298894354,1.6389337420700771,6,0.06043906383496378,0.0,normal
1.895317270250183,4.203760796726263,19.171838730576145,85.29353928807902,12.868660323677053,20.556431399859502,0,0.042731438985266115,0.0,fall
1.8301946708087986,1.1710984330596603,3.4473829933293216,82.06651934205092,4.874691433467461,11.15005270927088,51,0.9189637276221604,1.078547117694488,wandering
3.692877221327711,2.1011723443879204,7.344418609580053,121.14260920543131,17.63551844474549,37.98381015355787,6,0.30136763811850864,0.25252179842330363,distress
1.0215063026540074,0.07947144232479612,1.2087254623823787,76.01102557574112,2.813982700033297,1.5865496764796236,0,0.05559165131203339,0.0,normal
2.526147041920318,5.843760761736531,16.568365604701512,97.89258755056936,7.062568004708497,28.34925983938122,0,0.04007530842188178,0.0,fall
1.5183716595021008,0.6448013887438168,2.3502877802650404,88.19958704618661,3.8941897404924624,9.726913557721417,36,0.9854893213960816,1.2811470763229926,wandering
2.27068727801693,4.708831444358619,5.091011070379515,117.29438885857807,22.843059876802478,27.329486548529584,11,0.48993056355764175,0.0044911982385944516,distress
1.0911999269810833,0.2769977855816608,1.49636137890302,76.41583354639921,2.908266577206599,1.012795420719153,3,0.17261178037803016,0.0,normal
1.6166784155897744,3.928220516555778,20.888635366558375,95.34764507590559,9.727781768177199,20.971022747691368,1,0.06834191866782208,0.0,fall
1.979692399174785,0.9423674301300591,2.5213095993897743,82.10726299043878,4.9432332069081015,10.562947573144678,51,0.8549878679768165,1.0609195608259805,wandering
2.3863087444509214,3.3229772638822364,9.602796282552681,115.36433724906502,16.185563956082586,41.36299005965613,14,0.6349214932289379,0.3854342511881307,distress
1.0143104838398969,0.18533561874103383,1.0164745680035019,75.1027209765229,1.0630620795506656,-0.8683500763420051,5,0.12617872776508712,0.0,normal
2.201647179619515,4.358604578151772,19.601300049058707,102.53808165961067,6.8702401755688625,27.01000408699254,4,0.07287594897994508,0.0,fall
1.6120133799075345,0.5459337605648186,2.2622142064577266,81.73642765558208,4.931237260033399,11.172633231244347,35,0.8945851294946954,1.1226479886764273,wandering
2.5597055165206237,3.1406288249680783,9.005050354238954,109.75822044269061,15.383810887317882,36.63792775859481,16,0.6384526624433646,0.027748883220135023,distress
0.9703462114359025,0.053869431907676804,1.1511191435089698,75.45746178843338,1.5061057728392568,0.21549699913949105,0,0.05578822165471662,0.0,normal
2.5986304063808845,4.360242502993453,23.470711629304443,106.582267527483,10.843867539397195,32.396041251537994,3,0.07644457107317806,0.0,fall
1.3099734193108747,0.9480058333191344,2.9322855473153053,88.32732020710202,5.641927613226295,9.419542361791624,53,0.9592030732109551,1.4887529433195992,wandering
3.003033204270469,4.490271981191344,6.332375473347259,109.39469672831667,21.165119270633454,31.89684339653297,7,0.630253180908529,0.4858476351521335,distress
1.0134588885314872,0.18587520784705447,1.4860521893228897,74.06779471029054,2.2146302373805464,-1.0589323435042068,2,0.18193333797689143,0.0,normal
2.639066255987462,5.205126619592618,23.825194144791517,92.20191898751307,9.520572668378119,34.05001031037896,3,0.022735484755080373,0.0,fall
1.2128058457020177,1.0618935802329919,2.862727605497266,82.14652312590086,2.095232843877014,11.551437808571738,43,0.9215563258266863,1.4534932442219946,wandering
2.989126519295276,2.540761091533706,6.483795124189671,109.89611050197873,23.723053730353314,43.12948520055885,8,0.3726316086592402,0.06693334635948789,distress
1.049743949631169,0.1230191834117234,1.1676376111639657,73.32558106179717,2.2178030962614637,-1.2226067961295928,6,0.04288196271533991,0.0,normal
2.295788463550691,4.900256606779626,18.351961616922846,86.43487876331953,8.913145479181843,32.421107868967816,1,0.0441397518341724,0.0,fall
1.6032402874477412,1.1878542858927494,3.72622251242768,85.18128063637488,3.6380904540329757,10.224030044022479,54,0.9045599592782174,1.1927936578019789,wandering
2.6465065388925746,3.6319532139330777,9.119501573602648,126.97195131100733,16.50383087420673,40.4681765865018,19,0.5961387707646868,0.24558556923051383,distress
0.9693234326066552,0.2939950490676159,1.2796779861570677,72.9426968928906,2.310867820430148,0.717123107311056,2,0.06966993114221838,0.0,normal
2.7758846688945003,3.832065569031054,21.88388444709556,105.4431540913214,11.114418816238482,25.411783258033225,0,0.042571638167180285,0.0,fall
1.3192918187317286,0.599518083568041,3.4612175778322256,90.88160144857876,3.165954716623934,8.8707009831589,46,0.9505123725376682,1.3726772183380818,wandering
3.5309751017874205,4.351381417965585,8.137631974183188,126.81932506336237,21.825566076488286,37.54922485722803,7,0.523155912497387,0.40835722208487674,distress
1.0240047859362937,0.29881795917861703,1.3102378738069513,68.51482545174629,2.297801711272016,1.003879542632398,5,0.1604500536388505,0.0,normal
2.959041774427386,4.272085936075811,22.87906683722479,85.15118996514275,9.761339104649966,34.11371405881057,1,0.06309580717921069,0.0,fall
1.5505494057971396,1.2256160757581067,2.1387395232788435,82.50531198992535,3.6716026196975964,7.477608575955675,52,0.8148553693332905,1.0191357353350186,wandering
3.1088441566600724,2.2877395638038753,6.612862868095391,102.33941774079793,11.580550717602431,24.172444203690727,9,0.3382170482104825,0.22986156961559578,distress
0.9218935279745343,0.17777172939398395,1.088782724599774,73.43858675872693,1.9720412079721292,0.6413660722509698,4,0.1005517589168608,0.0,normal
2.694032797990784,4.998979113849627,17.220504532854186,104.05262105025352,11.637762044803662,31.75137224570203,2,0.012730061900066637,0.0,fall
1.3074887108661215,1.2668374408944705,2.678655976162365,81.3861072120503,3.8681874289143368,6.40355743409076,33,0.8502555742748463,1.0784805331478844,wandering
3.846954628264154,4.199074322641395,9.110436110942398,106.49793074899432,13.564223497823102,33.13260856484486,11,0.443809606434394,0.17816058422352699,distress
0.9618977057776027,0.05063486434193577,1.2766500002244796,76.8420976770391,2.3359715701124424,0.3014718881607852,9,0.08032782566443486,0.0,normal
2.316141490745609,5.994414212452876,24.23082542790676,105.44141778035304,13.285246550195918,25.339317049838492,0,0.055209314205623805,0.0,fall
1.2979928327318115,0.6422025804509136,3.550471884434844,90.84168108968987,4.503270496759477,14.060009034805761,35,0.8162359890719652,1.4167292438970338,wandering
3.761708193077797,3.76078414695176,6.254697760526309,113.70359384342551,17.818306179144145,32.22454620002617,14,0.544752466510303,0.1833651137481221,distress
1.0871095817598988,0.23377267899327908,1.0208694758524048,73.56530109169955,2.6396217015518526,1.4543727034628011,9,0.07041402954827185,0.0,normal
2.786639216737911,3.4215367509847754,22.607614567857304,86.22983339781233,9.680126616885207,27.393930062489943,0,0.0722786962967668,0.0,fall
1.5789429777139388,1.1711681157622664,2.8750727340063316,93.68986192532782,4.327439236719215,6.7188441599526305,45,0.9738227900266714,1.2426918230714386,wandering
3.785200236132426,4.036519968006383,7.765786086557586,100.83124906192238,15.077072690423247,27.023553712853534,17,0.40512742887004927,0.37821332647632167,distress
0.9406550273735884,0.06353188793718283,1.4545845878131494,75.8477734712437,1.400891570300251,0.4711444033065546,9,0.16872554981025056,0.0,normal
1.7264154761582875,4.714411178155125,20.516722002490027,109.61604879626262,13.397847657670125,25.679263719579332,0,0.007996521517704192,0.0,fall
1.4872993623405542,0.7303817563036437,2.913452968920185,93.42587642338657,4.57324289342581,9.852241927488038,56,0.884960869657265,1.2116764373600117,wandering
2.762604519861168,4.637572262818562,5.092790015715672,112.92459615938398,22.363207851184995,33.56654274848444,12,0.6582621623009348,0.3757316506648575,distress
1.0466560590726421,0.16343104034510647,1.1347547593587908,75.32935720501978,1.2006733908137426,1.0932614045705416,1,0.1829632393772956,0.0,normal
2.6780425756893558,3.2969449302949925,16.09304590540132,99.0565247863748,8.51744600307345,29.046460469926522,4,0.04191719558440458,0.0,fall
1.9806260030780587,0.9860075021556189,3.8164826634283626,91.9522252941271,4.109857778748145,10.7860694081478,55,0.9811356770209724,1.276805784821945,wandering
3.394176266338343,4.22589383188058,6.800185654566503,104.78165168074527,23.738332158422917,15.612194062003077,5,0.6620187387465855,0.43029471681771575,distress
1.045379282444011,0.16204028344287508,1.4208050138570276,69.22214312980742,2.1198798666923064,1.9485252223956189,5,0.1527118329953126,0.0,normal
2.7250109279578827,3.8684157056636166,16.899321552199993,106.60614628464646,11.20960800179844,23.929319493593994,3,0.0961871334323219,0.0,fall
1.346883028009398,1.4813840368740552,3.175358289584911,83.55616528338746,5.0669691768135845,10.05499959190149,30,0.8378825548476456,1.4191824669334516,wandering
3.463590286244683,4.529980053585983,6.561238440477364,101.86230934278935,11.760035190897323,35.03840331074555,5,0.4422370602553969,0.087749293848355,distress
0.9863831503779866,0.1295437891628669,1.001622390213458,67.9331812491047,2.4526523151356026,-0.18225841714933066,0,0.059277848577977556,0.0,normal
2.111659311521872,3.836536419954414,20.909377805343436,98.10339041715346,14.04901318977316,21.620606679411345,4,0.010327756399169842,0.0,fall
1.883016594524554,0.9542832689149418,2.944034014927387,93.16416757017804,5.271585187006906,7.20229319886276,44,0.9403949400745164,1.3390670709821233,wandering
2.318725881848997,2.8408877988706083,9.11045868606624,101.87399297872605,19.851433980209283,23.390606590643166,13,0.45081140016039284,0.10389249583783638,distress
1.0862576893726215,0.09416395942399915,1.260691728365654,67.54780967241271,1.8223718193491252,-0.1157822545239835,4,0.12042830901918229,0.0,normal
2.43990232037169,4.49109575802461,21.980150653888444,92.43604163115697,14.073982806543397,34.97778928011143,1,0.05367498192175142,0.0,fall
1.2547359385691148,1.3602114935538399,3.9467962355626716,93.13022366028645,5.921391617925057,11.14198723719629,54,0.921049338111405,1.1361234879812465,wandering
2.0437052038173014,4.429355120673614,8.826361242052783,111.08541946631304,23.931829100725864,32.822449136436866,10,0.3459697421542199,0.2743669200720205,distress
0.9728643778394268,0.19248596425468711,1.4010732751208625,69.911544651971,2.0994417695385796,1.5020981720276154,1,0.18563993707588627,0.0,normal
1.9073592528437842,4.255235551001551,21.206076937372615,98.87221760444407,14.126055870477115,23.595323199119317,0,0.03867445736254163,0.0,fall
1.7010357040686972,1.0420241055133883,2.1308225096453626,90.67400661955084,5.036487547445759,9.195280347005042,56,0.8279875869041,1.1623986838052256,wandering
3.467512454236439,4.7629002151533,6.388058682441,104.86192590528708,15.589224755356467,22.914040950912288,16,0.6141114642826808,0.4357650366181101,distress
0.9742359455341687,0.23713966137305598,1.1768970601544892,67.51499127119989,1.5443011677517353,-0.25275587115978615,7,0.1737123178770418,0.0,normal
1.9907064262782792,4.690384143267972,17.312180289194977,86.02924324912655,9.26971136257975,21.813668619227794,2,0.08220389497309459,0.0,fall
1.8008193344228487,1.062629678987169,3.1537453875525086,91.8653989125032,3.922398906700385,14.429706116091236,37,0.9826492090037615,1.208739646980504,wandering
3.345766771049065,3.8767667856309345,6.424474153762223,113.34093261166021,15.633587950899425,30.631495624437456,12,0.5072571650543432,0.45782422629359254,distress
0.949218556875357,0.12074960466044278,1.0435403323181052,75.14497014515996,1.3680590036319538,1.8524333890660922,3,0.0760721664927613,0.0,normal
2.8261375337645935,3.41083021303689,19.10073230090572,105.03760250590022,7.870250449564967,22.931009151634157,2,0.043654794774010165,0.0,fall
1.5385160506726272,1.2250333307560626,2.348933629516184,85.29205901270014,2.2856136580103286,8.82733818385426,44,0.8989757017312141,1.3276526602511376,wandering
3.5344399803140094,4.924007281968414,9.287735491487487,112.95897626940851,13.46662420336368,16.393322736468168,6,0.5914758018652403,0.011572172913320522,distress
0.96965600908723,0.06199074239201095,1.4772841597247197,74.42137539063592,1.110572176503581,-0.4409497076583282,4,0.14288128508009476,0.0,normal
2.6692738188262197,4.328466294479352,21.515288798107363,105.12564775603592,12.611213061486403,34.99473898970159,4,0.051629309664973255,0.0,fall
1.991213153117554,1.16636992839334,3.502670874722023,89.18069796833335,3.9030418198870453,7.182466385275288,36,0.850181626959805,1.020007404058834,wandering
2.7242814801026842,4.785329192388465,9.98702439188244,108.20896192641517,23.555946575569315,23.203770677921156,7,0.4482876199913135,0.13365069050402062,distress
1.0190699915748633,0.20622513337437398,1.4128248585952745,69.78062368992443,2.3634804249715744,-1.4063002257551127,6,0.07460018839522757,0.0,normal
1.7187567893726996,4.841032622448684,23.225390736343243,94.80665515053967,11.669960627877371,25.728812938804573,2,0.09939924502852163,0.0,fall
1.5843976622674731,1.1582617156192554,3.6858037976404714,83.75258180269873,3.590887095256169,9.187416520472492,47,0.8992918792454306,1.393659064334861,wandering
3.8356646136029173,3.4368546100219,6.501927957519663,109.74702906184247,15.54410858069607,39.28178736142013,19,0.4469680922179071,0.2151554365932264,distress
1.0868148985783501,0.16738006950655215,1.3576306635439228,71.0203880533201,2.545119031129241,1.5389830792169579,3,0.08510719604552215,0.0,normal
2.407189125623571,3.707360910084369,22.69512583779796,107.85948193480037,10.52670692949573,20.09939051059652,3,0.04248243474423257,0.0,fall
1.62968438965488,1.054637674436798,3.611905142316781,81.78929003485533,3.3096934876233033,7.608736240153153,35,0.8845488049242535,1.2503760640353514,wandering
2.2311680167598693,3.1487098207059017,8.358011182225182,122.89688872571219,12.277690396742404,15.858067646071394,5,0.36955227328270046,0.02667622721229923,distress
1.0171277539421313,0.2666039820077502,1.3379068007689583,73.05554973600539,1.2680087808568599,1.39660593855757,6,0.14872232425042978,0.0,normal
2.3530540459027383,4.502770679582281,17.894564171192556,105.39534540396868,14.718287308021916,26.098129063082396,0,0.05096470688432769,0.0,fall
1.2615284476279574,0.6898619570511371,3.705257298146483,85.08237152241173,5.921275720228312,6.865254947696778,57,0.9053860739254421,1.2102992169549758,wandering
3.3984592212349654,2.8111616264942936,5.483817717590967,110.4399102352326,16.598891719592185,32.12113723315684,8,0.34982432146824527,0.29389437652530837,distress
1.0595652470497003,0.2759398174178966,1.492982252417602,73.91472516947647,2.5514408516433384,0.982102133659148,0,0.03847567396304115,0.0,normal
1.8550083615999065,5.439163227494721,15.494574905560661,107.65851922748689,7.34517804164661,28.70381673285494,2,0.06424273537353131,0.0,fall
1.4230873496975278,1.1114751489392924,2.653672812972034,88.61928478095471,5.543792452262175,9.522583256831126,53,0.9402218186068989,1.159680574018914,wandering
2.9772120398686717,4.087083737183349,8.97841559221687,114.62478170083818,17.778450486390746,19.253148966180458,15,0.412703327704588,0.10157649772872562,distress
0.9316033478861766,0.07876151371277816,1.3230425737396128,67.8482392993724,1.4955155073023914,0.6708109546391179,2,0.022942415885984405,0.0,normal
2.087514984615657,4.987171378713416,19.67519672354728,93.66172909955822,13.50244860724743,33.51628983562155,0,0.01700901152158504,0.0,fall
1.237929331065494,1.1137471100271408,2.3145837687935424,90.9077611956485,5.418088746829009,11.834665346433642,33,0.9909542380589529,1.4635935195874212,wandering
2.2649252927321752,2.7332430029174626,5.40217463588132,120.24250636896134,12.19277014128546,16.91499765723707,15,0.32628646423594954,0.38405325281286024,distress
0.9150072335534278,0.1954833775744922,1.0576591609927042,68.72572793617955,1.303034283801026,-0.9142266257579812,7,0.11340402196951205,0.0,normal
2.057833969710998,5.0515833404116055,24.063753183558575,101.27877289759778,7.790602330194208,31.388684599030384,3,0.09644310117895953,0.0,fall
1.9845078943556285,1.2051236919687072,3.5597066706130454,90.08603879931388,2.2015961342952326,5.178110017793163,57,0.8450113175202453,1.4760177200887417,wandering
3.7722354659556148,2.0159522971709074,7.150023225061485,104.0051912448492,23.600803673412564,33.44348888072558,15,0.5927940826092577,0.2011116215493241,distress
0.9322013804622702,0.10846579951464387,1.3199776277472703,76.71999178670377,2.637302313637937,-0.4391429927267909,2,0.06842526215544131,0.0,normal
1.7018015495735987,5.488058164306715,17.663462365374144,89.56837594456094,7.135598906110269,29.85504362960002,2,0.012327486560167945,0.0,fall
1.5429675186739926,0.6735348580161755,2.9181832836691006,90.69762657879622,2.2738843427521185,6.070821910011662,50,0.9844961196668739,1.0104869739484008,wandering
2.1620482835991144,4.981440111837014,9.178341923270617,118.75445057096336,23.801145596380092,42.388467700265814,10,0.36972816765328353,0.11140625485978883,distress
0.9105329704632434,0.15993486621798725,1.469652250809333,72.84307427650451,2.9081491140127698,-0.0227699771584029,8,0.029549630894225243,0.0,normal
2.3609272197434334,4.549451157572884,21.858208887379885,93.24460791646007,13.87760953935336,22.021496704815522,4,0.02632062574212697,0.0,fall
1.3462733639001134,0.536085931093729,2.0425442155209392,80.1319122284778,4.118090077397008,13.031426149717214,42,0.8143416526512229,1.0977661994399903,wandering
2.5285915365762173,3.2134432011138667,6.000363310865651,102.67438342443671,10.251135007352708,28.65687138165104,13,0.46346305872337734,0.06884160588254495,distress
1.051816060369233,0.12215835111832034,1.1656902386485277,74.3089496512313,2.5059933020895087,0.7570837547750529,0,0.1821373527149998,0.0,normal
2.215089001836,5.203440461691919,15.539290183649262,87.70043145881012,5.850493271827947,22.877437757229526,2,0.09159207931556222,0.0,fall
1.407844975413526,0.7440122118125031,3.519945946854053,94.0924976607563,4.561627237036298,11.252536198974873,32,0.9032835457355899,1.139518603684035,wandering
3.541348220987437,2.6967845268999056,9.224157560940919,122.03746737569233,10.545129064489515,40.827180513960485,7,0.3072617494236419,0.2194498107057935,distress
0.9681553334898124,0.15821836887757973,1.089894054400249,67.29058819852543,2.5464824481299893,1.9789708658359522,0,0.07397182259780515,0.0,normal
2.316453034068574,5.399309075513212,17.031409557284192,95.96630077274587,12.725766473156892,27.588353982558758,4,0.00792907807093758,0.0,fall
1.9673281142542192,0.6096503806973764,2.6326516560745366,91.97693783891667,2.9840818931534865,6.906718558629301,41,0.9041391747741339,1.4791890827645569,wandering
2.5665510652759758,4.132872491843254,5.934971582561312,113.47435150188822,11.818347881248584,32.52993289689547,6,0.4683781879111902,0.004266896836123302,distress
1.0283195360042219,0.07304147535073859,1.2191612530975884,69.702778435196,1.8999840383493667,1.0042031367366349,7,0.028478361078732986,0.0,normal
1.8287895183072842,5.965760348760576,16.694286847714388,100.84957032915025,12.337543982451447,26.595057009337093,3,0.0450085491077047,0.0,fall
1.5880236857233558,1.2882915211087078,2.287651460818882,88.60139141499194,5.31909982311382,9.470693239161026,46,0.8697307500324298,1.4002636551252692,wandering
2.538696894011461,3.9861400401177725,5.037445463419284,119.3934275707484,19.277086205019984,29.780554614418442,6,0.6842793073558049,0.39058282955176826,distress
1.0599018543798508,0.18422341754257088,1.3333441966318296,72.12746885445479,2.3416219280576707,1.9287235906583606,3,0.1287798874498378,0.0,normal
2.896559757506959,4.982094466375143,17.459448223667707,87.5975872480971,8.414552386577855,26.79551088937965,4,0.017538103363106117,0.0,fall
1.6270950539513755,0.9087841893373216,2.803352985304344,85.17641712134075,3.952016469487739,13.018489250918627,42,0.9537822589058043,1.228290424768697,wandering
2.599905667240421,3.908170505874158,6.481156619812119,122.81826204237888,16.468362349415536,33.74660331337202,12,0.3918207002349993,0.013826217372612193,distress
0.947704698334431,0.11861424325466956,1.4410559775142362,72.0423754811427,1.2294841500588984,-1.0712937410298187,7,0.10133267212050244,0.0,normal
2.1612409213920163,5.8831642954177354,17.93744602953068,90.81598087524173,7.461080663153982,31.10142729971092,0,0.00491372025454242,0.0,fall
1.3775788396609454,0.5344680378544483,3.956415551584025,92.73673038944374,3.2317968746136585,11.739248963588999,41,0.9044496697359625,1.1430797584248569,wandering
2.2830454643660207,3.1418473425087745,5.889225508359749,126.36647231076235,24.692612874433735,39.839088845137994,8,0.5083897135217621,0.2587143912744067,distress
0.901445421091202,0.05135005514483883,1.1811397478781338,76.25108929584252,1.4317912515802387,-1.1865186484784243,1,0.15630271285007052,0.0,normal
2.79842664107769,5.636996561827381,15.28124601771202,107.29020431172863,8.49206406641222,30.052351950307674,3,0.06669959726259907,0.0,fall
1.6442056107436014,0.646803714835628,2.290339518262263,82.8834254458295,5.373607067773262,10.3759585462509,37,0.9961642637018067,1.2107528193263892,wandering
3.3762749396306075,2.985512828453614,5.9878371636821885,101.68466444241051,12.553370573816462,17.68643538917547,11,0.41452756628578075,0.08123914819643269,distress
1.035531013331424,0.18544547605865241,1.186347385132776,68.07096437056306,2.084345940542529,-1.507045763649185,6,0.13031238936079328,0.0,normal
2.1707560547975495,3.6336208337806446,18.888081807891457,91.41224901937893,7.104911705940207,23.41060122239892,0,0.07574560752360361,0.0,fall
1.822797149162756,0.8788824467523167,2.1105471436261096,91.64218971914798,5.24378210528387,9.858077676178532,38,0.8770041754780858,1.0582889855179936,wandering
3.2424372374665626,3.513924645610935,9.342371117140914,121.30157621005112,20.074156813419282,22.80574407268273,12,0.4092931468601329,0.45650696056223905,distress
1.0938878196267556,0.09311325201673244,1.4906302921357768,74.58927499380916,1.2593005833515296,1.6846397731653564,7,0.17433413744777404,0.0,normal
1.956822867540462,3.0040794601906033,20.528772900700925,92.91038662125783,8.12271618725845,25.968818020977412,0,0.09634019384470421,0.0,fall
1.551256842698627,1.1974251588949971,2.536107134009492,88.16861773068698,2.2072104027974864,11.194971110619548,44,0.8366366139640994,1.4149225893627497,wandering
2.6155962938986046,4.7726216954627265,5.831105874975535,118.29539203464802,10.862488248051449,23.59464234449691,6,0.5170794072538994,0.4053066368837875,distress
1.0487403741379209,0.10872688902973539,1.13890194405874,71.92690098072666,2.2365116127854714,0.03936296514625415,9,0.1807677323596733,0.0,normal
2.575422713128587,5.847199478439917,22.138942732476636,97.82196734098251,10.210337479566151,20.398776507714,3,0.09295167932412712,0.0,fall
1.4609064238672311,0.9441486238234623,2.428498367437138,81.12694697910624,3.8075786406940675,11.607587588983412,56,0.9820911854519028,1.1524855222715886,wandering
2.0827488117801147,3.577318177439243,7.069659739823265,108.56213215688655,15.988183267789971,19.729184475308923,18,0.31966710906505064,0.25095040295252435,distress
0.9962593124900332,0.21351565595796945,1.0210986467385914,73.74716238126928,2.408934399532581,-1.4843858492191475,2,0.023338258903073752,0.0,normal
2.116878750990569,5.483183202855616,23.706979052427684,103.84554385406122,11.187795206109056,27.02187476307933,0,0.0116662414285582,0.0,fall
1.7512809195645365,0.8913466959297974,3.2173778886488265,88.2966449601632,2.451603467219637,5.6130105199347415,45,0.8370201747888961,1.0021251848342942,wandering
3.4257261971165667,3.2765086263233796,9.960438282865447,126.78867082978195,23.195665986856135,19.344196759039285,11,0.54373634942507,0.04843993668880031,distress
1.0333216290805047,0.127091905192262,1.0732332113291343,67.08985676365826,1.7600361680493524,-1.9892138977306635,7,0.07579901842030781,0.0,normal
1.7326218699977574,3.5120108615479206,16.899741463373623,91.83678197524856,9.865232578748351,21.046417232796088,3,0.001423014232070552,0.0,fall
1.8031058861038198,1.0892695553926783,3.1215460685347938,87.89451590002103,2.272194700689866,11.510308281127237,30,0.9999351142971156,1.2688732657800492,wandering
3.0427936636011266,3.4773677437570374,5.246113154170558,105.92875068844303,15.466963010093604,32.847420986597896,13,0.3667025909794376,0.17821338385004304,distress
1.0815382175061803,0.0929269040717537,1.438238835257461,73.87517102987621,1.941479539349073,1.654785237147204,0,0.009570753367816633,0.0,normal
2.8018366300598783,5.770760307049505,18.105711731531553,100.27541681981754,10.391514380850497,24.401703354628953,1,0.08630860146241662,0.0,fall
1.2600865928773006,1.2006790810693082,3.685196682977839,90.9297846542058,4.218384456916915,13.095224063797467,58,0.8809287681983838,1.3825511933868553,wandering
2.1294681249910745,2.8959613834269,7.564897154549515,107.53377061942933,24.018955975953556,37.603208566764565,12,0.6704706442739483,0.1973078440586819,distress
0.9971169433829842,0.13302725976126,1.0111390428046343,70.62006356789176,1.0826658608696105,-1.7336058053564298,7,0.19111031471043363,0.0,normal
2.97037348368892,4.120228335355527,18.456877756145058,98.9793832617868,8.550263847885068,23.66501913274067,4,0.03612847919369825,0.0,fall
1.4128268561871362,0.9684905594452077,2.9879388813529992,86.08667255963601,4.389890984546577,9.225589720074026,55,0.810544125950485,1.0488379085108102,wandering
2.7836724721572184,3.589516730824384,6.946108052972631,103.75688763511027,21.75170142270822,43.74953302750892,14,0.561949268995535,0.17425707477477564,distress
1.072472882294028,0.05025681409451681,1.1319905867746842,70.74669373018797,2.313000976505802,0.2178749282586372,5,0.15907929142321392,0.0,normal
1.7321910451755536,4.482019472154842,22.929145087982484,105.2625766457899,6.998657991400576,31.60140992994706,4,0.025439413474549078,0.0,fall
1.7657980475805153,1.1477336785070928,3.0237442053958636,85.72845064717902,5.727620082599821,13.399736209270031,37,0.8898898449116376,1.0439707246330645,wandering
2.6752945446594287,3.9613179157522147,7.838857986560463,116.17182861617053,21.065852057822397,28.067459261357623,14,0.622924646723108,0.28871456002239526,distress
1.0409642369050127,0.14005442832995918,1.073032244037376,67.91115805670591,1.710950778405901,-1.9345445542747854,5,0.18420723227621338,0.0,normal
1.7293913163200045,5.56667560121984,20.985701067306458,85.46069357118823,6.47413972704718,32.526657125017536,4,0.09795338621658341,0.0,fall
1.49607229925371,1.3305079350402158,3.808051305754021,81.76545476966814,5.998453643718626,7.086950301912016,51,0.8101118582282711,1.1782680510699137,wandering
3.924203808641019,2.6998100564395133,8.591256307496977,115.64569369383607,17.403657423856384,24.15963172279203,11,0.5566045752893228,0.23041493877637853,distress
0.9696111101057173,0.27550931040624377,1.4335394150800118,70.3987079442901,1.405167453232907,1.0594130912117987,1,0.016554445356063343,0.0,normal
1.929631331212562,3.0866168360370865,17.534575385009017,100.12215206113306,7.406965923334919,34.87246875002624,3,0.09714244455335284,0.0,fall
1.6156304778886261,0.8995337224737545,2.344995188069566,90.35477898422357,2.138841144804131,9.021318371846707,40,0.9914442820949382,1.0695586783581459,wandering
3.9545408849162325,4.94202327348159,9.645033826129062,121.1384169653837,10.305581247962326,43.74170850804666,14,0.5037765195658771,0.238239107605843,distress
1.059996790035067,0.11959782055670111,1.257267387508609,69.2226896050391,1.9020680350687253,-0.3210764805192037,3,0.08791165052023009,0.0,normal
2.8725928844103943,4.973086643092726,17.590834747512588,85.03205124508372,11.973051916606796,28.2267085840216,0,0.06720427665562642,0.0,fall
1.4162781901764054,1.2815786984522242,2.517904046741143,93.01099858566883,5.69045486990685,7.147530322453638,59,0.9244401965113105,1.1646130973032907,wandering
3.013943037502631,2.9865830080884592,9.494581052633288,109.56831010775528,15.124274905845635,34.2999835530335,15,0.586215998167724,0.18341069661413129,distress
0.9646051088654094,0.06575098794694263,1.22809940150908,72.60312391964753,1.267345115009661,0.8062667776028429,5,0.05642269873995079,0.0,normal
2.3562103573768836,3.294406177075294,16.987582431275605,87.37632615621148,11.133889057483447,32.01654733387252,1,0.06585544217666008,0.0,fall
1.3710689527281232,1.456106457587404,3.019895117817274,84.05741640465281,4.6850353976175665,11.798881454640036,36,0.8721233847939032,1.2006340436900105,wandering
2.6211515771277547,4.3159884527945085,8.103371703980264,100.9127287371907,24.577773381000156,33.16120510896323,14,0.4270413684191683,0.3947473445697882,distress
1.0367216140528408,0.06193313379772715,1.416665356500387,73.96595156830371,2.8435823834255975,0.5923562000421967,6,0.014493771100996367,0.0,normal
1.8622973268677807,5.564568344217197,19.38940051618838,98.2826074570645,13.437721648492474,31.05374260532832,0,0.05902679981586556,0.0,fall
1.6726153559723058,1.2412371337534875,3.6016996678503723,90.91126378414315,3.689551760820335,14.541896512402367,56,0.8792250607377701,1.4218242677226531,wandering
2.5603957363253933,2.2692125749259824,9.771739147236413,119.34729423822507,16.06093107113407,30.87063610135141,13,0.4457192499668087,0.15846325983786602,distress
0.9172182591397395,0.21461034677997837,1.3756676336518394,72.68700070436465,2.5076878684905317,-0.7567684772622703,4,0.17412280883336906,0.0,normal
1.904041414514253,3.6366330628347603,19.074089716381636,99.11130180214481,6.859039180302643,31.111400801445267,3,0.005672660192911539,0.0,fall
1.5580585470168866,0.5631548890770836,3.284919479978095,87.22075544888037,3.2335172754727766,12.816387139696765,48,0.9739577443982387,1.335380441312369,wandering
3.9492369528924476,2.0001708309946933,8.148862797057479,115.99313593201757,21.54824786235143,43.45826922628034,12,0.5443659706920221,0.45919252301884866,distress
0.960979897658019,0.16565582094683196,1.1666539668444509,67.19020502123728,1.340338043708973,0.27004050838827665,5,0.0023264886860027145,0.0,normal
2.449387168892879,4.800671221594243,16.33189842173886,93.16102367280085,11.958590806717591,21.8164765924603,1,0.07690244698477099,0.0,fall
1.2196002007426696,0.887928851069636,3.736417428079733,92.96520801516019,3.4468632879876444,14.619895227779743,50,0.9150168207496117,1.4067666910553256,wandering
3.843972532410265,3.7660255446481274,7.143517302958601,107.56149296505258,10.700734957006135,15.566574162835124,15,0.39708433753014016,0.43886157526681957,distress
0.9507743569753809,0.054588656609047756,1.4205047717565216,68.58341561241687,1.5232126233384093,-0.1259309566192357,0,0.18290289136181392,0.0,normal
1.9710304255436086,4.978777491420798,20.17957561359593,102.78777536015293,11.13471652424694,30.469599150062873,1,0.015031475110488291,0.0,fall
1.7220023243790399,0.6035496307562658,3.8175987836072145,88.38564790015067,5.300737933307781,13.737321927086189,32,0.827611893860665,1.381556899124847,wandering
2.939975418131192,4.565906487580506,5.83249602282364,128.96163286081293,14.149947412974177,17.61751611904034,18,0.5203491342897503,0.2045821182428713,distress
1.020933203425518,0.21088169792007677,1.1820602766020394,71.77636684767228,2.200915270131979,0.13000714010228176,2,0.1938892266947156,0.0,normal
2.9327400740443172,4.937059965686473,17.032627344676975,107.37145117531705,6.96921075733618,27.51392490593717,3,0.08559832318801197,0.0,fall
1.4610657442932777,0.5116180160722829,3.5073486064139496,90.44804382600567,2.8767134855850984,9.420762503031412,52,0.8289915811009781,1.0251850287225457,wandering
2.985756228892156,4.467726205016479,7.426027455753044,123.4710395099629,15.470069906886373,25.74044430523434,18,0.4117100598185764,0.47766285295785854,distress
1.021266308657266,0.18098814476110614,1.1338403456400354,72.34156096191234,2.6477182284701453,1.5098401294492678,5,0.0177291040846687,0.0,normal
2.3618901734750315,4.122721428964803,24.8200127862086,108.09358476340755,14.392346718331156,31.35390658628798,0,0.05112356017477507,0.0,fall
1.5426497748538546,0.6093455985025957,3.249966838396602,84.6605455715327,3.880700830827771,13.859891658477288,32,0.8730508809412827,1.2723658619659295,wandering
2.4268352561316027,4.393299958256332,7.557067866331888,117.52083756033431,22.74879079007357,18.646725203381234,11,0.5156893516700427,0.4228713589313255,distress
0.9550561800549922,0.2565102426345638,1.0143904882190287,73.40286603615988,1.2758784917220594,1.2342781252445891,4,0.15238956243325663,0.0,normal
2.2173240630185127,3.7382358785048373,23.31751585861471,90.4142019676603,13.899451525023341,25.788787982616004,0,0.02739060810083829,0.0,fall
1.2110034614680976,1.0364726306274876,2.0189449293663144,80.67651942247376,5.0074787150140665,11.794136649627568,47,0.9084790471220471,1.4724473558261506,wandering
3.2036609662327598,3.038276822544859,9.616734381186744,121.49981323023141,17.152978939423562,17.56921977298935,8,0.4270557794308802,0.2391324952902592,distress
1.0325695204533962,0.20971011044733684,1.2251405777430817,70.51009306746857,2.789587222344556,1.7123080840640936,4,0.1690495046117998,0.0,normal
2.211250166157315,4.102309740346717,21.06734901729905,109.28432286546763,12.462105300218644,34.6577308995003,0,0.07107924861694079,0.0,fall
1.5587503605991189,0.7638619892208605,2.033492998632293,89.23852502230639,2.3456297525300447,11.461829866900613,42,0.8143927483964138,1.0473243630738442,wandering
2.5857033683812145,3.3125075307650964,7.0349597467749,104.54433521782019,24.984750631928243,26.5826680992734,18,0.6737560736077067,0.2799092081667594,distress
1.061174870468852,0.17749120457851641,1.1470908029414955,70.69151642444834,1.223266211462755,-1.7861590198259263,4,0.16870279290739262,0.0,normal
1.6517830536964941,5.84364837394358,21.338734129069465,102.90671751756821,5.471862176314773,27.205683204295042,3,0.09874711953096153,0.0,fall
1.8035679856182785,1.1118636725612852,2.538788703638426,81.55427384103629,2.6202097565173093,11.885233697229921,50,0.9380301137261222,1.0644872145338073,wandering
2.285904717340922,4.110579985591196,8.441694805144849,116.23699782431919,12.23001894189925,43.79319662617415,11,0.3160142563085547,0.35661038651504856,distress
0.9601256664290531,0.26918048169149744,1.4973796022472636,68.66503342995689,2.6774897517568146,1.730489420841971,9,0.12763797847609834,0.0,normal
2.6390618378070982,4.932169849527781,22.653297079207103,94.70085928640175,13.84590552494524,31.624678150301474,2,0.07575393899833187,0.0,fall
1.383697245874281,1.3316188377155767,2.0245973173634795,91.4601288241956,4.92423741894838,11.845767214739361,56,0.943392274926866,1.295359076416129,wandering
3.41669271415721,3.6745774256474406,5.865986500680911,111.08616316401998,16.239576411790875,32.03057718474325,16,0.6972856361568215,0.21268097924798635,distress
0.9453258368078185,0.2857001113390885,1.3903353408678627,71.74300853748822,1.739691846816509,0.4890126800728476,8,0.19741769908730147,0.0,normal
2.745581047398089,3.8152333594868635,19.212340835420157,92.43134929297695,12.287200694570936,33.20032681059266,1,0.08867622337492477,0.0,fall
1.934040434308168,1.1498515999256576,3.665751246611228,86.12024294537405,2.4561010969460044,13.824886645027116,46,0.875574054174396,1.1548919894052894,wandering
3.2968702499870837,2.8405253305423654,9.554801273876954,119.59482557424153,17.796074716582137,19.921734907506732,12,0.3322566114536326,0.2509776131238683,distress
1.0228712825519797,0.21081824549916728,1.3182661157838886,76.0449321303152,2.4870247753799912,0.0632122416031784,6,0.10774274048020759,0.0,normal
2.0138402396772586,4.057340651190033,22.753197225931352,109.20129795146906,9.84260450001867,27.640721798508736,1,0.04427221322898206,0.0,fall
1.482737391377637,1.3542516161658238,2.988033006563991,90.47992231460432,3.062095067289005,11.309706404557051,53,0.8578995640216652,1.309374462939884,wandering
3.169540455025587,4.083129290157363,8.165008703667318,129.24566656148917,18.85420704975016,28.586140211650857,13,0.48074785792142205,0.2773557254395277,distress
0.9470928265610971,0.2245343959345143,1.3442135697347364,74.96637220491586,1.1599662816160272,1.6428547002411849,5,0.10190343900333554,0.0,normal
2.0669448043380347,4.133255644683437,20.90708835695268,93.94537682623348,14.802704228065943,32.22948737152973,3,0.040991391963907386,0.0,fall
1.7532246882175393,0.7195123547089145,3.8878071223112842,85.8707551802086,4.9906014016199975,5.893103511191081,50,0.9366835189843822,1.2864070822739007,wandering
2.3053940329442004,3.5688585290110373,7.781041196868267,115.58873445376345,18.915865373039484,38.289725133223264,15,0.5255744561049811,0.2808202238363482,distress
0.9090295867002155,0.11911294114812172,1.2736641310666574,74.58567933154181,1.6200790005155825,0.7172751269487674,3,0.07698363719388478,0.0,normal
1.783957845458513,4.630288844281835,21.502845597163404,92.69446727316931,12.326791288840639,26.04580358736424,2,0.056475239760969576,0.0,fall
1.4741742383435155,0.8473130250567739,3.3154310438887036,80.83337372307871,5.466112849596035,10.751652070419192,48,0.9926596992306149,1.320118079888411,wandering
2.8445447667313877,2.5156535715750508,6.146196425056892,111.32368804818393,14.5091135245166,31.214726697765713,12,0.4852557487699523,0.08273479984491,distress
0.9545636457035993,0.22315497764426062,1.4123373937359989,68.13166204394057,2.7860093466282505,-0.9657173566086894,8,0.19784733844529148,0.0,normal
2.430734667731408,3.9837501077899153,17.388569788167644,96.50892713029681,8.15844193423156,34.72103454145995,2,0.033214401211231294,0.0,fall
1.5742646722264,1.253628047528669,3.5275448495720028,83.1642683655638,3.428839876436522,8.4138098933817,54,0.8283130179505437,1.2032077369630734,wandering
3.9559110549602474,3.6971011883248637,7.55736885779911,126.77956957973369,10.05001351163204,20.85187786355659,5,0.5488959339901343,0.2718340149416779,distress
1.0392531528403355,0.1803577961074968,1.0146397860376395,67.70142001246148,1.2372542503915818,-1.4583291385151331,9,0.022281306166986536,0.0,normal
1.6417091930756915,3.41819909335995,23.00127552687177,105.27535797482648,14.802724863835754,30.57811983519293,1,0.04682534466050023,0.0,fall
1.7289965653669341,0.9914999212915171,3.362808089017178,93.21755407626071,4.064802578735115,11.962422234075039,57,0.996734109594734,1.3488664852779657,wandering
3.008297538044775,4.804086328841451,5.594200099252881,123.48418238946881,20.796203028579665,25.978710644899444,10,0.30360361238333405,0.07900783906809389,distress
1.0866934336939331,0.1934750974676659,1.436185395026603,72.36906328291674,2.5598877896261056,-0.36310961401677355,4,0.08706266154842271,0.0,normal
2.462523483403061,4.6613726230914425,15.446022322657434,95.71967915461872,9.405150815837953,33.20481361316882,2,0.07853103936948008,0.0,fall
1.4394970915355234,0.9302980633500798,2.0393353139165393,90.78506539177083,4.830919223609655,8.687814432079698,41,0.9285518240012238,1.3932774627016125,wandering
3.9772960201414995,2.7412640109603394,9.722549565879444,123.3463849903244,20.07419023589336,37.823829720022566,9,0.33578866723081524,0.2643835901460262,distress
0.9438035874407846,0.18698690330781803,1.183758022195343,76.09046116709594,2.4643257507791447,-1.0516100458141224,0,0.13983300990322695,0.0,normal
1.8197575519317164,5.57795280003265,23.299079996244302,87.33409130239927,6.172390517026085,21.55756221085198,1,0.08267427482504491,0.0,fall
1.248605439949634,1.3705922192204736,3.6576312943484064,92.3244370954896,5.6105263890853525,13.559720713361985,54,0.8160851100227462,1.3381223838745162,wandering
2.070912577699496,3.376569380064863,9.519574944815158,117.56572143823965,21.602108115673218,16.908188591681583,9,0.6099542401083271,0.4869243382453336,distress
1.0093013728625724,0.20525024415575704,1.3774366856551326,69.24722566119829,1.0331305509241455,-1.2051280716079376,2,0.12875522228809283,0.0,normal
2.758027846839102,4.861001974921721,22.3805728204267,94.01985794971687,14.478317170781809,26.124648875476517,0,0.04735206101395224,0.0,fall
1.3450719187020932,1.3188415522128105,2.018956245407937,85.32007656984506,5.173516176621846,9.550323355845553,52,0.8334009574773984,1.2593354675417163,wandering
3.1782494805345607,4.996806726863049,9.573192587795393,106.56062886005512,24.858331586198553,23.474059336191928,5,0.42912407537413594,0.15225110061159397,distress
0.9217550093453382,0.08926819770195592,1.4640892581527964,76.60510076607558,2.292505681670372,0.42367948759284424,7,0.13954597111690603,0.0,normal
2.412547865896703,5.692221551700224,22.48653923377996,108.54613325651296,12.768425698392754,31.777630609460314,4,0.0522547215329702,0.0,fall
1.6305415292202432,1.0475360598751668,2.4971573934069706,94.67225632020306,4.397749814268659,12.671242090068002,48,0.9410924326167287,1.4555725393819583,wandering
3.8051829534377384,3.344797799585849,9.037055424696943,109.93124683748664,10.853465060430437,24.53700068571224,9,0.45919013475957077,0.4451479979726532,distress
0.9204832917529228,0.06899988261950198,1.0018185051613868,72.5208477926056,2.8126243883116464,-1.3884831471240764,5,0.1670559314551928,0.0,normal
2.2193855229140653,4.882917488445521,17.440485433853713,105.79104395262077,7.13420398660534,21.214870008087715,4,0.07228485343544448,0.0,fall
1.8082180833520416,0.7893472745313646,2.9289825341088243,89.47974487782596,2.9109311466739634,5.4861910973547,39,0.9153995046187045,1.4565736258122448,wandering
3.462255188578074,2.992348682882234,7.556093466801002,124.28823876378294,20.31920562475638,28.815857605041703,16,0.6425094787816484,0.3745076904855354,distress
1.0785149799680451,0.2978974086058215,1.0641377920174535,70.5983509265484,1.1345043786612696,0.6397076518139935,4,0.05060010786867633,0.0,normal
2.0602346293566347,5.037835348139922,21.09060699663272,95.76595808403943,8.518743470484079,32.510086685745065,3,0.027020203448592198,0.0,fall
1.5941746705719995,0.9344952475241467,3.5652131397172195,92.9725972379372,3.314958989823534,11.206485008273068,41,0.9220030755823913,1.1737709308355486,wandering
2.4147689469997218,3.932131677362978,6.172190292181759,118.33212198442358,11.000372810722382,17.348011981353018,13,0.41413791949292433,0.24117033340037902,distress
0.9435001866072636,0.17316808205268674,1.3291969529139882,71.14431750061343,2.5855875466919795,-0.5621839477857073,8,0.016637494778218187,0.0,normal
2.8353775777867436,5.39632769926498,16.696241124908465,107.67307329656474,14.362329511962509,32.20978828676155,2,0.04781879672276499,0.0,fall
1.3504483359166075,0.5719191880197875,2.954661823063806,91.3261736947216,4.207648793723525,5.258372644050051,43,0.9074802344859246,1.2030130575542581,wandering
3.066220558391306,2.595777162055638,9.195251650871088,118.26430705909887,15.040769349978683,27.521550043113464,18,0.6602738021042057,0.24375311414311845,distress
0.9767954043564561,0.20696409862717552,1.0249376549283258,74.25581549253046,1.736138662014802,1.4530866210669244,5,0.036515414401077174,0.0,normal
2.600324221715467,5.954295070079723,23.422571569087918,100.31256217691713,8.12517566596124,30.517373726119022,0,0.014132540433261932,0.0,fall
1.3274169536588514,1.4024390455643299,2.997742894779984,93.80054591475161,2.4282379864209642,6.2035003713650925,32,0.8721267791898628,1.4803961211741519,wandering
3.5190674744232835,2.768025285858236,9.292815258972732,126.21804648888858,23.7533364454481,43.77252982739099,12,0.5969968156508005,0.4583323790767923,distress
1.0942855580435937,0.28924603539756244,1.0691025690115223,68.10936505399297,2.2472992005359966,-0.5766840588671456,1,0.17175575838381552,0.0,normal
2.3478575438473843,5.1285023660234845,16.36332509123989,98.08535054885333,12.957005297511154,22.733271971862347,0,0.07907259543301896,0.0,fall
1.3518020850694663,1.4133880174337046,2.8990937552167724,88.47152825545565,3.0487701301878727,10.699846597274838,34,0.8060354815827774,1.0824129865435048,wandering
2.6834143103942303,2.0755192582332334,6.140061532799535,120.35748233130738,15.933334864509195,18.6081605758544,18,0.4414127235526293,0.36704601445333584,distress
1.016727519087734,0.1275765620183727,1.0441205389212727,72.24683345317219,1.1495832298233126,-1.167511441828486,5,0.10436147371695499,0.0,normal
1.9196431925774662,3.8252000979827407,19.99767541753374,106.25700403078595,14.230205204416448,26.32076021169479,0,0.028017238462756,0.0,fall
1.5936978529336532,0.8443270931142973,2.579339375578993,80.75518310569643,4.410747687055614,12.806567674086535,51,0.9986096744844181,1.4256756395047494,wandering
2.811249423593013,4.51882896964847,7.295378980903886,128.472974271481,19.68627135735341,27.462003210721598,6,0.6697486976596492,0.1825185748268729,distress
1.0426635731940734,0.09754863487129119,1.4612887907958605,70.70396429937279,2.485420590082342,0.9517916593215174,3,0.15937127868726342,0.0,normal
2.7606258323325203,5.1102695843488135,20.284374550818388,100.5190213675782,12.219626815409601,28.26140650687084,2,0.006588898056017745,0.0,fall
1.5493329908913234,0.999828315809253,2.2252222094893592,83.66647985248768,3.934416169080555,13.874048325561615,31,0.8612105328125879,1.3084649450913985,wandering
3.1004283734843057,3.298512403996745,9.834092115031027,115.50134238232829,24.125418377506115,19.819004574472096,8,0.40890062152074985,0.20767515603707865,distress
1.090351528891642,0.16521277228264658,1.2883439584833192,71.77489137528924,1.6751036924337852,-0.14176254690347134,4,0.12177673481901319,0.0,normal
2.50554288122168,5.633380923265889,20.714112775064102,106.03627370787356,12.596359596583063,32.914715601676356,3,0.09770723619582333,0.0,fall
1.9315196508031067,1.395134763459454,2.7683711763621615,80.13611895658822,3.0700534325605817,8.81574226551274,37,0.8931150476655476,1.454455576654253,wandering
3.0287975612669213,3.562158475781847,6.789301216658856,107.54415906403835,20.363071099495478,20.956075301569452,10,0.42423677262628684,0.4064028475451465,distress
0.9353369367146336,0.18045609975398674,1.1786997785404518,76.27381866812995,2.5825728009232547,1.8738789821578692,9,0.05078229076803438,0.0,normal
2.447283689044403,5.5901697804778525,21.319486993726777,100.13574346047979,6.237740774071724,29.733140334224554,4,0.058270253403366105,0.0,fall
1.8272233683523456,1.1914459557329538,3.4169006527256705,89.18762409199066,3.1044230769690855,13.74177457043211,48,0.9016381410072268,1.2305214375394324,wandering
3.4764020102054536,2.424729567321415,6.70155212934135,126.70542212275232,23.337984776611,29.429350883677344,5,0.47992084405870095,0.24792860480230178,distress
0.9916615172281378,0.17197422124596057,1.1416338519609546,68.50605804537744,1.0969498755979636,-1.411719929307027,4,0.09121076441620411,0.0,normal
2.8873588550820766,5.2758776146794695,15.814618448168735,104.03643397649007,13.714184674426917,22.856952236494962,2,0.015924279992493785,0.0,fall
1.7939000927722537,1.3326825629316263,3.767627471232194,81.00815759955272,3.130665536195837,10.46483087503184,39,0.8911406372551778,1.2665995122403633,wandering
2.8250301912116047,4.742783273269016,7.865760152212619,126.65226401710932,13.714051195910004,34.45374303695796,15,0.5249152985877286,0.3228202187469927,distress
1.0699350989069893,0.23638632634582274,1.3124913959460658,76.43735989820637,2.3420358585159993,1.3241857477,0,0.03943327110768305,0.0,normal
2.5212674739202603,3.981856274939581,21.00536520336066,101.42844496702597,5.981592682986929,22.61961081961673,3,0.07565697699021191,0.0,fall
1.9145243065704995,0.5351525626699734,2.1611808708621045,94.90488216945809,5.912490260701319,8.616541772846908,52,0.8035484234925144,1.1644301605700367,wandering
2.157999657662493,2.0534183924638367,7.992692169411916,126.42083815246367,21.55708660421585,40.48485423466613,6,0.6060294623481175,0.4841958123621869,distress
0.9546433372874069,0.2703199560198372,1.3930355417313942,72.12808850299608,1.5136159506745068,1.927683326278347,6,0.18935650012666763,0.0,normal
1.7974300357757462,5.509704631367775,20.652334580121472,88.37459990248155,11.289499798989958,32.93392750033109,4,0.030012679701163614,0.0,fall
1.2349442102280024,1.0606347617054486,3.439343462484328,84.51139193831885,2.0768198462086667,7.2084673725135815,36,0.8640210360592586,1.0285505854899872,wandering
3.2563497957954013,3.172205447806392,5.575537358720638,109.24002640460122,17.32027738560521,34.06547304805727,6,0.40403923383677703,0.4479850946660866,distress
0.9974053262089031,0.17374364752956978,1.2146537616646587,71.82578878503303,2.5284219124904803,-1.3434843376537922,4,0.1528577276845782,0.0,normal
2.903418383724726,5.966620187527505,15.390599098545591,105.9087896128998,10.449039425402733,31.8934894414606,3,0.07304397961860348,0.0,fall
1.474811304480488,1.0579545254571787,3.750138176942616,93.95119542965872,3.7817860479035845,10.66239784866148,58,0.8795055024360611,1.0917426248000193,wandering
3.7137038111498777,4.105411027395921,7.275321430970989,112.06116647461003,10.558008168908424,40.01028994148827,9,0.47100535785857944,0.06807075352315756,distress
0.9314845119969791,0.0696926253883783,1.3397745197362876,67.3730310958337,1.2211272821141617,0.3640151136955523,0,0.03212630040093707,0.0,normal
1.7182978728651388,4.196939473741257,22.232101456628712,103.63437226110477,12.72501821673392,30.3628429998529,0,0.006968861917191649,0.0,fall
1.768164401669626,1.1989406555856,2.877865203285107,89.2111972381281,2.8326265166942104,6.466779337184912,42,0.9965537402763345,1.145871983836387,wandering
3.162087481100567,4.422538308167838,8.548558799189225,116.12955896543309,19.395100576859953,41.332538663905645,12,0.4359866722129696,0.35866897000939985,distress
1.0387625989580496,0.18716146718402155,1.451602132669976,73.64363695723175,2.5410784456432527,-1.5417531664056439,0,0.1585881534718396,0.0,normal
2.6167742565230756,3.9251513722222375,17.834783824804525,103.60217451869653,11.965726696164392,28.081202587046846,3,0.018658873551726695,0.0,fall
1.8034311571495723,1.4022866333110096,2.061454107955803,88.64979719975442,3.523287875985857,9.98851048890375,59,0.9721535067046472,1.0663302520307947,wandering
3.2125000650125584,4.622649680247607,8.364217636030856,120.70045961426682,13.407700687258556,16.50239244650862,11,0.31688963170732765,0.2993816673033087,distress
1.0398551373465161,0.23935875541326984,1.4375879292063583,67.75327499875588,2.6123308346618495,-1.7364548145846226,4,0.06964222443551059,0.0,normal
2.1726810104063334,5.148317409463688,17.41670259674246,85.70454027628979,14.083394050036297,26.441672768265185,3,0.05112902908380054,0.0,fall
1.7162848553730823,0.7463933867870467,3.5528464041237884,85.30992364117476,4.075987663686869,13.101220017033583,51,0.886135041485333,1.0212569034474086,wandering
2.7773141573068774,3.7400936437917074,7.245971124468792,129.51499200810667,19.349278113810197,31.83483424002994,7,0.5046196898445271,0.4754453778067024,distress
1.0875351005637695,0.24828953250212726,1.4737810556607092,67.84573769907682,1.7834366441712528,-1.2734642911124654,7,0.16412280613714053,0.0,normal
1.8680230111045921,3.2982208793967507,15.62010101657615,91.25282298854025,6.100646262546334,30.834948414098456,3,0.008159235597454618,0.0,fall
1.6171828993075266,1.3188672961295884,2.0213306143300764,82.84555761762958,2.612400189893507,13.534043846291619,58,0.9726524798702749,1.4106187908494094,wandering
3.3568512826146035,4.472129369171416,5.434437919140673,100.27749415076114,15.543128507981164,40.267036265571235,10,0.6943600919365721,0.16319672617019604,distress
0.9160074061997483,0.23525909048030424,1.1758701680028367,67.24677555720044,2.418491093277686,1.9030750081067787,6,0.09555484087459576,0.0,normal
2.721896064326769,4.410055750016685,24.45733396009218,98.15168477551533,8.565617128292455,29.624906580670533,1,0.044491137649847884,0.0,fall
1.4942044190264636,1.3295066861419,3.880174162219215,88.83475065911708,3.664066891511248,9.802202757011269,45,0.826829008563007,1.206902597518863,wandering
3.5997836022320984,3.9908498703226662,7.991126462883687,117.93720131548775,20.35591118353871,39.154926066691694,11,0.4010766617596536,0.29763345626787824,distress
1.0340541712753564,0.26819250173288606,1.1658636969802239,75.15512529210059,2.66401687365281,0.6216390107512608,7,0.16523233140957616,0.0,normal
1.9857704312004414,5.251600470638823,22.860877191358853,107.60076570994224,14.338158283787518,30.35381648616268,1,0.051081289133790356,0.0,fall
1.8081298196936952,0.9900660899505183,3.4718667168309,93.54516780986586,5.9483763333636,14.515919844955432,36,0.9081004451871036,1.355474949371915,wandering
2.7453334297453784,4.439749648513031,6.566502969574058,118.3230402307484,18.375670102557375,37.359435935045205,8,0.6937734853744242,0.05938438081640496,distress
1.056638140613122,0.0745640985984745,1.4483121630066065,70.51456335153408,1.6117551969512476,-1.5185778734064255,8,0.07087486917273085,0.0,normal
2.1881151839819335,4.198408854456488,19.61812535414847,93.28600882708534,11.416155719059699,29.159690624682337,0,0.011868718189713868,0.0,fall
1.8059993271195993,1.0044293314627932,3.4410333174908203,84.83529529319387,5.442848908688776,6.552818930356377,35,0.9353727878954097,1.381152117113909,wandering
2.462124606274279,3.7464172423972193,5.9929216279269735,123.75397197116206,22.908666546586296,30.291559414731637,13,0.5078466112961754,0.2873693102204973,distress
1.082597187491175,0.058603016037752795,1.1570114559987044,73.63449733796783,2.558241216337393,-0.46612706474635823,8,0.0017724796438108648,0.0,normal
2.940902272450286,3.750331512300118,23.47635256146706,101.13816098352932,9.787759602579802,30.934931925429183,0,0.0839831274754352,0.0,fall
1.5271658115949536,0.7446257417290457,3.657304282136297,84.16309736078293,3.8550397390877236,11.634224550648419,59,0.8204843413572566,1.1475041899358862,wandering
3.5529766798189812,3.9709721145738994,6.501353425734958,115.4472842656458,12.040718250985309,30.64673857590833,13,0.4138576963839905,0.0221363491797556,distress
1.0136306061468543,0.28414923263658914,1.4176926951378108,68.61233089503385,1.4774670362695188,0.7132045064989323,2,0.0475155267259719,0.0,normal
1.7170992590092449,4.183920865382349,16.690970251116006,87.58284215365498,8.421185021729986,31.20596995418719,2,0.019308219896099578,0.0,fall
1.8443500045814782,1.313040002834526,2.73211380429972,86.77632265787938,5.587079969237251,5.222568613857314,42,0.8834038103108233,1.009626629590197,wandering
2.7823453505253104,2.4279697633907737,5.492842567665434,129.25819736591657,15.70696079421096,20.449177056620268,16,0.6517159528848998,0.25415204722978907,distress
0.9438662807322348,0.22166241042397583,1.242974513213675,69.60069429119895,1.0230994363034127,-1.368859989002852,3,0.16328074272418505,0.0,normal
2.9930369342099064,3.7038083270798126,17.0674510253372,107.97347343765585,8.272095923113445,24.977939610611354,2,0.06958315849074492,0.0,fall
1.4036636886354337,0.7806526005850509,3.1431989532970883,87.3941840543061,5.881847204203275,14.729467252125483,41,0.9805062595025318,1.3379032492424272,wandering
2.7680103917016723,4.404245746135782,8.498228069033296,116.78141740086346,21.937887271948163,36.89170990778457,13,0.5751177415946662,0.037803955599626515,distress
0.9371202590039509,0.11523413459670236,1.1347005808738424,75.19297618776514,2.5791369661976153,-1.0264910488813603,9,0.13382291481720407,0.0,normal
1.968356623431633,3.181635503529403,23.982115692459782,99.1221190972604,13.823014193702164,33.266489737761795,0,0.07219520890165967,0.0,fall
1.3636674331615888,1.2854028221905225,2.4302218844714583,94.19260072762988,4.4758693385730055,8.45465547225028,45,0.9162200074623512,1.1757304267264614,wandering
2.647991098875181,4.859450221877504,9.903221804069938,122.50493426304054,18.164664708632884,42.4313321919888,7,0.3208776178689284,0.21671282351582855,distress
1.0227489041415647,0.2683031624309647,1.0596672941250926,70.61103589761208,2.6185020583470604,-0.9298526630747381,7,0.08896871224483466,0.0,normal
1.7641691116471527,5.381050095356285,22.78915373293247,95.91102500709701,13.108355499576724,33.62738875097578,4,0.09905782349236456,0.0,fall
1.3763426239158942,1.2103836671565027,2.115138781102707,94.49286639701359,4.168411588735012,5.672555689567625,31,0.8667161346005414,1.0750204838367408,wandering
2.011305105081896,4.102246118742948,8.290561900740393,114.8656151648917,16.663047943755213,32.37675244243995,13,0.4116407167581294,0.4919870592897701,distress
0.9440908380316957,0.05067664546763416,1.0859639870802547,67.60470268078494,2.4849622681009143,1.2688004049171315,7,0.09710241155939602,0.0,normal
2.1503900148168382,4.256922869310316,19.11061059585158,104.72028690564912,5.806434109208844,22.726705741290672,3,0.006739664097802423,0.0,fall
1.6844784191105786,0.6061354932489007,2.077689692872192,89.56736406285475,2.940192349645117,14.654925359532312,43,0.8321551476091585,1.1033077177697097,wandering
2.3412027370002084,4.3487677986230935,6.0696366883731,109.47659308824139,17.452712617148347,18.113358233220744,11,0.6864832487493577,0.057975188068599304,distress
0.9076210278095725,0.1449784208594081,1.0794241411278271,68.9840205230961,1.620713837828662,1.2466959581130643,0,0.16787862101544504,0.0,normal
2.503388559504687,3.6941038388329845,21.150918148416146,87.55880610921336,6.1032761309353365,31.966019587810933,3,0.052952044989114766,0.0,fall
1.8565310040237977,1.358415355139325,2.205257397701982,80.34909834965845,2.3308232002414604,6.713929857437978,55,0.9446892410304893,1.290396776857758,wandering
2.1017434158928454,4.06921211202008,7.237511998664972,117.75023986757823,16.077057318914356,26.791519064066804,10,0.30844592330503123,0.17812911414670385,distress
1.0147432698855707,0.13679618620666756,1.4252252168927486,70.536748917542,1.8224437115175716,1.6820679471977074,7,0.18601457142431876,0.0,normal
2.8030878007075453,3.9226087627471506,16.326854020175958,90.69335592359693,7.9942857394802855,34.74176031459596,1,0.09714313768010122,0.0,fall
1.8704304929459916,1.180167800205326,3.273716631643378,89.91448996388846,2.4014824746856624,5.634803928851069,57,0.9928693555188213,1.0443372822643258,wandering
3.4129106607339548,3.711163125571204,5.630099060148109,109.19956185639835,20.82174724813758,21.479675785144266,13,0.5300253483978287,0.41671366735121207,distress
1.0945503010823006,0.07113990901811183,1.2152253529266297,74.91623039903835,2.8260036542775975,0.6503228099431033,2,0.0367062501228616,0.0,normal
2.9728752057481453,3.7733313941831588,22.016238606364826,108.61349836486332,5.686169762817147,30.70086440572338,4,0.05896553659828644,0.0,fall
1.8650293554564952,1.146064766777341,3.045246334070608,80.2156145168792,3.2338050437613868,13.094802198421034,36,0.8736083484093713,1.0531730009820623,wandering
2.858016424253891,3.736020113576356,8.051663981694912,123.19868654960021,21.37379309792031,24.34896366945813,13,0.3678081671860206,0.40953176940087394,distress
1.0159507821849487,0.2976792329652446,1.4187374652653693,76.513930646872,2.232460324658865,-1.7789925406857603,0,0.031818409667156676,0.0,normal
1.6251508486930455,4.844763551838608,19.65497457918253,107.62951847404506,9.132077497290776,28.8155556007776,2,0.05042727107491607,0.0,fall
1.4912246393526325,0.8245240331470364,3.564587437124655,91.07150498731326,3.3693494717849037,5.258624766358706,39,0.9724447621734605,1.0572500907534186,wandering
2.7879144774574898,4.403356487209429,8.42581012033996,106.02798004627685,15.064253202352687,28.80030405758214,9,0.6622670867622255,0.18143210857727127,distress
1.080472079320946,0.15375965806247277,1.1382614062421053,68.19968936198397,1.0814605604202503,-0.25083793844503655,8,0.09936925949001324,0.0,normal
2.5584606681268487,4.653560469764491,17.456164166817643,98.00260092337932,9.985656244436585,28.736778276983937,4,0.012851668395266136,0.0,fall
1.2747769086067566,0.5240604481891036,2.6385077616538233,82.58222803682094,2.2000061168976206,5.1180973609591724,42,0.9940801954484492,1.3802791034263082,wandering
2.1585537663018703,3.6440969849915903,9.917918526223861,100.64750072911735,19.690661232222602,31.49644222811352,16,0.413825002812677,0.17147628810069593,distress
1.0170082610718842,0.26484648735369476,1.201250040869362,72.23049831653648,2.762653055856015,1.6536299616329493,8,0.03672363169047441,0.0,normal
1.800678163935801,3.964485135221887,23.036143433424183,100.89081967291729,12.612574418265414,34.35423743710021,4,0.04230770330302992,0.0,fall
1.4684604055060544,0.9405522959438,3.084885741301783,80.55367541003281,4.967295455190155,9.911221205879183,42,0.9818005809659519,1.2842037151460728,wandering
2.3692416827085756,2.5596733287586844,8.224310037593767,122.41535991042912,15.345214317248043,34.41344600764082,8,0.6239389606038879,0.03181234229678187,distress
1.0254922821622918,0.06624655688676397,1.0653695884923475,68.5710798509648,2.2923646715935595,1.5763127910881507,4,0.09652265446716746,0.0,normal
2.772038403020419,5.960426533028308,20.02550493180471,99.72775916646684,6.355333584825421,24.485290519939557,4,0.0267812853826523,0.0,fall
1.293163601430089,1.395951451671522,3.4230669565062835,92.95995905528817,4.37541319022087,14.037659300692269,36,0.8486062975686741,1.1829785108659738,wandering
3.0539716329852578,3.5611948375855973,6.881981067986868,106.5852134496095,18.14052883981394,40.32770398110597,13,0.42750707288551504,0.320463301621007,distress
1.099072387072015,0.07190377212147385,1.3753628691046016,71.45300418367752,2.266819984414318,0.3518264253093655,4,0.08456932557831279,0.0,normal
1.7301898918365557,3.150849532769767,21.536106753867976,91.80422634296151,12.485692872999305,27.360291939221018,2,0.05684273550877909,0.0,fall
1.5399768713048587,0.9641622974179168,3.6107769890986225,89.2987490443312,4.486498942118333,10.221985608188737,52,0.848579814698102,1.1816058358765649,wandering
2.224955100709161,4.842405678604525,5.224621850595172,117.20861519669742,10.105109134906852,42.33062663795056,16,0.48827310527479667,0.04408251543300373,distress
1.0206639914555944,0.05946914980484701,1.1823340690933664,68.29511562023791,1.3573417621261172,1.140003575443672,1,0.06405971936811108,0.0,normal
1.836984386671439,3.5928142802226386,24.96935906235875,101.14653079601749,10.557285918083489,34.73692564171145,0,0.09287703784122148,0.0,fall
1.6296246139158068,0.534445827704686,2.079775746854577,84.6458321167047,3.607645849025362,6.083627078440877,36,0.9593856918604396,1.3407200184904478,wandering
2.3436103483646518,2.6269566288018424,9.623290176700344,103.84788411791065,17.27587201132213,26.09039180722599,14,0.4906924083849826,0.1514117368769845,distress
0.9153414977435946,0.2350620779726581,1.1477931289104386,70.12157174010463,2.4711334357593717,1.4121568204658352,6,0.1468139098944279,0.0,normal
1.9799971289857226,3.438147881852797,16.75424406818464,93.66443569481902,7.900714482050101,31.991621008003364,1,0.029794486449373693,0.0,fall
1.814479617392025,1.3869085724499683,2.204792870917406,80.3867946650157,5.656698314865037,11.1917867608631,41,0.8813279032031205,1.2259977270996134,wandering
3.1523521988816148,4.591545882207581,8.654113871754582,118.69951200137433,22.336912406184233,38.027012162595426,15,0.3326903390686721,0.1669619742109068,distress
0.9908509997652927,0.11400765397316868,1.0940762341359132,76.64659352002113,1.40451067540417,-0.25540556033883677,0,0.030781475544067984,0.0,normal
1.7717690102772916,3.264794931426553,16.034012093502465,99.86639894263992,14.444897708759875,29.52469578691779,4,0.049435416060560615,0.0,fall
1.8783730938536016,0.8171751511049224,3.5076220216444183,91.71864994583827,3.1300149151065044,10.333661759933323,52,0.8308948641744556,1.4898741146706553,wandering
2.795094038987018,2.630266690009198,9.984402008232827,126.4846052768354,23.220516466048398,23.30818386381047,9,0.3515287812745034,0.1744722607518236,distress
1.0126759509713008,0.18282216705628196,1.1301364042395279,73.79735073846842,1.823601271331402,1.4513223737183343,3,0.15833804063451742,0.0,normal
1.990180614714501,3.0892456902956207,20.11470579868455,90.08794470073222,5.700089194084317,32.63507206395255,3,0.09755273608365911,0.0,fall
1.3153394766158797,1.0698031347998873,2.3064489836845743,94.38498809637696,5.805442853042595,14.268018818310008,45,0.9607298397333365,1.38902634345663,wandering
2.4181501651236097,2.8692846684825235,9.2748401912492,109.45675796228531,21.08741226539295,19.205983329033515,15,0.38408680019847075,0.23114815386671556,distress
1.0218451264147415,0.24452879060313804,1.0665224535986746,76.98230208941946,2.405077301197872,-1.3508029366997754,1,0.10677813640869716,0.0,normal
2.3401524604715465,5.11899961572686,21.376976262913672,90.25239540412082,14.633186950494915,20.270382870396244,4,0.028062289405894936,0.0,fall
1.4620821931540473,0.9885341375869918,3.2035147224380482,83.0742728668828,2.953302946379736,14.956179451049344,45,0.8137318424522207,1.323346668433193,wandering
3.143485857389371,2.685008323621347,8.814585601057876,105.9792411200155,18.21174895606666,39.21033876972011,16,0.6776383686584626,0.13066706785239257,distress
1.0300456077481672,0.29865707977212097,1.4360941877929183,70.92607395213577,1.3494589297680402,-0.8366113508408581,5,0.0477075104736088,0.0,normal
2.951977593554884,3.9280760747756376,16.278572026413524,94.95071452157256,14.628882845540637,24.307394560944456,2,0.0005217589611307028,0.0,fall
1.454927742288562,0.6363916124708136,2.7455251842149924,94.4151567242331,4.153624854648626,9.164729804731598,56,0.9830650667522429,1.2670171161009371,wandering
3.5955945418277397,3.638714999011679,7.030012769725924,117.31812981286505,22.733147321461004,36.08652305034318,12,0.3491973269398721,0.2556087242335962,distress
1.0213055040169141,0.29479609732437334,1.344169081106736,76.77389533284948,2.7337463999292813,-1.3436547793808153,3,0.16341902278422288,0.0,normal
1.7898090934448738,3.418045513621576,18.623277836910148,101.1227044578341,11.653932336032424,24.016462487208628,0,0.02669476279921769,0.0,fall
1.4138667873557633,1.1673986132976557,2.080575571163253,85.70731816629576,4.874479582718179,9.656655668620857,44,0.9377983511784198,1.3775588793765972,wandering
3.6586339145523583,3.6665042426100043,9.939599034762857,101.17877293771748,17.755788222917488,21.959891673736998,19,0.32323819713796437,0.06408481854969028,distress
1.0709230212475616,0.13949147623646913,1.2117173130608245,74.63833935959663,2.754323326894993,-0.908953930931554,8,0.02654602080374631,0.0,normal
2.664849951680852,4.098056129810035,22.498893010482814,89.68882002645904,10.343526627171794,29.923233712479245,2,0.08817549417731178,0.0,fall
1.80952878074873,1.1389736265523638,3.3509698211032726,83.539585076016,5.792486326031108,7.092149888846423,55,0.8873838927989827,1.2313242761107857,wandering
2.3187435726563494,3.7292200789107395,8.815901955639164,116.47852033515048,24.62331917230913,30.234142409827225,8,0.43814238863760835,0.3190180329239185,distress
1.0417525079098011,0.1257647854775104,1.4123189835057617,72.50896661573057,1.6102800481342863,-1.115353121909683,9,0.11801499093805386,0.0,normal
2.511339959800181,4.931525190825402,15.894724946847951,99.21234968656685,5.85027457809757,32.77268110787063,2,0.05254848652090617,0.0,fall
1.5038256310945828,1.2834866152584714,2.8199358156737206,85.36675113953781,3.1222018853436,14.408274109674704,47,0.8048964464931531,1.3879558133931962,wandering
2.381005900427877,2.4116388072172885,5.082042445172926,125.55477852906255,17.698341160439377,22.726325472843307,6,0.3088364052328717,0.3562161011588555,distress
0.9390375466725733,0.22824259340605296,1.3881746736493648,72.7930135327834,1.7687379001748798,-0.19738291520328044,5,0.002047279945183966,0.0,normal
2.1894551049632636,4.057950721774585,19.554544341522632,85.9186783331116,11.808092564288282,33.64231488489824,2,0.02525983776305364,0.0,fall
1.7159253351918036,0.6821869656173614,2.9431489639434165,82.21981134910544,2.0611648471296964,12.707171771653002,50,0.8464235417403805,1.0893378417342119,wandering
2.2292816870184278,4.754407649916156,6.395968400261008,120.52869545593464,16.616846144135835,37.12662103359823,11,0.3308833932151759,0.13449385695014576,distress
1.0509879624769847,0.2581908904582091,1.1838466616425611,70.74774434224939,2.198099191854722,-1.039331976935224,4,0.15533929040632444,0.0,normal
1.9061322442851913,4.166672538840503,24.004717770150826,88.79192664737609,10.044017980497625,33.753166612831365,3,0.029563534161482843,0.0,fall
1.8019310778576771,1.2887421783198765,2.9576405176448075,92.2738673327492,2.7638644189528594,12.587117313310397,33,0.9401962529067228,1.2734692327117156,wandering
3.888806847527479,2.534314684253021,6.514513504847852,126.89600340313513,23.661293266012176,29.10709514211132,13,0.34880698874009775,0.45127753201771437,distress
1.0354185856373623,0.2829995542326717,1.2778716383802688,74.06266725242635,1.1109219422285783,-1.3174121941888615,1,0.0015279693343652756,0.0,normal
2.0001386819364417,3.0408878322263058,19.394731431275105,99.80853841464493,8.200133744370753,23.6016928314166,4,0.09870042491364082,0.0,fall
1.7477080641719716,1.0486589792769965,3.7630081979252226,89.55924899475943,4.948919360726984,5.276338185810392,31,0.8422454092564088,1.302144675000244,wandering
2.683635827983319,3.014094810101187,9.376710031177424,117.56584466610936,17.34340918287571,28.027614156795604,15,0.698021380331727,0.042285676488455326,distress
0.9313592730701863,0.11148064846105778,1.159221055192171,76.46444694181545,2.882254948007475,1.8852130183849023,4,0.1673675940221596,0.0,normal
1.671107637136867,3.2275315374753033,18.954078336031305,95.91374810919447,11.285603286864553,26.75873610966005,1,0.08791431686778332,0.0,fall
1.2802486509665696,0.5572981839255688,2.4063024997275537,94.06584212839377,4.277768757167452,8.24914090971092,30,0.8621058805505645,1.2918206426015366,wandering
3.4294876053093253,3.032212430311174,6.103272688535668,108.46271671068307,15.680027244682497,19.28551960089551,8,0.36643509903471494,0.2174631090870407,distress
0.9512823096372496,0.058279332707437,1.3332486321625718,71.12005019731073,1.695094042671183,0.3479863919891657,7,0.1873093804149848,0.0,normal
2.099616310672208,3.4792336758507183,22.095692745890368,103.56665276295911,13.668472606275765,21.18058984938585,4,0.06873905606498408,0.0,fall
1.2510717834303013,0.8653617472885822,3.6709670644826202,94.60004004571815,2.7963627799154103,14.97894710114484,54,0.9418393893814171,1.282562459809449,wandering
3.921057224068548,3.9605153881748114,6.58306763518779,127.31860969006566,13.337425354099045,34.328048174656146,11,0.507853472940006,0.2613996925636943,distress
0.9670942669930617,0.29861199672677213,1.466092685101296,76.46957034821847,2.609932955914182,0.6313342384705072,1,0.08402542113068752,0.0,normal
2.8133780188199786,5.7434120199588286,24.212121306311932,89.39948701464269,11.20631604287373,22.683293399074074,1,0.0859093601626541,0.0,fall
1.4452814090448876,1.0615305029026172,2.4803775992943558,88.22404673039857,4.143503387995879,14.80474832361666,58,0.8664915203554815,1.022986784988432,wandering
2.412747739946627,3.0432191274867515,5.524640250454781,114.52990318444786,13.405369793862217,25.406635946005913,8,0.48824416806292337,0.08685222391357067,distress
1.0463348240411143,0.194494069842586,1.0487348658945155,72.45625617865038,1.4356065180954887,-0.7016962556309312,1,0.16210276002332394,0.0,normal
1.8604030351694243,5.3136357815409765,24.224500487800455,85.61084499544829,9.579177786138297,26.735091386472508,1,0.0026195383569999177,0.0,fall
1.6080803247212632,1.4073548985700794,3.978876411506378,90.94112224177209,3.983338795741666,12.842583711612825,41,0.8863884571955543,1.1438424976315715,wandering
3.3074005512145463,2.837177759088875,8.409214667834622,125.12784406023846,19.62533773325385,43.67686134549223,8,0.5895205215931987,0.3476274794069719,distress
1.070567553128848,0.10335618587038108,1.017152897035574,70.4799415191456,1.8221705207744379,1.5782296254488917,7,0.04591190986602825,0.0,normal
1.7413957409870593,3.070308402803626,23.841969859115018,93.47769651567164,13.642743995859725,34.546308481970726,2,0.07376033919934868,0.0,fall
1.8466942137468763,0.5577303932868516,3.779235361540067,86.35678880956459,4.028824724423403,11.322716151523926,49,0.9825108341234358,1.4742994165488315,wandering
3.6594267745156737,3.314613673851305,8.389144853464337,100.59694023584564,24.409357979900825,25.70526767422585,9,0.4749834862117984,0.209219944063874,distress
1.0393225997121363,0.16762583474582587,1.0193827973616674,72.64385802831208,2.3729958844808277,0.04574160659756865,9,0.19773802663242934,0.0,normal
1.9591098260641873,4.534947273415305,24.162628460732606,107.43541308676848,9.918666573216818,26.825613601213327,3,0.06511926689713703,0.0,fall
1.807019964118938,1.1248497699856301,2.2745730835277946,92.58938103428817,3.056025818818831,9.495315082779111,37,0.943990884596835,1.4498897867495393,wandering
3.9537877510815616,2.546476590610797,5.757075103809843,103.04381276955829,15.906532933736763,44.703184990892844,5,0.6528579603767508,0.19029153915033326,distress
1.0260483614362037,0.22535380878496047,1.375601730500203,72.4878113348089,2.0306750601732237,1.0961163491441899,6,0.06562408548414682,0.0,normal
2.997206560938422,5.783863187758319,21.112865632518538,98.78870187666338,6.983006083955714,33.67518963673079,2,0.008758401931821137,0.0,fall
1.2172815204450498,1.337298846049439,3.582582331616927,93.97533125028745,2.254438375709821,12.072386734388072,43,0.8328650708584141,1.485919146747344,wandering
2.636645281680374,2.1394862471036946,7.505695986086865,116.7207181971281,15.111174816145946,18.29986682018536,7,0.5299680794134177,0.2360762057659147,distress
0.9506628915332883,0.2874501349914388,1.0774221262658692,75.88814985726908,1.544795862820974,0.08157493999144894,5,0.10496854590440191,0.0,normal
1.9723785442717963,5.086776942729551,24.23309684349903,91.16069697933568,8.91131727716731,21.33620380532536,1,0.061050100842661284,0.0,fall
1.2768182802173489,0.8646485319759369,2.049371969732716,83.89956266757376,3.5785724686828657,9.116430176964892,30,0.9556116229303641,1.1952330942672815,wandering
2.8360036695787265,3.4732537522998523,7.66853383217509,105.44473537495678,22.1779268676621,41.83430648076036,13,0.48065488684541285,0.2596811699812538,distress
0.9745750108266208,0.1965656556618463,1.2545061909182667,73.27089861099338,2.581393294096532,-0.7448766261618727,4,0.17187157603335323,0.0,normal
2.184876020771722,5.449318680027123,21.28395512836338,87.52752951256392,14.34491260015163,21.651221365870658,0,0.07256162175974422,0.0,fall
1.2203713874615627,0.5947753312143077,3.3256597561929215,88.62302639252547,3.5297998947731966,7.346648997660101,46,0.9955743905387235,1.042615555030653,wandering
2.066766720196233,4.235463085696752,9.082728424304744,111.31999378451297,18.57694367144632,32.90346002161631,8,0.35190830859150035,0.4191697072656759,distress
1.0267072321166966,0.06513621319403952,1.2726928062493852,76.52575534587282,2.911339806388788,1.8333484087288636,3,0.04831664225398163,0.0,normal
1.9070445410858794,3.153903796329305,19.066275709518123,98.34076907032792,6.779627352751955,31.657328647008747,0,0.0629520342431855,0.0,fall
1.781257942478574,0.7055249342444775,2.73775808516221,84.41697043259771,3.818907868100293,8.234442680474514,59,0.8455994205674713,1.063969526146888,wandering
2.9221770843797037,2.0418850608806194,5.893032695200892,106.93190653811178,18.919570827770706,34.12729774763038,12,0.3494181893500812,0.05594674776065445,distress
1.0347566972631352,0.1171810116836647,1.2952868719746937,75.64758150266033,1.3138807716997596,-1.1227372451442545,7,0.049418351391977436,0.0,normal
1.8188370544419883,4.238630822908129,22.129706857451417,98.30566565030598,10.864656734127793,28.63327888276963,1,0.008618889834336852,0.0,fall
1.5497289538762893,0.6651155553510975,3.582740998506099,89.72414651897475,4.957734589199221,7.200360184804556,55,0.9250525832326566,1.109975659347566,wandering
3.1684577373093927,4.502272197545045,5.859712629414846,127.31728921380346,15.379319358570594,32.70827639495549,15,0.37822623474833444,0.13329373463975974,distress
0.9708634149603793,0.2307295405976721,1.2033978746955378,68.94043969835184,1.0317797863614573,-0.43226490145331375,3,0.014350485244903455,0.0,normal
2.924136679913063,5.911712999037097,21.095347963085533,104.72594848924265,7.072546483668727,29.3211382679471,0,0.0863033282522476,0.0,fall
1.2975294192182707,0.5990638474617099,3.2847477405923655,88.6707130879229,4.335562113104952,5.120587144848464,32,0.9624003635332631,1.220118117482079,wandering
3.5589893591332245,3.641486605649908,9.51570019560615,106.98588236598161,15.074290491126266,35.34871455088206,9,0.6312713904551013,0.011937755370652725,distress
1.0808304147853074,0.1294527221450948,1.10567783051344,74.32647871525404,2.8386418213196825,1.864005189565249,9,0.0905846449611799,0.0,normal
2.7905596306613947,3.8740721632956294,22.475283374785903,109.43014972945734,8.85186771029489,24.640446949829055,3,0.0706236712797165,0.0,fall
1.6630904377527942,1.4802631931588555,2.9497217716889033,85.13845057557364,3.7394344470324956,14.527882510614052,40,0.9380402840401191,1.446055090461541,wandering
3.9002063909493696,2.208162891713565,9.502870562672964,106.24154865258284,10.995609293557736,43.227303282057626,10,0.3460278081822499,0.047791453191799727,distress
0.9455610344050048,0.286002243190202,1.4040540916570061,69.12772566870733,1.7276220314096074,-1.5572111803206243,8,0.17025963052264198,0.0,normal
2.38872964129334,5.843570324309014,20.182567308307103,104.14872198750315,11.054800087952003,28.228070159337232,0,0.09192571090422409,0.0,fall
1.2132563175252031,1.4251542878106773,2.6811937149852376,85.87415264069881,3.7637477097082432,10.195065120741457,50,0.8108839574180536,1.4945834326510001,wandering
3.2261975172621145,2.9047006223322835,9.056751481370332,111.18703694550683,14.285631201156187,16.61307206315409,14,0.40023873030041285,0.2735632264440497,distress
1.0522427244598966,0.16121444341789504,1.2730040052808804,75.81621913863201,2.7856174813448824,-1.3538361331819866,2,0.11334108381132385,0.0,normal
1.5748660443727907,5.255943774263991,20.017942850379043,100.42442952927502,9.419649791937678,26.841038134704963,3,0.09010549696694689,0.0,fall
1.9859816115117352,1.1791860665052676,3.0743956791547173,87.1456941970087,4.142485692375438,8.782378921781028,58,0.8183504919173773,1.3904192568166645,wandering
2.156086657817891,2.8611461785929158,7.119050278149803,127.02912053173023,23.33372844714285,15.936407027428809,19,0.34059642231112863,0.02137690897062422,distress
1.0846303845517777,0.26902566029887653,1.2994422680227204,75.14889609977972,1.5408667259519213,0.9019292872039477,6,0.070165230531383,0.0,normal
1.7075217372961458,4.58707863688481,20.729084038645688,100.13829382947183,12.050562159386885,34.172915985897355,2,0.018779673703670032,0.0,fall
1.5963569336948984,0.7557925454455247,2.5953098803486943,86.82654285441055,4.594831121890273,9.432774654193846,43,0.925786547328791,1.4165763033839556,wandering
2.7047888552660733,2.2592280237295306,6.664607794359831,122.34135760233448,19.11108141349581,25.905930342513752,19,0.6250979034410937,0.45961062586395385,distress
0.9096857474521077,0.10575025254923952,1.1485914131410735,68.00346231876352,2.85654375812317,-0.7439877235851196,3,0.04228767162720348,0.0,normal
2.632175832888405,5.164186190052374,21.578622073298526,103.41156137365093,7.993350666244169,26.590170518980532,3,0.05223241738817869,0.0,fall
1.8699037817483803,1.4384192822424349,3.7876945509914846,93.67430966689071,2.967318528082442,5.469220502002812,41,0.9649568505726362,1.4179502286271064,wandering
3.326202698808058,2.1147469864340698,8.649879170224978,106.8189551656767,12.929069394528076,36.327009334704044,10,0.3102159532304512,0.11312262897602804,distress
0.9786535948062687,0.05772360903963801,1.4784171198486284,72.13566061879466,2.1542988577602156,-1.513005624279451,2,0.14114524562572558,0.0,normal
1.8906607336365218,4.1100162838128425,24.96768692492998,86.17853293630108,10.55767454524644,28.560734813076824,2,0.01831212548353357,0.0,fall
1.397416353528178,0.6978462280398295,2.29955706133812,87.86722753593114,5.989062660698405,5.377182372820738,38,0.8223089782789194,1.1313438275169925,wandering
3.4818829606724,3.358855598285525,8.590873436143891,118.97939422185682,15.989363355729832,44.12278136078642,18,0.31251529855743215,0.4392811753239485,distress
1.0324665967493212,0.09553153932603319,1.4994179966782268,67.47974866318293,2.560880984718887,0.5499266428197727,6,0.19282082419088084,0.0,normal
2.3903574509745287,3.663697330245191,16.13289417880386,96.70223040073357,6.919791023346678,26.677096012916856,1,0.0009584587104986887,0.0,fall
1.3319042822699008,0.5404465918617279,2.1614757860217475,82.67544421869592,4.485125301257344,7.755712522655191,37,0.9762476647090127,1.2558950154263018,wandering
3.0799511306622005,3.356017048618923,6.936560723732558,105.24454297281575,21.199616455461076,17.353122627936212,10,0.6190301532940752,0.1378702629888247,distress
0.9228189990337186,0.27102320154865667,1.3543947378599621,67.81969534807607,2.052464122006888,-1.140448574494045,1,0.16704606034451192,0.0,normal
1.960565539351398,3.076651449829245,23.927516032088608,87.65148634168413,9.804969985837861,34.91495124359372,2,0.09127195548363352,0.0,fall
1.8267030282206411,1.4910677137728086,3.1893295357746316,83.32079876093859,5.0454815071416546,11.226409031608583,52,0.9181757001139462,1.4517406568328302,wandering
2.4181693473526122,4.804575358834249,5.378221382065789,129.29007899153822,14.449701273582363,32.093954662444794,10,0.408059086940391,0.3257693158051414,distress
1.033709465372805,0.19006428439158202,1.270653559273308,69.82063947862177,1.430138855610507,-0.4149007854782849,8,0.029865168117298335,0.0,normal
2.731473982766488,5.082478758806974,18.31060498072747,99.41631385046232,7.741222710121338,32.577751744859825,1,0.07863076050193785,0.0,fall
1.3772591082056709,1.436169317672476,2.826464306703776,87.39974930217306,4.848302212876346,12.611373313601893,50,0.8549999868264835,1.4934897260324007,wandering
3.0951002987753045,4.250300649204903,8.907296531216007,105.913073478924,15.010666576698533,18.406515434236667,15,0.6820717744355314,0.1274177058312696,distress
0.9136916492476379,0.249117142702931,1.4916246004147031,73.78761630049911,1.4122211749862885,-0.15090245256271517,3,0.15524867726888644,0.0,normal
2.662533641016659,3.3388972516999837,23.87634094208136,108.31952108419797,9.09639418759049,25.711089412978744,3,0.003077639431558166,0.0,fall
1.5201354665503768,1.2843737874437013,2.8782235824179523,89.84753665098758,3.9317151618563306,12.05021806501897,30,0.9510637191733635,1.4095006022722805,wandering
3.282869082701927,3.1985530165885985,6.445363961421422,123.16975654683408,17.6810450077613,41.78369133545611,18,0.3714502802020291,0.38784016760224044,distress
0.9242000173290568,0.0981961833046303,1.4133032650605428,73.37789953226432,1.4241831655015191,1.897315544739723,7,0.019615827988229563,0.0,normal
2.806662726028329,5.2631887551490815,23.374512650717065,104.577092874448,10.725385300510062,22.531409281885956,3,0.013789158989448436,0.0,fall
1.5781709389656284,0.6106739889794933,3.3196154045461164,86.92946945009014,5.875831579360835,10.304196557786831,40,0.9144121957585585,1.0323992009733876,wandering
3.9748261408107703,4.791690922659629,6.476181259444166,104.74945596877214,18.30941291291827,30.32267856168665,17,0.3321438608366583,0.364670270157741,distress
0.961592326782185,0.07739594251224428,1.0036297028777548,71.05733213947616,2.8924271311206615,-1.616231820967696,4,0.07214866275805949,0.0,normal
1.971207818625467,3.0184907558383247,20.51825509310873,92.81518467754972,10.294555274040702,33.595605189637325,3,0.06601241113628241,0.0,fall
1.9315334953704921,1.07305607349363,2.899492266354275,87.16513244545192,2.537087768066205,14.79001366503341,59,0.9959174658613987,1.0746105159900519,wandering
2.805294260500835,3.050174998739414,8.609794206551923,111.35671591005277,18.99304872171662,43.825754292474926,14,0.5880833692505797,0.3057807225238786,distress
1.0840829493702797,0.20697579560523754,1.430056097795789,74.90916532232876,1.26821357972175,-1.0525068735402643,8,0.05194287675467213,0.0,normal
2.814056548572393,3.2731816226402968,23.823905723349213,106.45057156888902,13.76493017771724,28.711119692859633,4,0.0608667425305241,0.0,fall
1.8119235508441327,0.7136801076440124,3.6343566780414633,92.95630018564769,5.183984113481919,9.670977401292273,51,0.8279421766085006,1.340372399674188,wandering
3.1018297554338488,3.7169069467410187,9.775302034380456,101.16353910852689,16.892559670103644,23.461039168460054,19,0.6733862554192348,0.3321380656905619,distress
0.9256832054995413,0.24163305950167724,1.2439521557320896,75.60753874126854,1.1221625493940364,0.5283839584150929,3,0.12836222399168623,0.0,normal
1.971882747677796,3.785610059211635,15.181685098794707,97.71645406856126,11.745648893408866,33.779933560156444,2,7.008555753162949e-06,0.0,fall
1.604865523468028,1.4975016960440164,3.359582941819072,80.55908566779392,5.1175240389918795,14.74555175264317,49,0.8302780136191809,1.4173323189982763,wandering
3.217177652267015,2.444001142323847,5.95053741920962,126.22399102609614,21.54558036056919,20.41080067160584,16,0.4410456773018354,0.13426098394311964,distress
0.9936480209715493,0.1805341522308827,1.090907472050965,76.74152133269547,1.7364916393867549,1.6896610865155544,9,0.028646378774460902,0.0,normal
2.6799193055703663,4.627799428781967,15.713576276444535,100.113028506609,11.051261285978237,34.00977366003286,0,0.003577536142024407,0.0,fall
1.7612889854603968,1.3061963742529121,2.3611106252698937,93.55014241147568,5.260609980007116,12.3663480912472,34,0.8998585110442173,1.4217025756497201,wandering
3.8915942869033096,2.0981680785417502,8.33716529514055,123.11999926790685,10.963268492656544,43.48395539448579,9,0.39391771426987787,0.3754605208043643,distress
1.0685789661036604,0.0672556112859604,1.2164006657773143,72.14970886835417,2.8492307923321327,1.4631137749822472,5,0.13980200741094959,0.0,normal
2.060165482850127,4.5632723709428715,17.99764833613378,92.8491176782968,7.926398209758769,29.910762825874446,1,6.830659830743268e-05,0.0,fall
1.6461992509384145,0.5759053568270527,2.828647000101566,90.39527140496384,5.729966304250885,12.164877286810647,50,0.8624690415803061,1.3112924358463816,wandering
3.6310894238155633,4.235483324965482,5.6567082192532885,113.37498254342012,21.08580470116391,19.401981572538425,10,0.5928476558241831,0.2529701714324113,distress
0.9298948506192479,0.26663505925555625,1.2054172610436873,76.02776454552965,2.862109177315145,-1.4792028593377413,2,0.027827782635671695,0.0,normal
2.7700336810922823,5.658843349491461,20.421133812961283,107.6879903795706,13.20336809077075,23.1203013886157,2,0.08333356734500942,0.0,fall
1.6303050675306423,0.9757662696921837,3.994593858315664,89.02244176450532,5.539452568243425,7.287824996348808,50,0.9537341463208681,1.1482682262202786,wandering
2.0108457592457887,4.3969327239299805,5.034555667430564,117.51930496756846,13.869978557912413,39.44910348965262,17,0.32402383198211243,0.4975658073686226,distress
0.9318757640575691,0.2345306820628989,1.2913596864471355,76.97840115933434,2.681864351886138,-1.257816599705547,7,0.00352367411527923,0.0,normal
2.890807882293267,4.08424698592631,23.973344127436505,90.69527358359126,9.106971120163134,23.891620805438855,0,0.06114328373284388,0.0,fall
1.636103417190464,0.8032012964805412,2.0803262279992802,91.10990545565382,4.962791231922855,6.318980666104988,39,0.9378352482150587,1.0210942328189476,wandering
2.208900556667677,3.557616186756114,8.554823855011467,114.33051961056965,19.26948912466319,22.704906996267912,13,0.5937511435544853,0.4697195219657751,distress
1.0238465697626007,0.17155993047106205,1.4956584905689794,74.66236207011357,2.396380869512159,-1.2158987990402244,0,0.14343044222398924,0.0,normal
2.9860218704219252,5.465415821584008,17.334637337046093,108.34603249460703,12.820478643348123,28.721349854972505,0,0.01937918916624204,0.0,fall
1.5539046909910406,0.6742338996735195,3.815744636651476,86.73055927827625,4.828474581671193,11.214403059573655,53,0.9486113249775806,1.1166765298269477,wandering
3.9505917270740802,3.646470477367768,6.995495719746501,117.94901065651942,12.532161673068295,39.66851272924079,18,0.33722026451741605,0.42322936000112726,distress
0.9009183230291516,0.29472116729196046,1.0863378985064969,69.69065957690263,1.4664153912045157,1.2020854891645336,9,0.10162656885746418,0.0,normal
2.792360531479755,4.628277620997119,15.017640211844165,99.50945942514011,7.401964015018409,24.263411359533837,1,0.0721379372440462,0.0,fall
1.2564545747595055,0.5129301757011402,2.0007224640274908,93.51080391503629,3.4504814168473446,10.324330868524882,45,0.8755948752456774,1.4740251716121069,wandering
2.180125807167654,2.7018909136762432,8.703626489678534,114.00007389444738,17.414952140879958,42.1490026853395,16,0.45508180008632854,0.28174948447302417,distress
0.957421937604581,0.24397646085670355,1.2133635745884115,69.78785220474892,2.8523312640699743,1.4868789846201493,0,0.022409828947592338,0.0,normal
1.9844901786455487,5.528349152028319,20.978277376498955,103.89417454232243,5.057841501597894,20.01142890603288,1,0.03125670643367676,0.0,fall
1.7752480915410835,0.5258215268113573,3.4973968359100156,82.98239447824615,3.4040346447239873,10.469571169626999,53,0.8950428731731584,1.3136179682240154,wandering
2.0679384025155794,2.064797328228204,8.301219994283162,107.77052849669305,22.280363075676103,26.050302544391332,15,0.4017870788575455,0.12877284698404312,distress
0.9156408342588871,0.09737756986691255,1.4057356075157554,74.0076480945888,2.2974257828194253,-0.24389305406203876,8,0.1822049236784797,0.0,normal
1.9030185758749636,3.5425909440411854,22.397438023268567,96.8118034562691,13.536206719224968,25.030057517036454,3,0.036457315900429145,0.0,fall
1.8019121493226884,1.172706113738549,2.45258807126835,81.19850025728229,4.0320466843404965,8.983632843589515,45,0.898412304696026,1.0183930677010626,wandering
2.7407856310444743,4.612398886743417,7.216146268886934,102.57125499240512,22.018756619539445,21.590012834917594,19,0.5487591382736691,0.023369721409856437,distress
1.0887157205884288,0.27573720167206034,1.2908843051260945,72.00763663730397,2.2331282098887617,-1.5251139150316932,7,0.13644970489017447,0.0,normal
1.865831550347521,5.368143928637759,24.914693338641207,85.98127105671145,9.179178178326982,25.027346184047396,3,0.08376803222453191,0.0,fall
1.9597426585495197,1.2299397268908718,2.27030970625493,88.97181302362358,3.209800438434756,12.283406794674573,58,0.9343024535705763,1.2782797177567071,wandering
3.6350900530786623,4.258428091668199,8.965312474420521,104.31370221360649,11.31763811956834,16.814062428326324,13,0.5878544446297997,0.0976204146247523,distress
0.9560663587136482,0.14374518786571283,1.1789155660748347,67.34067063392172,1.0444027056333467,-1.9557773352358785,9,0.04671111666732173,0.0,normal
2.4619953228159814,4.468499363683243,19.01226258113927,87.38149505794895,5.908478885974596,20.229175945158435,2,0.09174354416950739,0.0,fall
1.812700867921537,1.2396064745507809,2.9896004041846584,80.72365085897621,3.5923469288448846,13.005866312593053,37,0.8578931976885779,1.449547019407057,wandering
3.0708711956548465,3.228429950244622,8.821042055490782,116.06388721310444,23.1973049298714,28.445568523238784,14,0.38183603353106454,0.2477361702146656,distress
1.0146085522537334,0.07093458373619708,1.287595371285294,75.31515845460389,1.8920426105462786,1.6067310919424433,3,0.025490461679546873,0.0,normal
1.675103632172557,5.313246021311551,15.39246133030714,93.87794608037706,7.729932455199088,31.85476555948108,3,0.008235233046579837,0.0,fall
1.2155039833878203,1.216971033100389,3.8055220298882455,87.57911390281515,2.009544027360802,11.036368563577842,41,0.9325367366161355,1.2018290734995034,wandering
2.894723078827214,4.61942018635475,8.008016366894395,115.73128621309705,10.173886940506002,27.286105754938482,18,0.4388946535632282,0.23782093705360696,distress
1.0439566574571908,0.23114689090398094,1.1209943195737222,70.00595181647238,2.492344744941418,-1.4910712260493337,3,0.07936748501625795,0.0,normal
2.852244335790795,4.163539686285775,24.80190460718022,93.8503696614478,6.382303831818299,31.76219620046576,4,0.05923492384862353,0.0,fall
1.4210173180211503,0.923345576709543,3.1498108449205615,89.07674231679526,4.927893036022808,9.723200891349542,35,0.9927775617578913,1.119722688222561,wandering
2.3931892932125765,3.515048834738127,5.233002525656294,101.94504545632458,23.18547002277777,19.07858078485464,12,0.5321966526704021,0.22427288566083114,distress
1.0644139344032912,0.05692739227920694,1.051079228636961,76.71821712332485,2.175990554416188,-1.4716849058935972,5,0.010909692288963059,0.0,normal
1.8536398374663814,5.077445511866971,21.07036585870116,90.08780327117341,13.739772179751176,27.66677453055406,4,0.012098788106791658,0.0,fall
1.2279184574410251,0.6655149823229456,2.4275290145326567,90.32879462345758,5.860860856229518,14.065617321599868,52,0.9050554279116481,1.4170760888406186,wandering
3.210558431029863,3.7267650718294587,6.0593949383806835,112.50669160148188,10.12441476708929,37.99335195018077,5,0.5006458306037429,0.25897938319426905,distress
0.9387212519031501,0.13491839062196576,1.4978563139748884,73.65332343232275,2.10099274517986,1.1136136278708846,1,0.11731929651105764,0.0,normal
2.387132638549594,4.354346677698311,21.0282416585042,109.09612022683213,14.444213926824927,21.104443506802614,4,0.0943532914563495,0.0,fall
1.8601904203044461,1.1889732260485752,3.5891748611346346,88.81561268729774,2.2778875472477544,5.95818539796714,56,0.9841134517283107,1.2763721240077497,wandering
3.481002278391682,4.281741224675521,6.728040144161049,118.93275089882627,13.283181569295357,41.46751036993393,7,0.6341706060204181,0.37246511008694266,distress
1.0824739070110325,0.08847598509825443,1.34832430937625,70.57885473731608,1.3081329803062582,-0.5385075701774786,8,0.03008061586931088,0.0,normal
1.5710944203008155,4.111481106146046,23.270367439471574,93.16017995201287,5.025658822135323,27.235130107786162,0,0.07754179940318734,0.0,fall
1.5695869231582305,0.9986815193490495,3.043988384969429,86.12131809980721,3.164115759982361,12.196267888431862,36,0.9754729604676529,1.2705106269003243,wandering
2.9987502978729483,3.891788399927913,5.162313965431969,120.48367653824657,17.945589226073047,36.66104592702109,12,0.425748911001379,0.033626321246338076,distress
0.9848894553416061,0.1512776339861307,1.4385011409740087,73.90206840734004,1.1715244445952946,-1.1633637838825241,6,0.057214152246043405,0.0,normal
2.5218140611197475,5.419031032555867,18.02180375092686,106.63713680164477,6.428423624759661,22.669015647096195,4,0.09147067956174289,0.0,fall
1.7492955897136342,1.3029927746824992,2.80580566265683,84.32896663072079,2.4652668708477936,10.532352192835877,33,0.8063362127442121,1.3186166522775498,wandering
3.274640829963543,4.1425375159818145,9.476241298939568,100.39631399146174,23.98531451680374,24.43203032596789,13,0.3141869457169773,0.08221937783102012,distress
0.9272653166887378,0.14289769660163137,1.419449409447798,70.66431551406342,1.603001056812463,-1.7126868627606653,0,0.02092242216617366,0.0,normal
2.483880492005964,3.3949542400775408,22.513850719926197,90.21637127067609,10.15587887362728,34.342905580187505,2,0.05555082976955078,0.0,fall
1.4326750987568524,1.2976973755342427,2.846261468726956,91.80256906958533,2.856759125609688,5.81713049111732,31,0.8487149032699663,1.041360947444307,wandering
2.2045558270537935,3.7902055244376607,7.184942958417506,114.95845099173965,24.813435587830014,30.891295182981036,15,0.31599458068408537,0.3314438834940076,distress
0.938141012575455,0.15746666548971283,1.2146510827771237,69.29134935451654,2.531073705852441,0.8717154997911698,5,0.09773162565315463,0.0,normal
1.9513444854971798,4.558403925251445,21.725541243208006,101.69982809603724,14.976855184378442,27.92688959023248,4,0.06009513153370636,0.0,fall
1.9459339059975362,1.465061746614897,3.000838788305812,83.68733383030236,4.329850971690409,9.135922238266602,59,0.8279875610937054,1.1419015259636445,wandering
2.8856574559105868,3.333153132100867,5.303633845709712,127.24650901327706,16.422913013884134,41.18486734261734,8,0.6034676573304512,0.08483663425821297,distress
0.9187746981079292,0.06933903841080093,1.4280026572365494,71.56778750547736,2.1409201238359223,1.394933547448408,4,0.13025544621894203,0.0,normal
2.301175881210777,3.089990021738151,19.048110387189862,103.52929878001281,8.861461847734597,28.4773213043059,4,0.019982350932655712,0.0,fall
1.4184268731022012,0.8882629948908632,2.2012032453764343,86.79159058222436,4.888988396121116,13.550057785919075,56,0.8671446081173542,1.483325434686369,wandering
3.1979359945295975,3.412192651847095,7.670976230710049,120.25514685392628,19.175065530690823,27.834198508843965,16,0.6002592910111203,0.03714366693923976,distress
0.9336116248133466,0.06189162981749215,1.3433306771753664,69.66458472424135,2.9708350517505617,0.4538691219749751,6,0.09228462272591671,0.0,normal
2.08856946714041,4.746224569054487,17.758412240386274,94.34699398861615,10.19113694984312,24.4533842504053,3,0.07592789365642046,0.0,fall
1.7521680997119833,1.472218246289683,3.11579289338221,82.28867612702832,4.568232953893752,12.6940904498864,46,0.9243448870810308,1.0708564541382308,wandering
2.969380858257461,3.6526632050621552,6.2455378590500015,123.5998467829959,15.118947709552367,36.577528330860055,17,0.6305675001409377,0.3138282772669927,distress
0.9868170676098553,0.20894960782615773,1.155999541858795,71.41936448127612,2.9280765711527272,-1.3353102653898938,5,0.18790796966577097,0.0,normal
2.7097009873031808,3.647725473686947,22.408805630086054,96.07147866329052,14.3093851214152,25.474421976281757,2,0.06627386867871143,0.0,fall
1.5166203830865017,0.9570574477245207,3.7484392790684833,88.50285621558339,5.0462702927915775,8.577299153731111,50,0.8094236028476435,1.4168911086235338,wandering
3.2403907112150243,3.384117186582638,8.954598106170945,115.10604761595947,20.281028438263085,33.02552312600907,10,0.6826697970048693,0.2400955119808177,distress
1.0970540279411156,0.28978500185410444,1.4088290171843896,68.62356554595586,2.1543594724284905,1.0459502315072688,0,0.1850692924727915,0.0,normal
2.2399901443535786,3.0866319401656113,22.71106852446134,105.16113936122173,7.318593891063213,24.7043048819925,1,0.013171540595002963,0.0,fall
1.5296065915768222,1.3031126175994205,2.335120167425602,91.71349846801152,3.059260060268724,7.232835404054175,34,0.8396589768760273,1.4925183189166982,wandering
2.8620277379874084,3.8750105612680623,6.306252243019538,109.57023628459406,10.00475379635644,42.616863306890004,13,0.3008118492919714,0.4150745516792463,distress
0.9037490944300293,0.09053200476658764,1.3738479230195213,69.07145217418464,2.259503070778546,1.1170529025896268,3,0.13942063169813862,0.0,normal
1.8968121173910715,4.796806784912347,21.78645187922566,100.24916992346425,7.364995265781612,28.807211875146038,2,0.01567371045701912,0.0,fall
1.9246708122388028,1.0352904424162435,3.640583710246161,86.83030437826484,5.386448065984524,10.391225760025113,58,0.9912982168348844,1.4188415449784586,wandering
2.5728959000339238,2.307364632837078,7.843554204201107,120.4118188452513,19.506421639011997,42.57375701103906,6,0.386383962788526,0.1656333436960291,distress
1.0774987859894298,0.08522830813390152,1.2289878029288102,69.03532219690992,2.288021945169114,0.7811777369775226,2,0.029406436761420674,0.0,normal
1.832567949396367,5.787975019578436,21.67037356429971,97.66951675094442,9.034624916685347,33.45318549381475,4,0.02178764701837318,0.0,fall
1.342217474312784,0.5819710226844028,2.5527857685837496,81.97036921990144,2.347408736388085,13.885786620222342,55,0.8043335308869873,1.0722967386205868,wandering
2.790204033573353,2.2089079947153305,6.714490501216683,108.6883852075279,19.32820213762213,35.194596467927255,15,0.3874969998545107,0.10742646212130463,distress
1.091952316101118,0.14797042191596343,1.0101268565383632,71.72719327026722,1.8056671706954701,1.3808747324456094,9,0.01562091267977368,0.0,normal
2.4253713806376105,3.888233758128971,15.493951478183389,90.37594340978647,8.153914552578797,31.2207824887894,1,0.07802021230935038,0.0,fall
1.6662428981195874,0.7206302060617809,3.01183077888003,92.84277081151555,3.816782533851376,7.326749900874464,59,0.8625384716437947,1.2911806253084113,wandering
3.3348006960117678,2.9777315378067026,8.468377024139949,109.21757647853555,10.42060769233163,39.99516872017803,16,0.5237980885888196,0.0660101379662375,distress
0.9506561260304057,0.09567184026162918,1.013272860121558,70.4790710761664,2.44991829773563,0.32189436558936624,4,0.16307223288111908,0.0,normal
2.6273116399314778,3.602404171384937,16.746406101799916,98.69711302097761,10.097675891733111,33.18159993372449,4,0.0415765176720295,0.0,fall
1.473721622489117,0.6257766355833781,2.905654768334691,92.30928902859428,2.8866848727145715,10.480027209306748,43,0.9203796142415763,1.1701002478295952,wandering
2.394878764625103,2.6889459566413976,5.780385819503416,118.05153238016392,11.899299731273423,40.435854507935986,14,0.5291407633853745,0.38192118060668384,distress
1.0101429854536181,0.22652497982293995,1.3866941305125509,69.52872641584331,2.391871401850273,-0.06855393180646452,6,0.015902978015180525,0.0,normal
1.7338167545221608,5.814789919076827,22.490165297095942,101.7601584874941,8.851757909203121,25.79737826158268,3,0.05431051388783366,0.0,fall
1.4354073384244417,1.1356219516153039,2.688355197329373,94.9883067219861,3.042139905551873,14.740051417521512,43,0.9274327422080892,1.4623726580916894,wandering
3.3221743207126035,2.327810525311543,9.590812805399395,103.29180289114747,19.45932474025222,20.231615511979914,9,0.66240683449335,0.2664586219829857,distress
1.0241063839997844,0.09613593060271529,1.0487737165485735,67.9534090330825,1.4085397290368504,-1.1151333622293036,8,0.1930222295377601,0.0,normal
2.0973990606506048,3.2977255364004385,19.247017029137986,90.93722953272554,13.17635224933093,27.31669816199387,3,0.036741381356944595,0.0,fall
1.7641482536653175,0.8006808101727588,3.3460381973642015,91.76286527504104,4.877188594127983,11.550749205455427,40,0.8152381474845983,1.1762329854392024,wandering
3.054804118373475,2.854968467210665,7.294571861869749,124.77521794308714,16.30246912043188,31.42985445535882,12,0.48818282855898787,0.07488655481890982,distress
0.9690239883134093,0.1592829872754823,1.2311827529626773,71.41008065541686,2.574871491689101,1.7943025608713215,6,0.1796410097453045,0.0,normal
2.504826354010831,3.617620128349893,21.846264954466246,103.86745958037571,5.95604568560532,31.724157027073353,3,0.08551076097571769,0.0,fall
1.9668885481819511,0.78925241097383,3.7768243392783947,84.83190607260951,2.8208189933280097,14.725207560365524,52,0.8106829508561362,1.368073194944373,wandering
2.524806238618165,3.2330660941669205,6.639831214581371,113.82007480253934,15.502067792166535,43.19417792109192,5,0.560512834883486,0.12168789889204734,distress
1.0168085427795241,0.14814458307669853,1.000964862996212,72.1608307981995,1.2883199129613931,0.46016007372883294,1,0.048506589498069325,0.0,normal
2.252458466508976,3.110031272024075,17.93894992041874,93.56819717028387,7.452718837076628,22.39300060163925,4,0.03405687198858205,0.0,fall
1.7021279726691012,0.6988449771705965,2.5037688701375167,85.81708893539061,3.578768610660851,13.063783537543033,58,0.8283923271177742,1.28578915580155,wandering
2.4676389213056558,2.6779016496443093,9.042014839358448,123.42859649706836,14.530959647624929,18.53595560955483,16,0.4329756724075833,0.10852475356208496,distress
0.9464032707933522,0.12397918880714827,1.1490522903373344,69.38528769916915,2.0108338502401004,1.1531566809939866,5,0.1678730097312294,0.0,normal
2.9690877350033915,3.177145673236926,24.88564099051404,93.36412486373091,6.965536046461329,30.024029152135,0,0.05488365226688802,0.0,fall
1.4758485154452539,1.4779713155446235,3.961719520349586,87.10998277420327,5.697793569367189,5.196267038235016,45,0.8661224937137363,1.413790050588879,wandering
3.975294615516204,3.536287699695458,5.797097918648274,123.68066913982628,19.75284360615093,34.41267419315636,9,0.37179917611507896,0.31667242837958004,distress
0.940328857760115,0.14983758019879156,1.1697960533858338,76.27100514404424,2.6593831902992076,-1.964900483686534,7,0.06438453025535544,0.0,normal
1.7735945604439347,4.9564926866375085,16.857123098410955,86.45905058284967,7.473774349163085,27.74462420221164,3,0.024072474822882176,0.0,fall
1.6614884918566124,1.0311683093314814,2.751276997731427,83.1647962243884,3.1220526974222267,7.740603186189326,47,0.9636164761266758,1.3850897898331784,wandering
2.6233466504191227,3.7066491348689157,8.54546353695538,111.3705421751938,10.930343761112539,34.60913206450476,5,0.4089269783526188,0.10308210434975434,distress
1.0386322426878607,0.2451788181227178,1.1077407804876125,71.18580734080477,2.508813649997988,-1.3324324908744578,9,0.19593331573907577,0.0,normal
2.3514558747388516,5.284371561630949,15.855321517849273,89.57514980037246,7.697077476366816,27.14681829357697,0,0.04093760075273411,0.0,fall
1.2938696535302647,1.313481743099349,3.914659344799011,90.13304649309212,3.647059834196729,14.693499554260953,38,0.9959476058800498,1.4891640801227557,wandering
2.727589860137204,3.7502088491085876,9.094935423331332,108.68464176398693,24.93171015366675,31.98202824037714,18,0.6857057139538474,0.3212287887411437,distress
0.9021444114038921,0.07977358551786483,1.2407253333620296,74.12625860219279,2.7712098913625667,1.4107094168173737,0,0.03200556539274473,0.0,normal
2.949062094741219,5.488899699284975,24.471792139312868,103.70333128135732,10.60591878318786,33.40460381475605,1,0.02404827158399795,0.0,fall
1.929709647900602,0.7915569749737258,3.396070549759112,84.0493428724873,5.550432692997125,6.88052479679237,56,0.9689161705108684,1.4866500193841283,wandering
3.4269397644042536,3.7104630503319918,5.9633999458900995,125.58185342729465,12.096601461092158,44.26931920517799,13,0.3670167907312629,0.14279552968309162,distress
0.9075228827339545,0.11927452463130285,1.47914523142802,75.00268781663834,1.378977035512594,0.42064133330546793,0,0.12673468052279976,0.0,normal
1.9790910426483204,3.4450645487670526,18.5344553576925,92.31348953600812,9.523260542389725,24.499907916560744,0,0.041055340601716186,0.0,fall
1.6897997426354405,1.1760944315933082,3.528091194488894,88.36004577663516,2.8422458832366364,11.327756613703484,59,0.8623436168788935,1.3251997022855422,wandering
2.72439799921241,2.2742500673085884,9.415338441750379,120.2229116287792,11.868707747694632,33.26937206650639,11,0.6912979801188027,0.25462897009536267,distress
0.9192200867909294,0.101868583591978,1.496596254568324,67.4073311937369,2.4562757882569333,-0.5531000414669944,0,0.04020541355665779,0.0,normal
2.3745802530951092,3.3657004932752606,17.597091556166212,98.27052227399689,7.311291724339637,24.188295373237235,2,0.01643135350397227,0.0,fall
1.9224376453558891,1.1028730533399662,2.1015459272189885,85.76184972266275,2.596602919746212,11.080211743447336,47,0.8194538923889138,1.153374158468404,wandering
3.2541284347391284,3.8057890392068408,8.035004621568062,107.36823500176254,10.83927420964773,37.710803445931475,18,0.6268926639473399,0.47214349525921845,distress
0.9700126940607998,0.1835766257123403,1.2290569672668776,67.57619542633405,1.7442464701267149,-1.5594118238127095,5,0.10748243263596685,0.0,normal
2.743006711508878,3.9992234145350247,23.41937326446229,87.52647852660112,13.6050924249897,31.828286152794725,0,0.020453972090428832,0.0,fall
1.2069717256939725,0.7869577762518541,3.281132045227582,90.62251750760744,5.576153065619396,6.115442505270905,42,0.8322905668162317,1.3154266565713384,wandering
3.9801268658644915,2.8862846016460324,7.247616193466136,111.68060436655026,19.205689810148414,31.569014807239707,8,0.44111488648494696,0.14684818931704335,distress
1.067444040702798,0.05863421781420246,1.1243098209592617,71.08875915645318,2.917324551873293,0.24629417406211518,5,0.13722687040810533,0.0,normal
2.4318221473072725,3.5555401666962183,21.95593509682574,103.6565498778142,7.905794182527273,31.404871530089217,4,0.0714492417516694,0.0,fall
1.296799520631973,1.1639346388530685,3.6466891718072323,89.61247170669012,5.221680733155228,7.856383152966885,31,0.806205530875744,1.055194629048525,wandering
3.883062814406073,4.016206012624305,8.387683219880737,110.5906855698919,15.718587152738301,41.56865739631721,9,0.5059116427150588,0.1172958476858606,distress
1.0548328584359956,0.18307901053601183,1.46593732485493,72.70221148945801,2.71286418208365,1.3384497838111242,7,0.024871780532284383,0.0,normal
1.9587724629175012,4.313455995814023,15.493966003123898,105.13251814146182,12.71785280599482,24.63666483177829,2,0.0003097912687850868,0.0,fall
1.7294686825096168,1.4913105002870441,3.5860002975427427,89.37374366562273,2.8191237304164827,5.0605211368275524,48,0.9592200603387211,1.4273706752585402,wandering
3.931640938510498,2.6697143062400035,7.056978820068003,116.69048421683941,16.21976526498918,23.979409505955225,9,0.6392092561315315,0.16630826584486996,distress
1.0119922310177671,0.0935703187907208,1.4832178675443761,73.55142612184746,1.8732610231657378,0.760660481070687,7,0.10704728725988005,0.0,normal
2.011774351238577,3.905572838712186,21.467601562763452,87.19992790766031,7.934686519102561,25.99424943781188,1,0.07300518142429993,0.0,fall
1.4247387698052465,1.3118757249472066,3.918616785718341,87.37435381503181,2.074042172732277,9.528538221199621,56,0.8538530293627851,1.3244532974713583,wandering
3.6534391639782404,4.100539104646941,6.068326467455635,125.90608188955414,11.063172711489194,21.189427976624575,5,0.4289483917240384,0.08345320752309004,distress
0.9687439989307093,0.14860751725367582,1.328472917369411,75.42481817434839,1.9710176028988786,0.1406250720581137,8,0.1007914980695933,0.0,normal
2.289745712806694,4.872432661104739,15.498682601659235,95.39377793388314,11.286206961351406,28.86692718358111,1,0.03188654633417903,0.0,fall
1.3446385479894867,0.8928441134802966,2.5712601015765473,83.91514551178982,4.4128330041253285,10.435672954919172,35,0.8473833116283653,1.073905853255516,wandering
2.769182948239936,4.839388734639614,9.897034374727113,122.66367445481694,14.424219827497378,22.121774091654956,7,0.49459098624388664,0.14142182685242283,distress
1.011318753209577,0.2179052192198936,1.414088121765114,74.58534441973887,2.8153134764903562,1.1967377398617574,4,0.02604659458015033,0.0,normal
2.2658479103758316,5.252682641432984,20.108959194874274,99.88955212009063,7.105574657132729,21.701144418921196,4,0.028779273930770333,0.0,fall
1.3918714848121538,1.3711320706397327,3.662510107070763,82.87914617279264,3.391697088522971,9.589849656168386,41,0.8049383876927572,1.3726831328822047,wandering
2.6255696307153773,3.635897058058852,8.381172687237424,116.84253351358574,15.751699511496426,34.78880478995666,11,0.6391137361034153,0.45185241835577283,distress
1.0984910023455556,0.12250533968545131,1.4179390816988564,69.53603283405872,1.7763942827617902,0.11178958160163743,7,0.10575143717473844,0.0,normal
2.4846662539436934,3.203437106138312,23.387574016365736,92.64444458142664,11.060054694819332,23.363627708743024,3,0.040355001925774674,0.0,fall
1.3844731616312813,1.0628444850691434,3.504555476050316,87.10052478674338,4.186686789717067,11.996653752499679,33,0.9254525307746472,1.312989897276605,wandering
2.9980175100859334,3.701311442512666,8.957266386792714,122.49484741332981,20.904994224436436,19.108078377263833,12,0.4315361359486369,0.418804946570397,distress
1.0968758723290497,0.11565001812726107,1.32926649124067,76.47996099952576,1.5208149706764238,0.49668491139852433,5,0.16160628817082415,0.0,normal
1.8648978949339257,4.371260975521797,15.5762810417236,105.26001195765531,8.511723115782086,28.612931667825862,0,0.05636380730309473,0.0,fall
1.6854455405954933,1.3253401856158646,2.254812106486013,87.72628511256501,2.4703512726527754,8.816472221272182,35,0.979965441384238,1.4313810486743987,wandering
2.835775309427931,4.5192533186868316,6.373316519772909,109.00605602758712,13.202205628262282,28.80249086408025,10,0.6167654809082896,0.1206298283688717,distress
0.9216609592320475,0.09401364835174657,1.3147145318394529,68.61204716624573,2.4087724628822778,0.12235664161666993,6,0.1936401913578831,0.0,normal
2.4496926301507496,4.13708102565878,24.497716387689948,93.37682079106705,9.312136238959205,25.77904864692865,1,0.09633535999937066,0.0,fall
1.7641677759816587,0.6521751444704983,2.087464452970785,86.48774902283971,5.444246112088198,5.476697561316499,30,0.9002969838938314,1.3752939339393504,wandering
2.7971779534803036,2.028382847034528,5.992731420262095,113.79595750611011,18.180701674353607,41.46017659451873,16,0.44623011953214925,0.4224730330135325,distress
0.9538240738816196,0.08017429816700007,1.0816993188677508,69.65909941621722,1.8174650696067067,-1.5924303874833767,3,0.044033110538163125,0.0,normal
2.539933020639779,5.2955806083805,23.39815315578361,97.97777922421265,7.088604124723144,23.23635593283235,4,0.08174637928426852,0.0,fall
1.2758066453375263,1.3544855798219047,2.169685067781339,94.89909352465179,2.3287620562269664,5.321917602995098,55,0.8136638722849202,1.0420350695638656,wandering
3.0696571431963013,3.8403460029167173,6.144356574156028,111.81958097765927,11.81400798280638,21.287196487492604,17,0.44963411808791687,0.27760039093547856,distress
0.9613802134501481,0.1870390571415098,1.0199731903532956,70.31051057822165,2.1304201644708485,-0.6496709509751626,4,0.16293382031775802,0.0,normal
1.9581997553512398,5.850280231533233,20.68678298150837,92.10081812844174,6.973055998560427,25.360159098798405,2,0.01907381880053033,0.0,fall
1.9544217512395425,0.5173965563048707,3.550609537141975,89.84039905403307,2.0407927116336757,8.290253955204546,30,0.8951538300561321,1.2701980299209252,wandering
2.9939077103804665,3.562852174095804,6.076892317166453,129.958595882779,24.003969662409627,20.859590978686114,15,0.342246002190533,0.17664236936023886,distress
0.9066829767146065,0.22651785936483676,1.1544159084703687,75.84831776344456,2.0431116673503142,1.60385230387143,5,0.11328037762364185,0.0,normal
1.6390364738312666,3.541919985124963,18.255645298739598,99.12671295127052,8.804174894186229,25.56072737033832,1,0.08805503440202629,0.0,fall
1.9644801357587425,0.5971164326889875,3.815282610713588,84.02905746399419,5.72156884304097,9.841528744613964,47,0.9776051855132856,1.4926787744458474,wandering
3.14148047779024,4.39204598876162,8.315093861613922,115.94599693485605,12.98374579394559,27.542206178110384,14,0.4796741708184693,0.1114388218080567,distress
1.0648781988489127,0.1846427459786898,1.000433631791038,67.75637671055492,2.101703493537719,1.9186471336050879,6,0.0013870204405358466,0.0,normal
2.4656146958468557,5.732059044907416,21.408167385782356,105.25812926370762,9.073241013506262,25.881075391282153,3,0.04277678443193103,0.0,fall
1.3946073308318836,1.1711535309371524,3.418251036493496,88.0924515448158,4.080149426954444,9.755602707123815,54,0.9934002252681011,1.2519092248142552,wandering
3.6645789833601548,4.977305175881881,6.266375372193249,122.79970974997762,22.49962110418231,18.52731984619217,10,0.6420653491761057,0.07965691451387169,distress
1.0907927959106867,0.23744983709579676,1.384057908672594,75.66141429576956,1.9186664830002362,-0.39257453013766375,5,0.11669591826488082,0.0,normal
1.5139908564696012,5.180876633800661,17.54683802798642,95.23424838793856,13.530542075712418,32.13692585360774,0,0.04347113637496837,0.0,fall
1.2411287796221566,0.6217198016300765,2.2009451083723373,94.81514501914192,5.319857240543062,10.6389197767921,31,0.8365561823623799,1.4563625951947612,wandering
3.7887927165265687,2.039824409791077,8.209002885421686,122.41962268116416,20.820395113536293,34.06003181632554,9,0.4747171711656163,0.3433981780985006,distress
1.012842950529361,0.2647979411518871,1.2746178963758767,67.26977270841567,2.7366751802036116,-0.8031373824449184,0,0.09638905230729729,0.0,normal
2.3840909994193344,4.719030713602363,24.925879693859187,87.09749316415108,11.022425051802106,28.275405718723427,0,0.07148036865473437,0.0,fall
1.8938032298990102,0.7117046231925592,2.6997675018458036,86.10383116018886,2.599826163827554,9.658049962800444,51,0.8232750159834672,1.3914624864731944,wandering
3.79316551324545,4.652500979952833,7.883198109889886,114.03701213992277,24.3543087651186,16.48274477780922,9,0.43837010807121535,0.032739105970743976,distress
1.064456996082703,0.11458373335304071,1.2427628823780579,75.46873924404544,1.0139528690690551,-0.4829689242351578,6,0.08702188304832642,0.0,normal
1.6666181411658831,5.683476609354978,15.62576177650029,106.07791151779284,10.688113117976565,31.056824148951932,4,0.09080411498957797,0.0,fall
1.8570572487945465,0.5335457275255199,2.033824552377758,83.65714805439208,5.732972518413779,12.877634518678224,50,0.9129486997062937,1.4124480235145012,wandering
2.479066797488705,4.418490167626597,7.995327211200785,113.81426266867044,20.510754375078363,18.614324269089664,15,0.44078094829929726,0.47796163232478633,distress
1.0315312280866729,0.17404455073677522,1.158365410995963,74.79844642655395,1.3506788560798633,-0.23014436842489427,3,0.1900490662070398,0.0,normal
2.4439999431543553,4.989749789866805,18.470975225995616,89.0685411836273,7.560663931704021,25.388479518900294,0,0.04924677831652552,0.0,fall
1.6533932750162652,0.8985098846873856,2.0405555541918314,92.7446540175145,3.778982902811871,6.19219332619126,58,0.8380062998741835,1.1821047418618111,wandering
2.135303986518769,3.248697557878803,5.997401836396664,101.83052795792143,16.656292879342598,27.093808249694927,6,0.46393482220009763,0.09856608163975478,distress
1.0939360618785998,0.1798862124747102,1.3168752845814697,72.96156188113153,2.221674373523067,-0.9504652340067818,9,0.17203080492681433,0.0,normal
2.3077219235241744,4.730244756135028,15.123921004615719,106.90386161807865,11.587046627055733,33.78648613721077,4,0.09596010788025792,0.0,fall
1.8649951277922066,0.6753066604639676,3.619052624827473,91.03742120915662,5.29263201541525,10.269717523355862,57,0.9216443913294567,1.432096606593929,wandering
3.8389532990787814,4.051397908933653,8.196937601594623,104.27840746158157,15.55560478275533,44.992562649928274,10,0.4694543953917519,0.41052509184362496,distress
1.0165868291759423,0.07968559706852917,1.4215353521036864,71.0634651670513,2.783520798635147,0.43782454142442395,4,0.08250407760283207,0.0,normal
2.7247040376600102,4.075311507302315,22.06147643103308,90.79923737240112,9.049274473707353,34.546127124501396,2,0.08568641357248769,0.0,fall
1.36322606469438,0.6091877703989236,2.039112591656515,88.39107955250319,4.590528932839212,11.319201409433095,55,0.902328387265863,1.0702000268815384,wandering
3.103085759269036,4.910604344402371,6.362735344326197,113.10924081272397,14.221388137595504,34.930338748871804,8,0.5030746300661334,0.41535680329291974,distress
0.9541445682473122,0.17371914947004563,1.1325853789821987,73.45842733931266,2.318105947176109,0.17098874220423754,8,0.015712581167382257,0.0,normal
2.3957429440690934,5.832269472026835,15.303263303628807,107.3367157599636,13.183909612416851,26.78497343841581,3,0.0737324889962932,0.0,fall
1.6810336953120668,1.2584860080829898,2.253859938895685,81.52559728187043,5.086067745197067,5.876275071246102,32,0.9930191942158698,1.17972273722153,wandering
3.172720874322802,4.323942841556028,5.532321100702195,108.01459455949855,11.456797426814354,27.267739639141027,11,0.4555139612525285,0.1413641952873549,distress
0.9925083917358191,0.15501455503529543,1.13707396516738,76.63643474185295,2.1295823343656517,-1.490572174741093,6,0.10616609489081269,0.0,normal
2.7819196003968245,3.1865071996956575,23.966344099430785,102.08839380220874,9.84562124394926,21.1592855349184,0,0.070143770345436,0.0,fall
1.9714474575194794,0.6202861876579566,2.4846145453273,85.7926163239574,3.765303107445961,9.210727808255477,49,0.8487255413097625,1.4653956062158129,wandering
2.4930356051287688,4.857850060961675,6.947793480295226,118.16939477348183,21.44728942022677,42.69023224520551,18,0.5840107375898254,0.2958290898768546,distress
0.9003926265222315,0.2683498946048991,1.2964124337869165,74.49920539370957,1.539103188918286,-0.5100830311806117,9,0.13765826556719576,0.0,normal
1.8924125259839542,3.777330818528869,24.77471687301231,99.10350838692621,11.911927233079686,24.193922202006245,1,0.004008455395043009,0.0,fall
1.5673483921238964,1.4591472903106153,3.3814747335638615,82.8250575109913,3.2473630701605263,9.990915726236985,57,0.927518646258345,1.4216688471166303,wandering
2.2031798514944168,2.717297002040548,5.038623498176634,111.75445502462838,11.046557634897782,41.00481370679107,10,0.6848287940437884,0.04514942699447838,distress
0.960036212158614,0.11942332978865348,1.4621138465272983,72.64817100465845,1.1527006754586036,-1.24387033846986,4,0.10869175190603948,0.0,normal
2.5922138963755907,3.2306537687478287,22.431932461334213,91.98709029334863,9.078115381839643,31.765207088518054,1,0.048476909660934056,0.0,fall
1.5937276662148463,0.728975589386946,2.9942734612821393,89.17277979362629,2.7686555209248778,14.280291555179707,46,0.844555501066654,1.4041231629157098,wandering
3.3925607113836675,2.5896908225636985,7.016987533799853,117.02473826570122,19.167307059536455,34.23829086412646,7,0.4027120578578696,0.052302341468914715,distress
0.903883995174822,0.06803465736786997,1.139363292378083,68.86987778086232,2.7470478030259926,-1.6875688716842125,0,0.00415499068221743,0.0,normal
2.017742899758777,3.254796785516146,23.800486780279435,99.27544353472608,6.408785606419539,24.247386849389287,2,0.07691425711446939,0.0,fall
1.9812040498853674,1.2538924979506856,3.6672613850020257,93.21583478049234,5.36434114766079,8.21484209165635,54,0.8965770661089378,1.1004284354060785,wandering
2.3917113986387717,3.6445409096841614,6.082343339979044,123.03591817080343,11.897519795314079,42.9254361113355,15,0.6620889524255096,0.1798879229701571,distress
0.9735304261846701,0.21758466165760976,1.4086044408142884,71.13643159798983,2.5084297396975925,1.529822755665911,5,0.039159137004623285,0.0,normal
1.9167358831292836,5.264278019656408,20.013660855010976,101.6683996648417,6.023609808295955,28.40634313807316,1,0.04117677259579381,0.0,fall
1.2390803278164921,1.2351260143371499,3.3409483171607675,86.42394283313617,5.126954910359286,6.225703937416171,39,0.9984831411850397,1.3280352309514099,wandering
2.5209728642313163,4.702710631546376,9.337823358801332,124.2499290453604,11.17437922136903,20.98565646106196,19,0.6520818274943612,0.35900256868651736,distress
1.0025858058751256,0.10757766858794647,1.0146418955741332,67.02255367862644,2.4145888786762173,0.7049438084385926,8,0.01673459128413095,0.0,normal
2.697339851002277,4.105133479408025,24.201639976674336,100.75943833011945,9.269060419801956,22.549265732810547,3,0.018524414715410976,0.0,fall
1.5344055013591733,1.2278152286492359,3.5568616375796513,87.13442916527018,3.3597711913829142,6.611458516635128,41,0.8522014079470764,1.361423808854295,wandering
3.5745774029743824,2.994947776603612,8.26601419196124,109.82241984367286,11.884158468762667,22.11354379883374,9,0.6421802410915711,0.06558020785056101,distress
1.0250815637085335,0.2744463509244129,1.4835344472498444,70.70556878470647,1.2396840065701324,0.4361369377269497,1,0.04230979103383026,0.0,normal
2.290328003612771,4.930919322113469,21.41848695016751,99.81853331827863,7.875796973644501,23.363177900950408,0,0.07202550400383008,0.0,fall
1.985605714915641,0.5168714724879515,3.5386786293661596,93.85487040721853,5.627915805409712,8.321395355042116,30,0.9368676859881588,1.1112299846013802,wandering
3.108743866976102,3.0924931367240114,6.701211874555321,111.58322162871697,11.8152721436349,21.39620709456252,18,0.4360280097145644,0.31094790069106654,distress
0.9584878487709052,0.18126572448692496,1.3107845046070334,69.88181154622093,1.7799158418227499,-1.1671142198392208,7,0.13492144717252225,0.0,normal
2.378467128515122,5.454080823783997,15.726814735755761,88.18801277900951,6.731268200308281,23.949361822051756,0,0.07306306935608675,0.0,fall
1.8267642976439122,0.6854237564820098,2.9585922089156464,82.23384184913341,4.342685776327539,7.080108913702831,38,0.9823407031591485,1.427592643200704,wandering
3.5909902098440423,4.250978477188175,6.676550174368103,118.43980135893622,22.719872729117746,30.705217992247192,7,0.3334621198475447,0.41919178376898986,distress
1.0695975036918461,0.27344644430394255,1.1396373436235467,73.7000676016414,2.8450850089937796,-0.5781359756832183,2,0.09492545851203071,0.0,normal
1.8360715978034778,4.00680483021716,21.432226704124396,97.82813816122228,13.713808509482778,26.845914571382277,2,0.06451838937975833,0.0,fall
1.729589192647064,1.473351696372859,2.5862137944188093,91.54941689034193,2.268914870461229,6.584794831938893,54,0.9581937129228083,1.0678112501921695,wandering
2.3169608847838816,4.423583059593845,8.017777749940127,124.55366353619158,22.464563297216834,31.36424857081193,16,0.5538234213707349,0.02582401950739538,distress
1.0171709471985164,0.28261948568830686,1.4314988361091237,73.05326197005917,2.0810371375405046,-0.2970202135641329,8,0.11226760292237639,0.0,normal
2.6492028511347487,5.627223652820967,21.812431406058877,94.84439069175741,11.86951348883695,29.87910967653456,3,0.056824000780928446,0.0,fall
1.2481710807547703,0.7402325810541459,3.545687112560737,90.08095275041913,3.7045125108518864,6.398081339882573,32,0.923418293928609,1.3230027111467277,wandering
3.685242060572408,3.2718913855805885,7.0340898039965865,115.34073142775496,21.31634424827792,16.74801222934037,7,0.30625924877943905,0.06005846654015523,distress
1.003576563160544,0.21248597814982678,1.145704380258525,70.57285518893954,2.4042905973445956,1.3606132083702844,1,0.19718675024569335,0.0,normal
2.8402393239708372,3.0458086030670035,21.983069438953784,89.27987600624355,10.151528423734241,22.996463197950934,2,0.09608471293541804,0.0,fall
1.7625115212848959,0.7107221400571078,2.951043856235198,91.75496827714679,2.618995720003602,5.475367472061688,41,0.983724159830875,1.0672813964776868,wandering
2.0713205460538258,2.0732974397987145,6.834220951926003,117.42618344781278,24.02063196959984,39.86536003531745,6,0.6464444759189096,0.07717148947023733,distress
0.9995305512913727,0.11388870951260698,1.3291373295794424,76.09962787249971,1.4073473186563263,1.2345030468107465,2,0.16875958847962083,0.0,normal
2.865421189651088,3.667104182540901,19.91112581736141,96.96329890402606,6.967873747225424,27.95282905367632,3,0.014541166361566072,0.0,fall
1.5257167834682024,0.903083519805152,3.684517792912791,94.8620261981306,5.163476320628907,5.6926421846037325,52,0.990201052431263,1.2932868194470224,wandering
3.6600752279675337,2.1312635147259305,6.8383791229707995,113.00688703794883,22.903006661000845,26.34674229159588,10,0.45011532703229223,0.15286334964073178,distress
1.0174548823196863,0.2318585442425642,1.1882568817460868,73.7467185953031,2.434574311851408,0.8225467829871107,4,0.17401610535236908,0.0,normal
1.9055792851389117,3.9443095590001276,19.49302889577598,109.69949201914028,6.823931053205612,32.78675209368198,0,0.014101548535887977,0.0,fall
1.8137984489806256,0.8106193345605033,3.172080774278398,89.93421889132766,2.5263162761181848,9.705781094156888,34,0.8301841788789508,1.3866678709520448,wandering
3.8062699837367084,2.2894807735740796,9.804459304209352,104.72766005024596,12.481446681805448,32.90627415758949,19,0.5829471341858194,0.06717752468962823,distress
1.077956091255676,0.11020329478740394,1.3637458024291833,75.35819333402365,1.8158399449871152,-0.03273260006079859,2,0.14418747542941582,0.0,normal
2.3828450798838823,4.740164735550231,15.775497598848503,101.66912505049896,9.260535896276059,29.965361846034195,1,0.050016811148420305,0.0,fall
1.9438001064419959,0.7157143966857558,3.224475124544952,89.60231632472693,4.253213215122879,12.551484023021036,47,0.8468102735639367,1.4228821094754776,wandering
2.7881228109992096,3.4526037142721187,9.732736767841544,120.46231861498423,19.92795260327814,26.77339127374475,17,0.5692755210156513,0.4875740930786099,distress
1.0722448320672437,0.17598293381774122,1.1464054601321307,75.33404378944819,1.3245728484521344,0.6560956525934398,4,0.14865676770237987,0.0,normal
2.9848447936089286,4.423990303063604,22.056402277661597,86.28381742558665,13.773419828044966,29.996207737095517,0,0.09064874951749577,0.0,fall
1.2892546427473284,0.6560255750841812,2.297261999112729,87.71601642943071,2.4439091000483604,10.264558854461255,41,0.9846400807545382,1.021277290011792,wandering
3.7701442744872242,2.5753269417404163,9.967447076349753,127.53622749034474,15.394176041967198,32.032182507796755,19,0.4570662366567466,0.37304497923383695,distress
0.9314026797748067,0.1755305744303859,1.2884389441609594,75.90361644861102,1.5069244095155188,0.14746148857125396,6,0.11165177919673075,0.0,normal
2.861003778594868,3.926913192755337,19.495627214766472,88.35373295420993,9.356642375394056,31.152372359007504,3,0.008287826098873453,0.0,fall
1.5202270690621489,0.7800540294829105,2.964011428818808,94.48055281639083,4.963248597444087,5.574853702579504,51,0.909093850667537,1.3728540023057674,wandering
2.1486379411927308,4.305095200950568,7.1369391951135945,124.27626235958924,12.422881397010075,29.091576640297745,19,0.42904310629503606,0.02289281683853861,distress
1.0844086551751768,0.24654684693231715,1.475514726862194,70.36975349596024,1.180623298768072,-1.3962698862169125,8,0.11090737355025426,0.0,normal
2.34629288265364,5.117785647019154,17.502845765800433,95.27794765787964,7.158625610902288,24.982967939652653,3,0.06391444464581848,0.0,fall
1.5939505529830489,1.484740859093404,2.157573074493225,82.96879092803837,3.6749280752654565,7.74373569011377,49,0.9155814111629487,1.4270180534546395,wandering
3.379227647857003,4.704688521903424,8.412383448911235,123.61527932768874,21.03812107163713,15.88361749467393,11,0.35471525088616174,0.09631693279039111,distress
0.9297374527610169,0.2848707782974865,1.277097620686201,69.630730018733,2.124130640409019,-0.9314799610756759,4,0.18898091594238456,0.0,normal
2.638954905777492,3.611745915225919,18.67198452614099,87.97970309182392,5.030385353745592,31.003472783801747,4,0.06916396349189148,0.0,fall
1.265083569001125,1.328476517249047,3.0505049870576944,82.51901767375662,5.24185403525675,11.457673203614153,51,0.9632590443557338,1.2676165131068016,wandering
3.5787844359636964,2.2638730797889246,8.348353039583717,117.43188768625288,12.81765212547677,28.081864594837732,15,0.5628801752832846,0.10118481659579465,distress
0.9021763364213863,0.1677361968501329,1.2259958493214684,72.80339046285778,1.6608281361627657,1.2899371353236866,1,0.06633022117213926,0.0,normal
2.6972985268471414,4.253349081110798,16.529725621494443,87.11038324650698,10.551209451455511,21.122647585473295,1,0.01595098626682743,0.0,fall
1.589037570871858,0.6377663263439484,2.3019368245119685,86.40133415175524,5.871978023670247,13.142797727475058,55,0.9599908567155173,1.2616390244005327,wandering
3.0624480718201497,3.616070285951773,5.910586609144507,104.17825008221506,21.87038023660701,15.055521783418556,7,0.43266393495861843,0.4992685756465345,distress
0.9428986336806451,0.121410240606126,1.0024200670673917,70.37971294235864,1.0105378031448828,-0.6921775707216034,7,0.03818713908528187,0.0,normal
2.204285913133234,4.475642173370518,15.560904132246831,99.52344124612796,9.75931709221291,21.56715459818537,4,0.08163946361886623,0.0,fall
1.7417143102855728,0.6090347608796214,2.502815347463444,81.7391148654044,3.026100103431583,5.515433651622522,43,0.8195503013053502,1.3694386841275978,wandering
2.620323410184044,3.107008357831534,9.016951052874717,127.65412795525975,16.742924975200772,27.321148754867664,11,0.5449974536920764,0.22541255914509944,distress
0.9264009840474111,0.14160183055839876,1.4370081031379005,70.25736991915488,1.9305205949706326,0.5210307255841382,4,0.11783866827782603,0.0,normal
1.5263892389513918,3.4354237274914956,15.125436052097095,86.78604116163731,5.167214262891491,32.13319045467049,2,0.0498533457023975,0.0,fall
1.8900561237180276,1.0539599781257627,2.9604443530573965,86.92234480776514,4.818596112401421,6.463455127487695,35,0.9714042199142552,1.0272970105115984,wandering
3.429067520554532,3.1573219674436483,7.723309222625064,122.4515789602827,12.580277920621068,41.878372555708154,16,0.5472028850117712,0.1847110419612668,distress
1.009151905708231,0.09206585193915469,1.1370320305802024,67.83941393707907,1.390603266543327,-0.794312122129611,8,0.021909379626155225,0.0,normal
1.6206318636458081,4.417090287677805,23.137841219073174,85.18779711276997,9.32225850460242,25.12000554092663,3,0.02708131689508735,0.0,fall
1.2524669351027513,0.601104634729651,3.624550051160212,91.79407667304274,5.154156580858542,14.274600757946775,53,0.899851923188356,1.3025163179201105,wandering
2.5926125552319763,4.192824652003505,8.586573817610837,104.4104029029619,18.093226578771958,39.57716836631002,17,0.31069560143654246,0.3827645144266646,distress
0.9978333850409642,0.15937289559853962,1.158175184603972,76.6828593909049,2.908310393883087,-0.12362282617910392,0,0.047504548371972224,0.0,normal
2.6379512633231905,3.9119618230990394,22.4549643283135,108.25966668635144,7.603302898274508,21.57101720503511,1,0.09679262423034117,0.0,fall
1.829139250226658,0.564963271494187,3.501372155666429,89.77364403770584,5.497110688279566,7.939373002009442,35,0.9637397450495468,1.3856866942135326,wandering
2.8003093878538836,4.002737858908908,9.386287054388951,108.69782569848482,12.689874044358778,20.587307071555294,13,0.6561619089476614,0.2531630592281811,distress
1.0490500582220321,0.21569592353048322,1.172228541534962,68.46991445336576,1.6632346772425692,1.1680503893355638,1,0.04927526733726402,0.0,normal
2.773055958912442,3.099306882042835,24.3382859073623,85.15545303183704,11.614183972345984,32.62304672694431,1,0.06329665058032168,0.0,fall
1.2720863089366548,0.88727069966377,3.265199561998468,92.14706591723487,5.9982610423228575,9.657811610021797,59,0.923053492025559,1.0148348023445823,wandering
2.106432252255442,4.851295891869009,7.622179192648237,126.45381069664089,13.831675313924276,22.123770412151977,5,0.5008418683252699,0.30488467472409725,distress
1.0031050887552952,0.16085227579907763,1.4134360620940951,67.97951420617478,1.8747961661945625,0.30732924011476337,2,0.11216736780914145,0.0,normal
2.6003841871193973,3.2576525311160536,16.23725516353909,86.48524880403266,5.779319846373692,23.765200858469605,4,0.05977184353395712,0.0,fall
1.392833872195075,1.3956035467209031,2.3021957819991288,93.7872633661416,3.3877582935979174,11.438023947369851,53,0.8143628280881171,1.136920703240338,wandering
3.8481863815471655,2.8749962358865675,7.040458664035667,121.49507186482634,17.36517584850654,22.8475801719389,16,0.6479146420540628,0.31814706814944643,distress
1.0123627156121378,0.28532095307457583,1.258553139572137,68.21734155473735,1.0839271345587955,0.9520169799119782,5,0.12430368743431641,0.0,normal
2.553541929720128,4.949743664098653,17.803843633830915,92.4906066924486,7.79207948563466,28.509203596822083,2,0.0692034681070177,0.0,fall
1.3340183482756827,1.3737608515636914,2.3370590670099443,86.54030586791458,5.301546035769254,12.560522215771629,37,0.8909883877571935,1.10446189752841,wandering
3.024472104600635,3.1921004940010245,7.470818491775013,103.37401723805765,21.857519933337528,32.606802368433534,19,0.6628731349236265,0.3836939432433547,distress
0.9880008635523019,0.10325757963554556,1.2542788677343657,76.64379347570369,2.3589466606743823,-1.0161845710346724,6,0.1707089836862054,0.0,normal
1.955488985090454,3.401377530297236,22.601563304339283,85.41500219470159,11.464974523059972,27.54741817619301,0,0.007073507035591853,0.0,fall
1.9989730842004085,1.4828792104019102,3.4278129575583423,86.48768096024344,3.695607654628737,12.040796637673509,50,0.837247396101697,1.459280389151862,wandering
3.548761828277672,4.716143960492342,5.774710898169225,119.95388728860968,22.65304946013413,32.802405126335145,14,0.43796261462746944,0.17389689032667377,distress
1.0950107343688917,0.20378558933779034,1.224574423284643,69.99279493984965,1.2819078469228853,-1.9949570841298296,7,0.18169721598405872,0.0,normal
2.537340338726078,3.9429357625635553,23.467953572729755,88.53784850310103,13.206583416906435,29.734096377368967,1,0.06411814536530712,0.0,fall
1.330942711512582,0.7360173169691656,2.8069264234279285,83.26418461232932,5.128750496742503,9.614822998154926,57,0.9036903477084258,1.2094138232596487,wandering
3.0098784910437018,4.873727991129526,9.073994512268275,116.15168229616694,12.386455248164935,42.07000109706761,11,0.3318638070402605,0.2542657747671286,distress
0.981424131546532,0.11279648080179026,1.1780413092056323,72.22961445421512,2.0338444771219684,-1.7660673758953243,7,0.10874312701883507,0.0,normal
2.2283776767137633,4.681931751380696,15.36531283987021,88.83640599024666,12.331218928431667,23.132821163786577,0,0.005485703549526233,0.0,fall
1.3237007164041554,1.0522417866202827,3.7743686238612613,82.81245498150264,3.201836521349206,14.038933516526223,34,0.9704220034389586,1.3406952207377572,wandering
3.014501414104635,2.721657236269798,5.828752056103659,110.54272095995996,13.845077427552866,39.03786865947824,11,0.36316111040224597,0.09074509319335494,distress
1.0286968244748855,0.28554795256099125,1.1817665740201304,74.94805823458573,2.762699271667496,0.20005284548813895,5,0.0998633884902188,0.0,normal
2.345905933255577,5.061502938994975,15.193038988467682,85.45377220853331,11.37142097442252,33.93376334906105,3,0.05935235917782586,0.0,fall
1.744747544397132,1.1356987894927744,3.7860460889784058,85.99242570393004,3.2348967794182295,5.364150090910298,46,0.9965526235118288,1.3184197926836285,wandering
3.756961980098855,4.213480257039368,6.5050010983115065,120.87359530942804,11.890106544971356,23.282579918574207,6,0.5763593194044707,0.040250942644257104,distress
1.0245762351653749,0.08637363628484783,1.0708208888142685,67.85326261334559,2.4633962765452044,-0.3255512130703462,6,0.14413048568527587,0.0,normal
1.6363241967885853,5.198010966325298,19.59642848830385,98.99839475290514,13.32087378970654,20.175229328084907,2,0.009988809884635387,0.0,fall
1.3245630416602268,1.0511732121148984,2.4046057430325183,81.97835249831516,5.771250834579067,14.760033315644055,38,0.9326500758312066,1.359838528448029,wandering
2.651973845039528,3.5918395759810258,9.777152166043384,127.85442293430648,14.227321174411363,30.172034769263437,7,0.49209864087183686,0.3465156241068427,distress
0.9506638500749093,0.09051116882358883,1.3583881110494733,76.13223189354646,1.3400115675923663,-0.5587981311473635,7,0.17296767441466165,0.0,normal
1.8940504815293193,5.434176580082141,20.282454711060087,93.57304473553339,12.022681378277488,32.27592227814345,0,0.07607546391688753,0.0,fall
1.250524984132772,1.3686866836204348,2.13113475147889,80.98048667979307,2.387211679649394,8.696414740347436,42,0.8441897705255423,1.4480097184359821,wandering
3.942536469297343,2.010383402436849,5.279202767403595,129.9041213555152,24.072364214253106,27.789005725670478,19,0.4733400780505177,0.28111426728872474,distress
0.9895347587694121,0.09310503522244797,1.1341025227534778,69.41842341261761,1.3921619421364335,-1.3737343241216928,1,0.17977820402490263,0.0,normal
2.377553910763346,3.8250922507304113,23.937254461564905,99.50827508013609,7.709080085990187,32.4984792198658,0,0.02870354757131568,0.0,fall
1.6484072606402647,0.6589276560576024,3.358338002456907,90.6470593261156,2.6454484967576306,13.5104643647657,51,0.9819865782744703,1.1486511693486874,wandering
3.9694748026538944,4.286535774128923,8.68250435028999,127.44217309481337,20.383543763643573,37.092206068005254,10,0.396379953266213,0.03691817751286253,distress
1.0834981141697124,0.18817136552462582,1.2352879724190862,69.27656125189546,2.936424532765292,-1.7139752162613893,9,0.16526534632973539,0.0,normal
2.040669496691598,5.6437003734596445,20.04571088956167,93.62412277370726,14.100537236050812,28.380892968469112,1,0.07328385693086509,0.0,fall
1.6200507656606307,0.7544962484961346,2.669341686754347,85.98745158006706,3.7921379629575083,5.751117524791378,46,0.885879863725537,1.4302186157492582,wandering
2.908600201886881,3.920497947524892,5.320140697318271,108.20342217117461,13.759540465663868,32.19460236097452,15,0.3243203333033376,0.16676959735369523,distress
0.9303142217271985,0.26247983535056946,1.2903233626316837,70.96022930898033,2.254880370479379,-1.6132360379941266,1,0.06365772718329657,0.0,normal
2.927156870508637,3.396837894332793,21.264281159391935,92.22037735520232,14.802199818631225,28.796718244999646,0,0.0477507596694429,0.0,fall
1.4671974365564893,0.8426625003365402,3.236391832387138,80.90379846189145,4.883116390002904,10.019132936416511,37,0.8493324995146784,1.1738617987294606,wandering
2.7273950752007363,4.836106149713841,9.873612645544046,112.28502846949361,13.697733471317433,18.89264599022227,10,0.46205288577262155,0.27648111844448203,distress
0.958866259877881,0.15085268540481056,1.2481886314946204,74.37711744824917,2.7242198932839656,0.23097862835179184,8,0.13080031043733537,0.0,normal
2.526025701182986,5.548733878815408,17.743004234355872,108.15711897132542,11.660062254103826,21.4829644420017,1,0.07704314602119476,0.0,fall
1.2679115543639095,0.6785708321521396,3.2333337716790904,86.50624467794017,4.407658391689454,14.334757363378095,58,0.8284183337252354,1.2780133328713228,wandering
2.3905155508102034,3.5790266716502255,7.947888851879833,122.8136702404033,22.707875565656487,22.790563037170674,11,0.5299426104107899,0.09701199602263438,distress
0.9598987310833782,0.11791877862383822,1.4015693033396592,67.63353959100013,1.5366038678305,-1.9703819171126757,8,0.09468971475708177,0.0,normal
2.131290473408206,5.065400188328031,18.25292473669166,95.56367050616734,11.773682761725263,22.405845438547132,1,0.07916400130923806,0.0,fall
1.3316462700195282,1.28288385145509,3.876312131360439,81.21279118088907,3.963063277792894,9.296280341706932,57,0.8378863793517919,1.0037986905798122,wandering
3.4485436264160274,3.7053936957622104,7.062292442017377,107.99236341753924,14.55761564059159,44.24963558818915,12,0.6786438771798672,0.33565805939996196,distress
0.9834623739438162,0.15307257193725915,1.3111862810999368,72.11193605356976,2.376961900795159,-1.9835800445616791,3,0.17266344385222376,0.0,normal
2.0707525245131935,3.537961858611964,22.452985597942774,88.12397598844535,12.598374621849718,24.563672360693175,3,0.04549037112210785,0.0,fall
1.9747574581970395,0.682369576406543,3.748997485822131,80.82684226014307,4.879959475555844,7.923417323806023,51,0.8508402712541603,1.248710240024246,wandering
3.224293021424562,4.9122739513745515,5.89699362011122,113.01152146795152,23.485684511358105,33.97201732091504,19,0.409094440870688,0.42178095415617306,distress
1.007695344607312,0.16203287890923396,1.287479614500455,71.91980526472092,1.0788019200333534,1.4503347843504053,3,0.13835634113056636,0.0,normal
2.1445325398011876,5.618507267550786,22.049616864934617,96.81137629315657,12.761899082620207,32.717591152143484,2,0.09294991793571822,0.0,fall
1.846439749141587,1.1584281918822206,2.5834624103153265,83.5136961090718,5.5293153033517335,5.251536120851556,59,0.8320152710620894,1.3003509494147567,wandering
2.4620365509316375,2.5132223667723492,7.076227519779554,110.54587349733595,18.958277846582213,15.117155927085067,12,0.5179094143728271,0.09156235994794565,distress
1.0409337987871303,0.26013245984446476,1.4284306213420521,69.43265010613985,1.4650001459825763,-1.963761205519468,3,0.003991948793242073,0.0,normal
2.5504968995012423,5.264520804109495,15.15977960890028,96.68734390878238,7.15894335167146,21.88772645012509,4,0.09328088510980179,0.0,fall
1.7416938444599288,0.6339745441734305,2.942606889559957,94.36162720899023,2.9110745866467047,13.21210818585247,40,0.9140113942752975,1.430580074221498,wandering
3.501735814242329,4.616831028660799,6.754006260296446,111.65275409388033,23.07805824796317,44.88857723740643,5,0.5019953396681885,0.14040916844113976,distress
0.9036543015354898,0.20810736532989688,1.0541686928473488,71.69812392687089,2.362122471685031,-0.031741399016511185,1,0.055777273842880185,0.0,normal
2.0127967940508245,5.799240902504948,16.96186180419377,95.95781475101771,9.657440608002634,20.677735882033485,0,0.03239864940495676,0.0,fall
1.2789321793864423,1.3778580482011358,2.8355393060148213,91.4113202988168,3.432380919737029,14.291810321189743,57,0.9537880696287715,1.4650491390025655,wandering
2.7875656514103744,2.4938716855911363,5.745926154925911,116.19990012998402,22.70288314401907,41.27555679838383,19,0.6229973776585205,0.01000976022458322,distress
0.9250146065376936,0.16319391049435839,1.0432007504652372,67.84286106601641,2.6153632894599532,0.8264463901489223,0,0.05616187504931707,0.0,normal
2.673436612030291,4.575127248810421,21.03685559529763,90.19631928007092,7.081480837870968,31.336714444830353,0,0.0586577656155203,0.0,fall
1.5139083444304147,0.524999230040288,3.6908353074815294,92.2772807997137,4.497988856784253,5.823336053309223,50,0.8876937724572077,1.4221613861600264,wandering
2.0287385436878442,2.31480517527688,6.695350066467192,111.03013990873029,24.297520387669742,16.818403653116384,14,0.6780062998141061,0.03688719858229983,distress
1.0428501144192062,0.05259586051296715,1.0982752518902095,67.01212206618129,2.903333271454499,-1.4263991615341678,5,0.09035482584834231,0.0,normal
1.7995674787367228,3.8990908212460624,18.724657023196,90.31511942643321,12.921200102328584,21.475630155003117,2,0.02505361331170927,0.0,fall
1.3608871670332814,1.4273483273940744,2.999481636198915,81.80443666076145,2.7488042152127714,12.876323575117112,31,0.9447506375868766,1.0764278387006776,wandering
2.0460476885141015,2.9293963583147256,7.231723621474638,116.5200066514544,20.28781932152875,25.788111897229054,17,0.3944607326783869,0.42889508247445596,distress
1.0315820470611692,0.2281034737312394,1.3477213592828334,74.54697537243288,1.4374678447216764,0.9410463247501704,4,0.1346277780497398,0.0,normal
1.745902031575369,5.018929842946445,15.041087697754842,97.73635995868408,14.985888025481056,23.854593426162303,0,0.05493750449686337,0.0,fall
1.9063103306667049,1.4090643653077586,2.6002711913018706,94.0910360480597,2.794778431919386,5.664284197226205,32,0.9403535186131764,1.12973774058814,wandering
3.442178063778064,4.78911236905722,8.529872788189103,124.28295765928988,15.137918435403133,29.663446928833253,13,0.5097125536355187,0.4478937824667886,distress
0.9185176309073562,0.10411139654399222,1.0646976199481186,73.40525975401286,1.167963890025756,-0.06850061504354699,9,0.07307898022945283,0.0,normal
1.6658920673438231,4.556688172296859,19.655840814694116,89.60365160260704,14.197693494565847,24.418361736776703,0,0.0040729874482010485,0.0,fall
1.3289900102840058,0.7715194276972801,2.496718286461191,92.4829144369292,2.7659361794483024,10.240694259596173,34,0.8137855215340515,1.2023200945554793,wandering
2.514673849715501,2.145201685621026,6.340560687390538,106.73994722831823,21.494192139050334,18.37952408187369,16,0.3960301407473341,0.2938438839521246,distress
0.9453208291888783,0.1942350477324995,1.3926934222520746,73.0257157712868,2.640694791037111,1.8711363904864111,5,0.05481807120768587,0.0,normal
2.5752099304384415,5.306305694533833,19.436670088868276,107.31319178746506,12.622228114784962,34.527125906315604,3,0.007072453019503867,0.0,fall
1.485043565700277,1.0166531904215308,2.635548450603575,85.14891425161437,4.272437444279488,6.588918845302965,34,0.8543548563222343,1.3912890693248798,wandering
3.044730959608362,3.7646825852032375,7.2573027692355225,102.9366354802191,14.08416722739761,43.638762531684236,17,0.4048496880414369,0.13581471491015656,distress
1.0485843867565292,0.08564210751718428,1.4958727234626583,71.70740958404512,1.8812934823938139,-1.17891339344887,5,0.11921470320099886,0.0,normal
1.50014963406251,5.943527032888202,20.00176730879045,106.26432398824423,13.977026906687762,23.32875612566204,1,0.021641937204834795,0.0,fall
1.918505604991054,0.7634766695132094,2.5669757982174017,80.18588956655589,2.936181172622004,8.372160171117233,32,0.9431152640866912,1.2930634266032097,wandering
2.431404028326481,4.44964714801143,7.912820868194174,116.24990687210556,10.779996658436605,27.882045082114438,12,0.6870126593431605,0.3142348929890944,distress
1.0640105682999224,0.1992853565034169,1.4262672209468148,76.66158184105296,2.5593141723239805,-0.26437162003731185,9,0.16617938691777348,0.0,normal
1.895770970625586,3.741519326065565,22.441103261412508,109.63485440537079,11.604756918545862,34.614620029529924,2,0.0003458333964226124,0.0,fall
1.7837806411401265,1.3678705493854884,2.0605201468298855,80.96683981065631,5.672496841602495,9.574904906549685,32,0.9507746135060888,1.4359970001041074,wandering
3.9597281138043345,4.169257597596863,6.719053748244569,129.897272209449,24.625089294633064,40.52813882307172,15,0.4623773483448455,0.1677013495998308,distress
1.0939650490077322,0.06715140748411995,1.0982805083263505,70.11409378551825,1.765112345481386,-0.10290377205698142,9,0.02783024878789886,0.0,normal
2.9933202600054267,3.2672718765609687,23.11211502953939,94.56754581146576,12.213791992382298,24.78376886554507,3,0.08007597791646669,0.0,fall
1.6035956029193188,1.358521886443493,2.811022379247688,94.06449685295297,5.186396608822314,11.584613684748557,31,0.8035892474204064,1.383874708995539,wandering
3.1665415178104803,3.3708954543321807,6.050678208979505,105.05761561692977,23.365719492207,26.34051016313015,17,0.41728859744796853,0.1997249331555654,distress
1.0391786027087673,0.17088600940285292,1.0551245776724731,71.54216446655843,2.548220568118769,-1.6218552027512438,7,0.05977963259709265,0.0,normal
1.9012815085726007,4.066567857265554,16.72413940038375,106.07962107636499,12.241276215237074,30.1201093057509,2,0.08640829678656908,0.0,fall
1.5008300407821102,1.1957595421889744,3.737230223553656,94.8996006818352,5.637309553420096,8.873820910527089,41,0.8729824181030382,1.3507384636326614,wandering
2.776323590763294,3.4746454300383833,5.879085547389421,106.05317608990306,11.848948432657584,27.542147303562686,11,0.6456199178539124,0.02150588974778772,distress
0.9387605075323144,0.25915252002743405,1.1318678975798946,72.79571505835055,2.5445747324645813,-0.2698972138119098,7,0.03038804397021362,0.0,normal
2.394774787542886,3.7029314272662615,20.349293640683577,108.0393370373051,12.481214499863023,20.43572571124925,1,0.024573783981210462,0.0,fall
1.517623829105071,1.4615207882341872,2.305856302096796,84.89046327693195,3.986968533916765,11.131789518670004,40,0.8931968681759508,1.4215792886781387,wandering
3.5084143313060103,3.310844199748439,7.603634965156576,110.21238797426525,21.869865620614075,43.895086297114815,19,0.5397994363250926,0.4866930361678331,distress
1.0769350700200062,0.06658561011007914,1.276383062571265,69.04559500573077,2.4338947061955656,-1.8634979935319635,4,0.06329393446349277,0.0,normal
1.839819416196016,3.3682799414153433,17.8933672882715,108.6256853992312,10.133651632805165,32.5659881227696,0,0.06731347187129438,0.0,fall
1.2410358728127309,1.229533018717961,2.566426014577303,83.71238986794944,3.0015297294709673,11.382715796151887,47,0.8511526551057582,1.3087848817141348,wandering
2.563989148589312,4.297437020245113,7.446412391398018,109.5884526973804,12.668035168026432,18.157758061661845,13,0.3466441362164259,0.34157423193327263,distress
1.0683626664116264,0.16512701015744474,1.4904538425214042,76.87756751852586,2.591083811790919,-0.003374578177309573,6,0.0819220846349199,0.0,normal
2.3844769221099877,5.2778369418919775,15.275050307725582,101.4465372819701,10.755463840245707,20.762661255456962,0,0.05433422218754261,0.0,fall
1.5733895194392502,1.259438874301681,2.736604344938874,85.7791810541752,3.4605322863733026,11.596923818382553,35,0.889192318532089,1.409990720583191,wandering
2.2966940952821266,3.5720275090654243,6.741775943646563,118.74935567193705,13.26262219993037,36.6851623443732,14,0.5009198207748088,0.28138899479285023,distress
0.9806805256774965,0.29985056962780265,1.399016416628506,75.13650528446396,1.7319205068702423,-1.9063265463592738,1,0.060174534763557275,0.0,normal
2.215127668051365,5.87075178746435,22.376390036339508,107.80510690871914,13.060050972091396,25.400938814291372,2,0.06540637439661164,0.0,fall
1.9745796276033705,1.4446859884031884,3.7666008255704195,93.21114657358947,4.729133485916937,7.037193901903734,51,0.8498284129397782,1.3658073123750942,wandering
3.1360342301839763,2.5359499643436116,6.9327336309975225,102.72659151617532,20.977283689482427,37.48755337336287,17,0.6761395150304695,0.32974130327793716,distress
1.0862991410329903,0.17188609355040851,1.3048187902330581,76.69019496326466,1.9424965477846718,-0.9027732841597036,7,0.13501278481441292,0.0,normal
2.337200255960198,5.81164604829943,23.79790839673128,93.78844323130429,6.014102849902399,30.88936198856026,1,0.012815815036112356,0.0,fall
1.6183446350788095,0.8647360932189969,2.468153495160535,86.68624223649502,3.6042034046237394,5.740252756815383,51,0.8720034567169226,1.1259494850725447,wandering
2.167174533603827,3.267181232607574,5.822788256259241,128.6188603070388,14.323563355010819,38.57487493856503,9,0.3027845795400136,0.34477680312205555,distress
1.0350842412583314,0.29711318974025264,1.4337770683580957,70.74960263236967,1.0968935056764193,-0.5167094565181167,0,0.07931582300432614,0.0,normal
2.8975983266391667,4.887147942372882,22.274203059712463,87.7659753227371,7.368385184138496,34.34925606745574,0,0.040713212906506285,0.0,fall
1.207427121937321,0.8320053793643493,3.646115874560686,89.6396328789731,4.405417747923668,7.158109717217881,40,0.9056120314672744,1.134205883197919,wandering
3.8614930437849777,4.586103694681408,8.311715075632357,115.50801861030581,19.246206052804332,20.281633214521236,17,0.5012256134774706,0.13982545245854588,distress
1.0112729068723618,0.1446982280990478,1.1087701595868276,70.07019431229853,1.8913607626152025,-0.7363486203945957,2,0.008376306919015674,0.0,normal
2.424108535230895,5.5876927542256825,24.37030245796786,106.97064103080021,8.957492277522997,33.91361525788829,1,0.005436280532722515,0.0,fall
1.6549458617956,1.2777679145585799,2.872249653364339,81.59314127535278,3.3742080472971634,11.206702222236617,56,0.8048071537276819,1.4107850157688067,wandering
3.4065108490098543,2.5794280337353115,9.804071256156448,117.79609779544728,12.892893452967623,26.237642061450135,13,0.6222062314804968,0.1682506018741981,distress
0.9613308570151453,0.07908032537411529,1.2466574801150927,68.63462494245142,1.675446588959336,1.7865266607600736,7,0.0933262310205322,0.0,normal
1.662373182393233,5.563844944731976,24.382571873693827,94.22059462823228,14.11282388001929,23.076234084111874,3,0.012050437905086642,0.0,fall
1.9710237739040564,1.1108537498854791,2.390956801758965,89.04156894865685,2.0986868088874333,11.029414008392273,36,0.9841385005338881,1.0679303157326252,wandering
2.206146161816779,4.680401387560177,8.956999292947394,126.77467217566969,18.95235245247014,20.501240376971737,14,0.4102561930262455,0.0421297160038574,distress
0.9830597825885767,0.26903906059385607,1.3709496581585079,76.97115689699937,2.0583396657756783,-0.8617963300707219,5,0.1406271481049389,0.0,normal
2.5308328374167672,5.943406377144283,18.427151161032654,107.84023644065974,11.946802262356634,23.436975724040472,2,0.08670825712202294,0.0,fall
1.926977683343539,0.6493416931874394,2.303226431150537,85.57378565730652,3.0883141998816304,9.928925814975727,54,0.8876597353790712,1.1419706214541452,wandering
2.301949932848732,4.440462211142281,9.813146334148259,129.3197341310898,16.738685805295045,17.07194575038615,8,0.6351343615803067,0.18531487463503027,distress
1.0014003364746746,0.23761719861671105,1.2005248647314177,71.65936067481944,1.7833977718095881,0.7524761861801008,7,0.11528736918634429,0.0,normal
2.7735623120177206,5.235696880043065,23.564755631245745,108.86002027252637,12.059249036840948,29.335325376290836,4,0.09262387113050768,0.0,fall
1.384164836832744,0.9825933258841997,2.0452629595368745,93.03712963265635,4.462583668007593,13.170421914173817,39,0.886123565197174,1.262539654486682,wandering
2.2218493340888754,3.7118746821262674,5.326243622654489,114.65902618236657,24.78350003070669,33.48184710173664,13,0.39588455582330045,0.3869559741718597,distress
0.9950451086670978,0.22040164070960244,1.477604214845759,75.76560463296445,2.9150731415037057,0.07014313419282647,3,0.19523981176466843,0.0,normal
1.7131683495500352,5.824343222659321,16.782306806339594,100.59823750791804,11.721024405370123,24.94846955138052,4,0.08017446656804313,0.0,fall
1.2172966517822974,0.5006245240797106,2.2870451883601395,88.34365374490244,5.773880601396784,11.486327705627811,43,0.9910257442903231,1.189745999615905,wandering
2.7303467926515026,4.581405186841539,7.815548746880572,113.33455894399471,20.211146009432085,31.936185909118365,12,0.5323408463812171,0.48825342131256577,distress
1.0492902743130876,0.2965332272878844,1.1874130958248994,68.11494117118406,2.4871861174738825,-1.0960820687221107,9,0.10941056508507314,0.0,normal
2.9676339781388843,4.374057443187251,19.125173558099256,85.02201862279261,9.330486884885303,20.03428451153049,2,0.08165670929880524,0.0,fall
1.4071107489515349,1.23891123106088,2.8102547543712046,89.58345385220872,4.812947934504547,5.812525555868156,33,0.9583719227462416,1.1259135585175062,wandering
3.6350150020174024,3.9593378092657607,5.346305392402743,120.30327941652271,19.278557496485096,26.049524729191376,19,0.6384658343088071,0.20630276526442654,distress
0.9412987206917784,0.25693766522323325,1.1108541947269974,70.14188277247493,1.9798555863822336,-1.3645559542483965,0,0.12111983026864902,0.0,normal
2.016188288307298,5.661442340164541,17.000674037855962,100.66741619084019,10.314665639383112,32.042487946089764,0,0.08162241341583949,0.0,fall
1.4306774712681307,1.2564659143933308,3.6250975188411827,80.87575267580591,2.231040709642859,12.367125079893643,49,0.9048146393778268,1.477384792920772,wandering
2.123150597863181,3.191569082325054,5.485781929317867,115.45818745906865,15.908037014961284,30.000192255598407,5,0.4923796468120547,0.3078919655850267,distress
1.0518759931139021,0.24802983750321328,1.062496835758759,75.70161908783194,1.331563479098945,0.664717670273173,4,0.10361198699012997,0.0,normal
2.624008937899112,4.311912377420844,19.646996092272452,97.189943467041,14.228468743957725,26.93102512238277,1,0.09886663896639912,0.0,fall
1.9935956607363614,1.4729324218523558,3.588559112441872,85.31929255506947,3.2476684335889567,12.93243314463275,49,0.9976685378703446,1.408777444743172,wandering
2.8386934970095474,4.112420272411549,9.184770346820084,122.08732137040062,11.66701448636337,40.62139736596244,18,0.668804382198142,0.015531348018599178,distress
0.9565030923402743,0.289575970987249,1.4316404007510912,75.23584477459919,1.8428994240526069,-1.523504599433291,5,0.061820590096286335,0.0,normal
2.8313494271069697,3.6483830039670546,24.63636047836742,94.31125506606426,6.414548751067648,22.962022435160343,4,0.0350612381088495,0.0,fall
1.4558344912970915,0.982221537932968,2.885341453858466,92.6978562039006,4.943029142690838,9.77109963941639,57,0.9065010549659611,1.1390422143681214,wandering
2.6271173636478484,3.5459308374780285,7.271211330035717,124.03185704703623,14.437958455109085,21.62987012800012,9,0.4833897350115902,0.33945910474659985,distress
1.007854870488368,0.2548932338037612,1.1812604666614877,75.8990639758383,1.6758133676059306,-0.5722616628068908,5,0.015614141309689855,0.0,normal
2.059498908144212,4.646524607031072,19.416602301262266,101.39794782594237,6.509964525138124,24.413184364213958,2,0.043905134135532424,0.0,fall
1.9875790550669084,0.9088560316066902,3.119876391275324,83.70432467098611,4.8135310433600695,10.248544227026578,49,0.9651519333751819,1.348351567688213,wandering
2.7352818290111838,2.1591968142621356,8.742461160002328,101.66332228228784,24.751115907106314,36.97729596445525,7,0.6739995476168888,0.38252366060016796,distress
0.9005465923845278,0.20533337752220587,1.2352336556785337,72.78265412590991,2.0334659331521996,-1.1040889715245288,1,0.12692413630252272,0.0,normal
2.8841241320638176,5.616320426485671,15.14782491621178,97.83288966937094,12.62885374857245,30.93558430802583,0,0.07056744618333384,0.0,fall
1.706745911489312,1.2176060572331926,2.4008048329887863,86.03998666814275,3.318246973716804,8.780602371089154,53,0.9530849284249909,1.0269930738114976,wandering
2.262113544723251,4.873048790601035,6.4149109418781745,110.07465787552316,22.248272832479657,21.01561015629694,9,0.3132662720872125,0.22446827565990995,distress
0.903292886445273,0.12796762323773775,1.3833174866731577,69.14335645381944,1.1163050017633978,0.4356654774553905,2,0.1526649576747987,0.0,normal
1.7931463374619567,3.53879714717118,21.216765216926596,103.7326100482635,7.987137161855404,24.398465548829954,1,0.004812510220170896,0.0,fall
1.8283872241007564,1.0873610346024487,3.3473605572214713,91.43195068405308,3.630290740460017,14.798628457571443,55,0.8833489918876847,1.0719848886189807,wandering
2.870288419537985,2.958305405536053,6.61993939178897,113.6142343325897,12.78845153337155,41.774694485413065,19,0.3730359612367012,0.42016306085755967,distress
0.927129007409294,0.27472452200882397,1.4152400614131926,72.28906266507218,1.5805597583678974,-0.6830311102865898,5,0.08629538571970474,0.0,normal
1.5473135188469531,3.341955443208639,23.020538578682917,106.6958226019865,14.181870092930346,31.070208423627562,1,0.0364195980860521,0.0,fall
1.4594091188017944,1.3503624129627605,3.3846809685165686,90.82398573583208,5.04862356617136,13.54916484699451,36,0.9454120159552817,1.4189636189453996,wandering
2.4494260822683582,2.7298302382762714,6.021162094609193,106.33534674055873,10.77880820263429,41.03134673687923,14,0.4241123690576052,0.467447996511796,distress
1.0850543113412665,0.23133949357329298,1.1567206950725453,76.90903801870303,1.6330269648627767,1.9346348338032064,4,0.16261467080621458,0.0,normal
2.194489673384683,4.089492759954926,18.070564094282968,100.69231668086262,8.090567513323688,20.849492907666423,4,0.07586672740990147,0.0,fall
1.8809101740984056,1.407141317899553,3.0009447691954074,91.80351364843756,5.797491826647375,7.209133769542308,43,0.8741265589173719,1.3930417995886097,wandering
3.820291500759735,4.404621520328007,6.628765403876769,117.64182815471194,20.61196713964591,38.557694652091286,12,0.6946026734886271,0.4058365565913549,distress
1.0860165206023267,0.13318372767865755,1.4467334265037513,67.12801247550786,1.2255425348826183,1.0338409758334635,5,0.11908712609804158,0.0,normal
2.9293529121382313,5.180153328195404,22.115363523371414,104.68912010582594,7.864459476661107,20.085634328338806,1,0.01723342203113276,0.0,fall
1.9605098148532993,0.5027452388241189,3.112383844344145,90.72201461464398,4.7119699489448585,6.740271422973539,31,0.9807945393189553,1.196958226809887,wandering
2.6709648196454445,2.9279090621799986,7.4716603704330575,116.61102278680731,11.47065868961369,15.578248891382833,13,0.5017943983021305,0.49754400074305694,distress
0.9169054587441308,0.20216018545540093,1.0316283992048008,72.67373946000903,2.0675174641334735,1.550720664096187,2,0.007197061264541227,0.0,normal
1.7433573548073604,5.809754306629154,17.784715074718072,89.18365267071778,14.784469575693379,31.560650803550843,1,0.03944902374690217,0.0,fall
1.3324460227246766,0.7802786797577902,2.8157186683778654,89.3047253695965,2.238473599975289,13.366444086502463,52,0.9708396974866281,1.284617200824457,wandering
3.7560203815516897,2.9709986788071245,9.238540320413733,118.90229535502205,11.706229062939006,22.19671378720639,16,0.6356098462854937,0.48555408699108266,distress
1.0917471484069616,0.15883746008667754,1.1874812297646622,68.32273979065737,2.0251420692987914,1.3439102262920275,1,0.16697970961966957,0.0,normal
1.8526848740006778,3.397772915524546,15.934439194324002,105.58357873771679,14.101865209034491,28.68071427542371,3,0.0316660773992438,0.0,fall
1.2327071125472757,0.5185803093583387,3.924419345913148,85.17730736602776,3.2854238607494097,10.45561386560879,42,0.891362143278984,1.4077923827719179,wandering
2.5625290954673154,2.0642151596471656,5.403898730094606,117.93850593340831,22.86847855837151,19.55058620189243,5,0.456760394147252,0.2354792981668628,distress
0.9151850608697052,0.1638373512941133,1.265790475797845,68.83172297842111,2.7056086192266102,0.3275377230453649,9,0.0374097769419282,0.0,normal
1.983774628519134,3.436466445579726,23.02615636511773,99.63384295347697,6.718014685207761,25.722468086638184,0,0.041481020762927694,0.0,fall
1.8912806017856016,0.8010470081685102,3.214156707127749,94.07695291964448,3.997405312075185,13.584753368780715,45,0.9563228651244948,1.1526635553861597,wandering
3.9598175903143265,3.0359758058860864,7.392852196831326,110.20907985271697,21.063354375863437,23.99675302840031,16,0.6911754213636988,0.48064076966409447,distress
0.9237869059765185,0.1883838078632049,1.1221855869034756,71.53880956764787,2.736598070180708,-1.7965398162378783,8,0.0061212374704582295,0.0,normal
1.7179076859308273,3.6247962790954364,20.198473738539754,89.64350607186506,6.789653683627562,30.381819311908018,3,0.01941233169531752,0.0,fall
1.687897942727786,1.307917222256827,2.8610352528950944,89.59269437594943,4.566914026215816,8.638054424072335,30,0.9013101368537149,1.4127735115481457,wandering
2.3024168595356196,3.9816080846009623,5.169669729605097,102.7091426317647,12.505981392200987,31.465331609753846,6,0.43535554586125796,0.3481011451506395,distress
1.0573687708463595,0.10792076791324683,1.2929386533141114,76.1956120373971,2.834943768124516,1.7298659214670944,2,0.11776118483867495,0.0,normal
2.221902936982848,5.814881528169451,15.133338778704616,100.68648573189563,12.98546389409419,21.827423598669668,1,0.06004132825757346,0.0,fall
1.8666694313681376,1.0749255307402823,2.592610802135071,85.54555583022142,3.4308280720326834,6.00330710723129,48,0.9504059101020497,1.3840341963947203,wandering
3.938685345779111,4.355067366631104,9.17962520680671,125.39524883233526,15.019448770728431,35.73108379946579,19,0.45917747628067596,0.10986482157829575,distress
0.9688392324106919,0.07618705988567288,1.0977578847025788,67.36828428573196,2.628707320796226,-1.8577702777353666,9,0.17646831762350274,0.0,normal
1.8686368902613273,5.7485348463742945,22.211306824988522,92.2260978536916,8.757995308070711,32.42544529045605,3,0.04157542336842314,0.0,fall
1.7861398098775352,0.7686414659471833,2.2055852768473967,82.54700200360993,5.089671090914054,14.216946238845932,57,0.9220125651119601,1.2404162150934588,wandering
3.8252716374239943,3.9476013219198585,8.377614100995011,107.04240443342891,17.351539662972606,32.079394234074506,6,0.40848015644607844,0.028382167169566874,distress
0.9498608043926584,0.1599720499658881,1.1730233655911348,69.66462873677095,2.5488603445464104,0.06648573471047303,6,0.022654088740542335,0.0,normal
2.1673980687711083,5.669428647652321,18.240165556399273,108.27727591814644,6.551467027639681,32.11324085892018,4,0.07573491255342284,0.0,fall
1.2199680174895804,1.1485113958300848,2.4340572217071914,94.69009521631111,3.6726999147783803,14.847142449810775,43,0.9352282759966012,1.007035306381722,wandering
3.9932638976073216,2.537741833199128,9.004616625477885,120.40365340630223,18.555876010292657,16.1955830417796,5,0.46757754905225224,0.07091103238777574,distress
0.9064450453948826,0.07055366226516484,1.4143288630263215,69.05969482462729,1.9717450857963887,1.743955104028514,6,0.009093491251004471,0.0,normal
1.7470077155348394,5.465484211732974,16.987258751682674,89.81199588929738,14.874564184844333,29.861879797381405,4,0.03196038520615835,0.0,fall
1.696529170830799,1.2911461028974536,3.664137817949167,92.99930856753939,5.302147047918905,7.719098964843136,53,0.8684573898127987,1.2814331336934797,wandering
3.4723522713423804,3.234362020027433,7.614967447420568,110.8141940319403,15.454950662389358,36.6528178859464,8,0.641364013119064,0.22777280878911954,distress
0.9408169871473177,0.18168047997346537,1.414604182417155,71.19822828321507,2.765711628818984,-1.8756368215983037,9,0.10110222529070641,0.0,normal
2.823398968067814,5.369764127494615,24.91471028487593,89.70950351304288,9.305882806226132,34.8538773295853,4,0.008663001559301243,0.0,fall
1.9199957844221718,1.4638182160247495,3.6877353741108445,82.50258159341374,5.961843997921346,10.151881492910542,47,0.8705859314748468,1.073650381899971,wandering
3.9872006742194737,3.2123189860424746,7.088231272578071,118.12726702374076,13.838925434430834,41.8753165775414,19,0.6124767488451652,0.0017346345605613878,distress
0.9526930996112688,0.10148744579058246,1.43152813976775,71.30791287474796,1.3224046776691876,-1.5305287543544375,2,0.07309741588378431,0.0,normal
2.4463752390693863,5.87200681178874,20.313049515991718,87.87708724954825,8.46553348552497,30.135949738478377,3,0.08184963213014207,0.0,fall
1.4147354943072792,1.4537993386184656,3.7980746531552496,90.31729129840951,5.052575407827058,12.966446544720917,54,0.9506683090578185,1.2802894440277943,wandering
3.4192866240161996,2.8538492685236965,9.623266607300007,121.00552478546675,24.02667619816912,20.8555411303335,8,0.3277095944592219,0.4626351118743864,distress
0.9718983870945835,0.18361376627625015,1.3439659757780296,74.45316020764979,2.2771223791075497,-1.8493323754322168,5,0.020884378259301763,0.0,normal
1.8582112475360015,4.209510875238434,21.69634503065887,87.1531468268242,8.608026274445235,20.190413412224952,3,0.002458141286365834,0.0,fall
1.7733561522542536,1.3726975504012624,2.097459626905116,85.33165136157427,4.312243304450513,8.268918681910954,54,0.9176153420120214,1.3002768199486399,wandering
2.4207411589268037,2.5673375972762753,9.057321948648795,122.53552680662489,14.56332749653682,34.507649847682316,18,0.3029318229209875,0.27346390519052577,distress
1.0931763038563957,0.283307263317021,1.2994256822849342,73.51147379174937,2.471930603582062,-1.1406110501977098,6,0.1426678377846664,0.0,normal
2.975966350896974,4.800036421288915,20.13270447700171,94.6903069318811,5.903076918022848,22.794582802473503,1,0.04571781482472921,0.0,fall
1.2765715997151765,0.874311684193431,3.3147825861189695,89.17913608626753,5.442336900146168,7.780332021350002,53,0.9612285260839988,1.153358988411454,wandering
2.201318289025401,3.7182395766010323,9.873216416037163,109.37769710649663,12.104058434457585,24.55902108323953,18,0.388380980217897,0.36390036200051434,distress
1.02140550328502,0.2594259375358176,1.0272092990956876,75.73545259818431,1.2035118161769658,0.44625091898419944,3,0.13442912242281382,0.0,normal
2.1916904486475874,4.498978252984944,24.08448805143059,94.4665790193706,5.277883011302475,23.590850028718684,4,0.06466288902557203,0.0,fall
1.9806199061374878,1.4302743197988446,2.111336193532555,85.51761180608909,5.9545027127129275,7.976677653403134,43,0.9458868691242258,1.353163593903902,wandering
3.245014469672408,3.0154121750075484,6.326232184439588,106.3077962280266,12.1934588810405,29.745297269585457,11,0.48716095992836267,0.42766525015926216,distress
1.0487303015577933,0.08738415209503984,1.3739451356351775,67.97323408206495,2.257624842570407,-1.318340248699259,4,0.11347094231111576,0.0,normal
1.567173708452338,4.694041456554327,16.927353261599656,87.1730381822291,9.808193900549533,26.102351654394884,1,0.09309919978933803,0.0,fall
1.7015531953834975,1.0509776622751237,2.4821746300979153,84.98547934067803,3.1636811826081,8.263359541045714,42,0.9256848436210825,1.2853840831526526,wandering
3.512729804441034,2.0289324331165997,7.226177053710517,110.85599701612925,11.383774732789826,40.57230379734574,8,0.6553321765431316,0.03566065586903433,distress
1.0692715720663288,0.16633095769818584,1.2364708830637015,69.65575306636774,1.0683862418671592,0.25248017765575037,5,0.1865888238080807,0.0,normal
2.6619921945304403,4.664104479836761,20.93046431324322,99.75778018338673,6.596558558470552,28.08685452428915,1,0.04346348501647786,0.0,fall
1.3408627359477332,0.8159973040373639,3.615227529950997,84.75147494261577,3.6837899170261164,14.292431713154986,50,0.8191582565086974,1.0411642762419868,wandering
3.468649689903743,3.4907407175012795,5.611469868084614,123.90926225362665,12.570371485235889,30.174139397165426,12,0.4916462846268124,0.20515523098590444,distress
1.0166597502485617,0.28287246397500276,1.3823039230391632,73.40653398528902,2.8867130631155336,-1.5790393972893804,6,0.03502134567580728,0.0,normal
2.8416524021205904,3.2510548321188812,23.625418870987758,96.95735738535562,13.19336085303342,23.334343419109835,3,0.0332443019385857,0.0,fall
1.5598834231074667,0.5884493271611844,3.812195213181127,91.02290910380495,2.989934670242168,12.043324669079764,31,0.9846530998658157,1.2212092644876715,wandering
2.7234570628952772,3.8470107823340145,6.913004546652916,122.2116905234531,15.61353435109639,43.0964880517299,12,0.6202280929040012,0.37671806593146734,distress
0.9693800590527184,0.29761332441043686,1.2780651452708782,72.8838613282663,1.6545885296023366,-1.8172791259629597,2,0.09273551555835763,0.0,normal
1.5565326300994562,3.9828556042578622,19.360070984022542,105.37406446260644,10.943364270464068,31.848875496309883,1,0.03776513242853278,0.0,fall
1.8197636332518967,1.0344215949236637,2.897000010031875,90.7024502867317,2.285770971511925,12.322462582195985,32,0.8675771318424343,1.300809798504119,wandering
2.9552236317945475,2.170615422116685,6.450115920219535,121.67806326358257,18.667564277791666,24.387365498664213,5,0.30420885758219535,0.32624339233242555,distress
1.051711857410171,0.22897363380098162,1.146125475855086,68.4260917152518,2.736470163330504,-0.5249874945410653,3,0.07436459291579037,0.0,normal
2.0615717100048045,3.6947335895686275,23.08494380520139,94.7584028654487,13.601970385027954,34.63385484277626,2,0.004895938871344818,0.0,fall
1.281977152825703,0.6741635346257246,2.074314543972392,92.15331753336089,5.553639514634844,14.666646194251427,30,0.8801340931680575,1.0355795335620226,wandering
3.8355886906776475,2.747311007563883,5.0338152809546335,123.68816170876423,23.424554663895137,21.54698476071356,11,0.5184705759406184,0.2336583637446853,distress
1.0985203134221613,0.08042070575063685,1.4420072419781502,72.16843226243523,2.332541667069603,0.10949039973642982,0,0.10596868546867216,0.0,normal
2.338403099038719,4.356873995605441,24.761675454441896,101.48081102436599,5.661624490976271,34.543613673345085,3,0.04039811918830471,0.0,fall
1.9906723397136379,1.2857672512808231,2.323836513836458,91.94713832868501,4.633607243655245,10.760105260854282,49,0.928869926485675,1.0762873623489846,wandering
2.0039967183131315,4.461892952404558,7.281238693397587,102.2350928041216,22.83942187585567,30.66012348185386,11,0.6750019859942726,0.2258813747374449,distress
0.9139188960895415,0.24979540026907132,1.0267970686222045,68.57248140638748,2.164278011559274,-0.9873468386635875,9,0.18354581520206606,0.0,normal
2.5336038096267997,3.5866639575237333,20.594014612368056,93.15448810775248,13.539025466173147,21.756220350442796,3,0.09671872174388439,0.0,fall
1.3629771589071633,0.8936235342532644,2.959728702610346,81.38993006791358,5.767135132579053,8.472291202200328,54,0.9891385821818295,1.1532247646297247,wandering
2.944295846694291,3.8620525426841033,6.891300464559526,120.20037714213053,15.604669106806163,39.23664968389248,13,0.5450465327365415,0.48040014776296264,distress
1.0323757109262592,0.12638703622769992,1.1373433032364983,76.99952470833607,1.2654908288497706,-0.4130447797568775,4,0.061425687882260105,0.0,normal
1.9182516221163182,4.059952824459124,22.73951636083291,107.9608929241097,14.270773700644732,34.69879422521919,1,0.058527754902155796,0.0,fall
1.5664674920360104,1.236705372159134,3.1971920836293934,94.92546950788712,5.3397391257411275,5.004635428403331,41,0.9207080949076102,1.198513362613305,wandering
2.559260926289552,2.8766986910618906,6.574047339352966,104.50603989697859,24.464044858495463,43.15200348780771,11,0.650143599361176,0.44826858174474954,distress
1.0258039796879046,0.09331872779475493,1.0920697990924362,67.50048073760752,2.0593446526218395,-0.11078112037828003,5,0.10114948593619832,0.0,normal
2.864658191662616,4.140204398358881,20.08398595444635,94.17258379471122,7.986592348337607,32.064315537813805,4,0.07229666897496127,0.0,fall
1.6696538949093036,0.8202345638608471,2.5043831179930027,85.53265622428066,3.138088144882404,9.024843992535834,41,0.9373298660672837,1.309749103456579,wandering
2.384595407315437,2.673588059457095,9.835667121044818,126.82361783604993,22.372853413520325,36.960579615760665,19,0.5798201228104563,0.3971537247722303,distress
0.9904299459815088,0.2617755394880689,1.0441247666283522,68.34046602408453,2.8299337487148644,-1.624569500637457,7,0.1769293664890149,0.0,normal
1.6477038451860238,3.157096814292733,21.113175896387553,92.17376191953221,11.70531022595823,20.23040748495732,0,0.05105517638982753,0.0,fall
1.239317199029154,0.7826626887510354,3.4844838453603657,81.9207969159497,4.009483591717563,7.989315595706239,35,0.8499012766069449,1.1565242996497775,wandering
3.5428924302371474,3.0752030723183115,7.781889003971987,102.87646427714806,22.53862544340318,35.89073331837692,11,0.39713147123614734,0.35640180080313155,distress
1.039667772875461,0.10494377530723838,1.3124614018432847,74.52583650727905,2.2649557377657006,0.8904411119404174,1,0.17850326120843152,0.0,normal
1.905289945690729,3.4654286406552743,16.229978727758983,93.97481474411151,12.374564511824545,26.93252101319939,2,0.09499225186407234,0.0,fall
1.7795413997368574,1.0618187916319968,2.248454330338285,87.1863496774955,5.370308176590054,5.552207191291391,45,0.8940013193496826,1.4659013626865725,wandering
2.7778569408360596,2.247892188869501,9.46709035882051,118.36639283889929,21.51640999501941,20.252723042157097,5,0.5119175999093696,0.4863051415309215,distress
1.028709393020494,0.1245217318140842,1.3353209694252326,73.46046784168057,1.4889836875708633,-0.37162309565290164,1,0.10421976595053575,0.0,normal
2.6008476601146144,5.08042853705074,15.852380460391927,94.03851687272937,8.562606213546509,23.247455540754046,1,0.01641277975714168,0.0,fall
1.2165422576703553,1.0908316502304123,3.415122982652747,88.67175336604579,3.241691443034226,7.710313017185584,58,0.944617135457006,1.13183395243989,wandering
3.913304096879668,4.598895705983992,8.728521148669074,123.83816244222197,20.272803267192135,26.059624382701966,5,0.6866408052160993,0.015704999732432445,distress
0.9264230320945196,0.16979157535380912,1.2564640376216785,75.59218195474836,1.194102768893667,-1.969843868838026,7,0.1219620082481384,0.0,normal
2.488460427854833,4.6980304209612544,22.95747953025809,87.65004729044793,12.601672579730218,20.664511629857696,1,0.09569903008132423,0.0,fall
1.7298345291710597,1.1067081105537377,2.9387997088111693,81.0536141074054,3.044898753684919,13.582085853612224,46,0.9692923941074143,1.4391674461569952,wandering
3.6356219545117368,2.9036880630254474,8.757231817626765,112.8927148076438,12.284362949990722,32.38504224627293,19,0.3598860744237587,0.3183313546944971,distress
1.0488825586348354,0.12399379692357411,1.1373252240456282,71.5106384844188,2.1743799603522627,1.1162741918741221,8,0.005467993918453873,0.0,normal
2.571056177443141,4.5517903631736125,18.625293689674468,104.62713415917464,9.770617290934778,27.613446835568563,4,0.03492401976291045,0.0,fall
1.4078468878460524,1.490157754344437,2.842210918267667,89.08314366550562,2.216379541453448,10.753156338064873,42,0.9687646872386675,1.0628141117084757,wandering
2.1116011476952137,2.5906829849033772,7.015477713024291,106.10751812708045,19.51403852710372,23.721915325900568,19,0.33786691504609434,0.06816898879386324,distress
0.955551658912455,0.08577731129981896,1.459065781950773,72.09677389977853,1.1130890997978762,-0.05339617333544311,7,0.0022700550281737676,0.0,normal
1.9502906363939538,5.75468081593673,16.731177260151604,96.5676882468899,7.00693833274476,26.191206946787418,3,0.07479899520785063,0.0,fall
1.782298972400008,0.6978817059802861,3.7601871872440857,80.71339689499558,2.162744108396179,13.481647234030413,32,0.843279503675277,1.1109679291119847,wandering
3.6077067456911114,2.48905809461349,7.326381652231719,110.22318412931206,11.158489451338907,22.51536506495859,18,0.5377271285086708,0.4452710968292039,distress
0.9487797339777426,0.2143799823464757,1.0835817392230114,69.43321872933176,2.2625332482464375,-1.2936625667278174,1,0.044907736671165634,0.0,normal
2.5676106292808423,5.498379943478294,24.61544865125112,92.44781992569072,6.8022052170145155,22.790964837011188,1,0.03861406027767309,0.0,fall
1.9920549379707442,0.516925263346433,2.6250856875620214,82.45026728155673,2.3077040213287203,12.565169134070054,42,0.8293166132922287,1.09156697046532,wandering
3.9511408747963763,4.297431074601537,5.432033924376444,119.07102480180129,17.955052906169843,41.51624853764722,12,0.5519107999683586,0.09950897054014746,distress
1.069665970791795,0.24887819903360575,1.355587159933574,72.92039833652171,2.578638498230739,0.004134389783911452,0,0.06302022091084598,0.0,normal
2.4923991746200325,5.497349849217903,23.166498856055632,90.39522114593649,11.849726610617967,20.417145509369824,2,0.05945058514989328,0.0,fall
1.522076552603325,0.6936724097907057,2.010697271969864,80.72376320304632,5.992416208187948,5.656860941505583,43,0.8927279452846829,1.3436903336353268,wandering
2.562501251231523,4.169826326631883,9.327868233703782,122.38137253775385,16.774453544745334,37.89079624549799,13,0.3232816647711823,0.2208459623449633,distress
1.0347495659381847,0.265225007479923,1.1022190192827601,70.74261861726674,2.2358156080393097,-1.9435039554182558,1,0.11970537251256762,0.0,normal
1.813296469390745,3.590149107802893,21.55798596549574,109.7096779127906,14.582819609109395,31.742996338325913,3,0.04289801496397755,0.0,fall
1.4781199482412912,1.2527193851170335,2.3062974010267334,90.5404595468131,3.835716972543106,14.617646187349981,56,0.9010920554732471,1.1355366118378398,wandering
3.1899165281532187,4.010699606832604,8.871708932535778,103.61081234315691,11.5131136851493,18.692928929387758,11,0.5361903225174585,0.38395804327777117,distress
1.0740418513027739,0.24070212620966192,1.483804203494182,71.13837136811478,1.863282364092698,-0.6021237267297894,5,0.06916307615669826,0.0,normal
2.6095249856204727,3.6469602004620922,18.510571922543246,102.7836551354655,7.173008630587894,26.642138909132694,0,0.08374005611604513,0.0,fall
1.3287912944472715,1.4664215227461153,3.3055124746692957,80.95824058309358,5.836990360601487,7.88048222257209,44,0.8540839827177519,1.3922442353531208,wandering
3.808476828971828,4.56526352078806,7.669623909233692,116.27607028422456,23.23994043583398,18.23463175963559,9,0.3474486360232464,0.3140900290010387,distress
0.9413287577961204,0.28516054749605385,1.2430901670923606,74.0844113058742,2.3648504571748434,-1.8059658184635605,6,0.02574390450544315,0.0,normal
2.9561345286177145,3.23913833679489,18.30902726791432,85.21401647236664,12.377125451572333,22.77823736597822,1,0.005382657346335929,0.0,fall
1.2424925491277636,1.4137973589043824,3.062792246824776,83.84142061182811,4.80038788627157,10.733642184956427,33,0.8596090520611669,1.1818857655807937,wandering
2.3559290623474554,4.535883895952939,8.196184337542878,106.44593253465669,20.263807647196792,22.44002952746796,5,0.5630376909369161,0.006912308544320345,distress
1.081166534457381,0.10216039398821462,1.4111863624916943,73.99218761009156,1.291154351907371,-1.2785624912699798,9,0.05358506099810967,0.0,normal
2.964851082768845,5.2346934825852856,20.402601837776388,96.67916103518857,5.161379542887899,28.69406892579129,4,0.07083827265037479,0.0,fall
1.7144536241802757,1.020827464385708,3.302367925386206,92.56410481160796,5.1330298088578585,6.932526436168484,36,0.948710410033692,1.4090873533361417,wandering
3.493732203986614,3.895649341055334,9.725471280611405,124.25430129795919,22.604164898655345,17.073949430417304,15,0.6879578244492666,0.14879366836750013,distress
1.0961376266340586,0.17613014315458692,1.2709917206837944,70.3445853303149,1.7608023193019366,-0.7359281200099579,0,0.02552131328372951,0.0,normal
2.789058722919342,4.753836734357096,19.716397353269922,91.11323408402693,13.826228001820626,26.762891850390822,3,0.01885249250668033,0.0,fall
1.2836868638889931,0.5588076714294702,2.357317231763054,86.7899834122225,3.347836159421237,9.539379881519787,51,0.8663459957987123,1.1328014469167718,wandering
3.871702842256859,2.5449763074593044,6.47700804790749,123.06086440384115,18.43515538707136,37.12446146628921,18,0.6780989494242454,0.26536406971234705,distress
0.9816897332420581,0.22283021189658575,1.4469964194578813,73.90703739037194,2.1618836924373817,-0.5124984411733449,3,0.03733298009070183,0.0,normal
2.1880464061334792,5.279736333975221,20.73639857713244,91.12248553761242,7.842514309808922,33.489586495445906,2,0.08934314357543018,0.0,fall
1.5316510972717252,1.2609215403601557,2.550300148761216,89.06394527346075,5.65736297200511,10.286963440523632,57,0.8510121267834987,1.0916421710783166,wandering
2.053989676380444,3.7979739319055574,8.293504841706708,119.2761277412595,19.457396959743523,20.062010488463823,18,0.6920272179678312,0.3149344012984201,distress
0.9244429842043291,0.28601047298893595,1.4540712558071607,68.38179258979606,2.751435207406526,0.25299720996777353,2,0.0806503428900751,0.0,normal
2.4933076740353948,3.5893750137017166,16.577076653414792,102.97903909166534,5.986645037402384,28.5695295627907,4,0.05607112796187839,0.0,fall
1.5259359382646887,0.8070149225272558,2.5493165430005904,82.92098999390329,4.2456898058565065,5.91520016820926,47,0.8347857663496294,1.3469208783613935,wandering
2.7485329764675175,2.7921296014593215,6.051989866648444,129.3646969598058,17.577744220223526,41.26534831618132,15,0.6302404531423524,0.22053112810270975,distress
1.07419911228303,0.1260876908778108,1.0104733976685818,74.70923155053649,1.2553827731623817,1.8519850978373866,6,0.1338449321269918,0.0,normal
2.616160395945615,5.653693094414582,19.229839717245635,91.18578162058085,9.470066308175678,22.815725438885117,3,0.07214382184258325,0.0,fall
1.9496607404650397,0.786845698489015,2.702912175345501,88.31222883403476,2.376363398893303,13.14261360811513,34,0.9902083067532129,1.3350614631986535,wandering
2.583739536618964,3.7346615441147346,6.128770478594561,105.18677659462944,19.691036370654594,30.151741276367435,14,0.5325608583298458,0.1622725149528238,distress
0.9404774963060888,0.28668096990485276,1.4800089766961912,75.85418613236295,2.0945260799699734,0.1746923679210326,7,0.07812887092256103,0.0,normal
1.686382748869216,3.6049776363268085,20.11033477896114,108.31806713949874,5.394373754693438,22.06065416118564,2,0.07006816054267632,0.0,fall
1.8390785197200217,0.916760965163478,3.3078935696270815,86.05240753683685,2.237948513096618,12.209444106787934,49,0.9347850939750563,1.2346078094319108,wandering
3.098675528957438,4.20807951156551,8.057326553829986,106.21643083973089,19.794276710709465,42.242369457620455,15,0.4299913444039526,0.4583453180237233,distress
0.977267448257856,0.05703429147190471,1.2921723261137217,76.50403854192389,1.770640128650289,1.1711263221410708,7,0.08051374864687821,0.0,normal
2.2614125089605692,3.1443303309961537,16.33707420857568,87.57881275162484,12.999561716464722,30.399326049776995,1,0.06414894201320955,0.0,fall
1.4714937663896122,0.5697636314963981,3.1771026561228974,93.8622687131352,5.484599716785114,11.37535945579901,54,0.9474923800248942,1.2099439162444017,wandering
3.535807929146994,2.770432333706049,7.5037594562128245,126.31417704602863,21.04120911283913,22.718641472902924,19,0.5510236660668931,0.08063237594710959,distress
1.076288157141971,0.2659531669997266,1.129151573093493,74.91422532575342,1.8860581342055363,-0.07199399551403252,2,0.18372288945439696,0.0,normal
1.9857286780437648,5.217280110298339,21.786319351831395,87.86542014881309,10.920614126551719,30.499525155536375,2,0.05436348902924376,0.0,fall
1.753698838794771,1.4564085093995578,2.822233007141078,81.42952000042857,4.074204647351405,12.961469941482907,35,0.8940424248336437,1.1251858344523966,wandering
3.347917559665821,2.1685767184236986,7.794096159853353,102.53945534955348,15.83848847935581,18.335264724030516,9,0.332937201690664,0.39045802618106684,distress
0.9089612072347633,0.2127105535075327,1.2558719887050114,67.64032829573645,1.175558195805266,0.12110989460180255,8,0.11855498335894393,0.0,normal
1.8169319667280204,4.0050047420020105,22.55729789684561,85.07094687248753,8.389506216210236,23.989775602400474,2,0.014359993461354581,0.0,fall
1.3420375915554932,1.2367901910096615,3.1430384904252513,80.82471117563391,2.390912658792441,10.286988907707668,37,0.9903037102343653,1.2471860979073908,wandering
2.699906157257315,2.8044208001207576,5.4597041201757595,107.81579586457546,20.007600678487435,30.86956134972969,11,0.6571672933200922,0.35553428577814183,distress
1.0236072323063743,0.1279950636201188,1.3781900486621073,76.61844438643675,2.8774065069678345,0.9368886147795727,7,0.004509267326142763,0.0,normal
2.54404729267625,5.246632976161275,20.117340737519967,109.6913041622036,14.45664317844946,20.402411503747835,4,0.09936838303754168,0.0,fall
1.5346893018420695,0.8466413025400752,3.773780037845021,82.99497649928583,5.486890466536586,12.034940950779799,40,0.8796825615100738,1.4245989844432447,wandering
3.5051644022341337,2.2440444558199015,6.99678705943524,123.32565211259919,13.249318657951818,18.540521974574162,18,0.5618803534425105,0.20207056087896907,distress
0.9006193773572979,0.08627947850545521,1.111803751108014,72.04106644266274,1.4299734322140754,0.2956616230176219,8,0.03664453151274536,0.0,normal
1.9516220819887005,3.8162814880232796,24.104623470208203,96.25306572441828,13.992276248733193,23.51554475469751,1,0.0755238170993035,0.0,fall
1.6308546405184798,1.2428951192913018,2.69286910161157,88.96319493058395,5.089462694395943,9.801039033754337,32,0.9434554146981196,1.2904813373307935,wandering
3.0256151849933373,4.01033137240834,8.83806708096714,117.02634632224539,18.504304408404906,32.472565593370305,10,0.3821496997843097,0.05358570932522755,distress
1.007531033133399,0.1887602706762903,1.069460027952546,73.09340859391855,1.461572080698962,-0.9316777637143168,4,0.17232489824308994,0.0,normal
1.8735223035067974,3.271914013748869,21.32346576715273,103.90065088110359,8.619866030672254,34.78195666254038,0,0.02355753061087076,0.0,fall
1.9353556141654906,0.5241616500436193,3.184384258214705,86.4946928362005,4.50158118748539,7.129566463371923,57,0.8337339964420656,1.466497241589733,wandering
2.261771839176203,2.031630937793326,5.472110382941835,104.58452649481876,14.222954713220066,25.72884920253535,16,0.47713794312611435,0.002753718690168383,distress
0.9288619919959392,0.2157100558016044,1.344171228839163,74.58950613463597,1.3919512660087376,-1.8022639309037647,2,0.010730962064068917,0.0,normal
2.750234007163222,5.7481820285718666,15.500558437334922,101.47306836590593,5.46814776367181,29.43588630616783,3,0.018949040178349363,0.0,fall
1.360857838106253,0.8788206405965492,3.6337636115631184,89.69278459092001,2.898192869881225,11.852824015868283,52,0.8136876204423454,1.476256152739928,wandering
2.169491271659849,2.6474451676920574,5.398330711740475,109.2887269015583,10.560763929222087,32.26330125811781,14,0.6391926301645409,0.11692664281785847,distress
1.0270454224694903,0.21618276818708843,1.3376906638369033,76.2967386873737,2.2083416411335124,1.6977929809857089,9,0.029921093988155036,0.0,normal
1.7714848794653995,3.129699900633595,19.913830053845984,94.33723025853268,11.523678636567093,30.215520328175955,0,0.02661594395495938,0.0,fall
1.9630805047855242,1.1342227572538373,2.2988076597468634,84.89824097813339,2.520036865519973,7.1646851565810366,35,0.9911619365346576,1.3948534411546771,wandering
2.0597213729381645,3.008682496108902,9.445173807462886,115.28144363055227,15.623878259507826,41.006412946784316,13,0.3166235050129728,0.4418921139406563,distress
0.987415602197824,0.2894824854306257,1.2132113336362735,71.15984108295258,1.6869609070212117,1.0632873297178143,6,0.12244916992449373,0.0,normal
2.3869737193936045,5.761392871326693,17.50498252632833,99.64508955571658,6.808261570075636,34.927317393269824,1,0.01164216991035616,0.0,fall
1.3596344142838857,1.2212804964816626,3.8106395897218186,88.33558372271384,2.5909305972369037,5.8441807341022765,47,0.9060209648204886,1.030713026798357,wandering
2.68249536586546,2.9280165185041254,6.492976881697219,115.29998033708648,23.574312968242026,27.545398985318275,15,0.5444268078626615,0.15594702102084318,distress
0.9240418966166387,0.10368682854857407,1.1700997299021676,67.43279066815819,2.939750585440683,0.92873384468019,9,0.009792793956530078,0.0,normal
2.0329354963174997,5.864408661067031,24.790796076930686,86.47968166424045,8.065432538098275,28.829678115744535,4,0.06779386634918375,0.0,fall
1.7116065676867942,1.0204583090575174,2.4043602698770856,86.96485949608484,3.8583855406322702,10.584546750602115,50,0.998469142195232,1.0545999161074926,wandering
2.983990431979723,3.1142847780442646,6.5812607781979695,121.12599746257858,22.03547119755111,32.82472391513592,12,0.6154088115738974,0.22992119597848276,distress
1.0108584672844085,0.17422963332186175,1.1713551268511548,69.85113732297326,1.414161490768809,1.9690453347132553,8,0.01804545594753817,0.0,normal
2.589389176593049,4.772851041458605,15.689019065186734,107.86022660842188,6.003940727540618,30.108612907480428,0,0.0023187725875993604,0.0,fall
1.2685488688947337,0.6503995388085742,3.292152252884897,87.45567832234399,2.157530745378683,13.692110993941006,53,0.9355568750789984,1.1600914646403684,wandering
3.7102225131670767,3.1761192296637124,5.542482632250063,112.76161942726793,24.885576642359023,23.761902903967282,18,0.5606910325073268,0.16675919608567408,distress
0.979486871388246,0.2574590637195665,1.164861286744957,67.42729876761456,2.713896619216594,-0.047977390677117704,6,0.016883225825625403,0.0,normal
2.6848302293213737,5.168595154989944,17.565907778690914,105.64056297444077,13.228390038158329,32.537296064324465,3,0.06216781176893637,0.0,fall
1.2381063488488857,1.3640462616130602,2.993734680199169,89.21694070349271,4.289389369287752,8.725819530887836,44,0.9787011269349692,1.208970358689273,wandering
2.414548963442459,4.968198262356884,7.271374976912881,122.08172657864174,15.557485508387721,16.335333419446894,12,0.35691628099300104,0.31263465371293975,distress
0.9534914113433687,0.19130819809746102,1.284052888552233,70.59643585223212,1.7544357703891,0.2770299768196893,6,0.19371137562468793,0.0,normal
2.946137270453928,5.489565694669852,24.1134473110141,102.07457956041499,12.605734186554223,26.319100015298375,4,0.04807926016716281,0.0,fall
1.83459183160432,1.0873594084884182,2.7740449344826623,84.83230273868082,4.3546996495730665,10.68587043455354,46,0.8269382669631081,1.2178658298635454,wandering
3.462976480006531,4.593530170412807,7.5224822824146536,125.2674909158587,21.194534521735825,38.6638309806808,16,0.41238246454306515,0.07896694543208255,distress
1.0574650812939008,0.2951541000647518,1.2747013487131866,74.6477379318667,1.3496450709426522,0.29429667602845244,7,0.0437358221090157,0.0,normal
1.825487578274918,3.948451614570078,19.825866241985736,105.2553981923605,12.763036515423636,26.617507668573786,1,0.08404895230162063,0.0,fall
1.7757323868905868,0.9717630304636348,3.76235097700886,87.01828995424732,4.932759098294378,9.17978211125877,56,0.9108280278147468,1.284517016476097,wandering
3.5391602796853876,2.256228543602276,6.6855694232042975,103.23054751186106,22.045402989157843,39.14256457207,18,0.5881875415228068,0.10688473530338449,distress
0.928282806021746,0.12246165678560632,1.0920322812706857,71.47332897284599,2.9277876967288297,0.17548885787535262,6,0.06820334300179305,0.0,normal
1.7276286980226399,3.814019367721599,17.61040593871023,103.73696605866093,11.245131764271596,22.806239370593154,3,0.02079902024083822,0.0,fall
1.9856879407287653,0.7693549580363503,3.2212343999664004,83.13678711470055,5.294606709786839,14.259332267549357,41,0.9324135871432357,1.1952849886666888,wandering
3.2771672350790917,3.986145742453246,6.826051107574441,104.88590251869259,10.225957821636436,23.52047818448088,6,0.6870852012933297,0.3123248696001406,distress
1.090439005081505,0.07702947367012174,1.1836998342261187,71.77564177758356,2.3512700065744667,-0.08904922394187453,7,0.03453433264161343,0.0,normal
2.7391791383835047,5.023882085175273,18.499789238475323,86.81248285566274,5.928654792638602,25.19397724206053,1,0.08555013912027858,0.0,fall
1.385571595001604,1.1254034468506102,2.633930077323497,88.55070186127627,2.734646310141379,11.360868997125054,31,0.9615974120678495,1.0964027277982382,wandering
2.38140268056165,2.404643724920256,8.31815900373082,104.97522953171821,21.87760545015537,36.25859332558103,19,0.40838403812448315,0.375992318978698,distress
1.0716796031891753,0.19846871651632952,1.0449098383863809,75.76191274765782,2.1715662782997835,1.886448489879316,3,0.12391548720386725,0.0,normal
2.2598723820700783,5.2932295697449625,22.7408333915927,86.72301435107286,11.309816670939838,28.996700277377045,2,0.09762035600842646,0.0,fall
1.4914632514565604,0.5921436236105452,2.2877495179280665,80.87929568337175,4.230090910275205,12.082327144783473,32,0.9589014769607012,1.2920151932577393,wandering
2.27919455498918,3.1164622817549477,7.882978147450134,122.17608750784187,20.454451876683173,22.593809141155557,19,0.341993058717465,0.2155686971528154,distress
0.9080934030667868,0.06979178789202657,1.3254537183925956,68.64503210015764,1.1713409382404367,1.1798741912146338,9,0.15700078364304992,0.0,normal
1.7221347151869084,4.8393829333769585,16.551204703367144,92.03756091014178,10.77290864901614,32.802216631131735,1,0.03335884238227782,0.0,fall
1.9918465752438188,0.812604012155446,3.0504516154398367,93.38598530932633,5.270269664231858,7.593458975459978,30,0.9909124428210718,1.3205829030999934,wandering
3.0287991846220574,2.203777260364035,6.334331302957363,118.96847078480509,17.34487255670793,35.03544351852377,18,0.4764857456163599,0.3241481997835045,distress
1.0102558403887236,0.06898198965824344,1.499319068890723,75.40448947397084,1.2119481509151162,0.6843458346040934,3,0.08404915414745816,0.0,normal
1.7746342457809132,3.786701665267924,19.195927325714663,93.4244608385999,12.492853482368346,27.76946672606367,0,0.03301567863415729,0.0,fall
1.87873523803453,1.170234965973877,2.468373032667765,93.6918128437996,5.5815255569544835,11.244271920947883,36,0.9301612935337599,1.0505498246689366,wandering
3.3976202157202273,3.190668408062707,8.426829269867554,128.35512891704818,20.258950819359903,40.2069649867782,8,0.39780103933202565,0.48478220488625445,distress
0.9247431800164173,0.06958187342644502,1.1910960855725294,70.63182637710716,1.2348191504614883,1.2520367816944757,1,0.09725317033873802,0.0,normal
2.5586621806843404,3.901721373944891,23.569585574078687,99.76899518075,11.627278551323194,25.72502405025351,4,0.08552634611275267,0.0,fall
1.6913061846238482,1.425798707213104,2.924893996884397,80.95575833872971,2.506845713399012,7.465501968248562,30,0.9401918372856582,1.1990575858150978,wandering
3.0156467688471453,4.955392064740304,9.32791375229992,124.62226098049898,13.366940683250814,26.55929710192433,14,0.43155387780198934,0.41981856381028865,distress
1.0777502055755273,0.12190204639374351,1.210648639769237,69.62438572224394,1.5998798190246137,-0.49183648325353113,0,0.08428351025074268,0.0,normal
2.5410289817199816,3.6974043493167508,19.29521452787413,100.9175581249175,7.496036489784635,34.84267445910035,2,0.0038899759219450437,0.0,fall
1.8630884850133926,1.0815425634089015,2.4716279231591853,90.9173360292522,3.653025515663423,14.992827642298327,58,0.9967886133789198,1.3216141919506157,wandering
3.638588440110037,2.006649250990616,6.190432888232236,101.19293368872789,10.755971743570637,37.87377943059737,9,0.39702545930106325,0.3744465552488082,distress
1.0450634407102024,0.1792619494651882,1.2050134936241126,71.82661177018389,2.3698852503382213,-0.6673750468288775,2,0.018144904388616358,0.0,normal
2.223749651043683,5.8202852147279485,15.48356422874563,91.94435099590308,7.836869394813119,26.61615735245989,4,0.016686290820714735,0.0,fall
1.325621057435845,1.2751061904020715,3.660056584311389,88.45357724389989,2.817287545017995,10.038821809521576,46,0.9593188115221789,1.3669234207829897,wandering
2.7260472665098368,3.874308863175367,6.013621703907184,106.69562298778938,12.8035012579563,35.22278638107177,12,0.4685204639448033,0.08672369744571379,distress
1.0016348354567093,0.12121090803892519,1.0716890432332327,71.20993655430873,2.089362309954142,-1.1879071279567759,7,0.15956141847459349,0.0,normal
2.1651196362884333,3.0608401433145094,22.989113030276485,93.48523259622492,13.037295788832843,22.34676915510361,1,0.02669899798498232,0.0,fall
1.944094188030941,0.7689004599108883,3.6128936090301735,92.43126085310789,5.7990737725776,8.193955266573312,58,0.8896423876340901,1.3033762471019572,wandering
3.5343319316843074,3.2878246937784104,6.403965854452139,117.35168335291385,21.811498211395424,32.4317176755514,18,0.4949945375217444,0.2653691060855191,distress
0.9863113086829959,0.18615877975353368,1.096132067553493,70.27694424536588,1.5551045308489477,0.03971448473058725,1,0.0930168406348661,0.0,normal
2.9763650884505237,4.089640118631634,18.123706341216355,105.1508646918909,9.290031519184174,27.545011388676627,1,0.04246955868993888,0.0,fall
1.9224789466131695,0.7815261229904668,3.332794535535341,94.77177839880417,4.729634146971412,5.595756179059226,59,0.9685091065827071,1.3139739239591322,wandering
2.234127510577089,4.127468986913275,5.474269213151584,118.74339555325571,12.005857664449161,35.86884014874097,17,0.4260269293866668,0.44482234850168634,distress
1.0631711803490616,0.09588767146420558,1.1871785052031296,68.86359447708524,1.0327254553479672,-1.7580823523213072,4,0.04438985176292081,0.0,normal
2.55273322369836,5.2959383398651205,17.342656075077542,97.63896309146132,13.252417158718373,24.17542098614343,1,0.06317791962427516,0.0,fall
1.8316697320014124,1.273223841535187,3.956352836735907,94.89907109482179,5.510274356724395,6.065375244488214,51,0.9994854429394227,1.3617297760386118,wandering
3.625147730915363,4.1273944031441125,5.567449782344437,111.8713652623812,20.974729259182528,43.08650234906269,6,0.5480434773864579,0.21604151301825353,distress
1.0924463585343855,0.12876803166483392,1.4113385088828732,73.79254190895203,1.2657439391047374,1.400285417961201,4,0.06682189868133824,0.0,normal
1.8774281370374026,5.553120595767876,20.431391759789474,89.89012495377514,8.486254547566084,28.887067500243802,4,0.011102231527358564,0.0,fall
1.753104939242,0.6372315211270685,2.985069200065353,85.1774103836708,5.873037790861012,10.19223715960274,48,0.8158109545582819,1.1039485309148573,wandering
2.947088930137644,4.4372222215976524,9.447525177984126,122.70205434529369,15.757535578590344,40.02522566110245,16,0.5824256914189176,0.3701859922607087,distress
0.9868084910468604,0.07610070720735514,1.0423944196321726,68.85363380918724,1.557683911747778,-1.6201503098237535,7,0.12390746287499471,0.0,normal
1.970907976797056,3.4007354116436685,19.194772586544524,105.88593264300637,10.497815034105873,22.730078007117324,4,0.06614779955741933,0.0,fall
1.2580167141560554,0.5471767729604996,3.218353831498694,83.40033482685715,3.539333866076319,11.215480714881185,51,0.8863421959148365,1.2096012126479514,wandering
2.639124117872091,3.4249936960650293,6.980928585740979,103.7521802615632,15.192793285841292,26.009851394490553,10,0.6548786447028618,0.1438856717392391,distress
1.0074848036011281,0.27733958983267665,1.488083054514522,68.68883785594245,2.356238835860318,-0.10319316818315549,2,0.14820558829319938,0.0,normal
2.2594564871084017,5.981212612347381,17.881534842936517,85.1080813237807,10.296037082060122,28.364116725935794,4,0.04073929716423558,0.0,fall
1.7746140389686167,1.3930521339413706,2.954466730643081,80.4299090629961,4.511648402939898,5.342456782210786,31,0.8627971140400721,1.329116707874542,wandering
2.228837771992077,2.8638017791523565,8.630834354661447,104.40743642111815,12.677452376857078,33.57578467537112,17,0.34901969187388177,0.27321410085639497,distress
1.0031048352016898,0.12476308885379535,1.212468308849688,70.65051467067681,1.4749173444334758,-0.9534450530495984,9,0.001662417352531298,0.0,normal
2.48120476997673,4.71205033977817,22.478326211609136,86.50736750360423,13.0617660429193,24.78852807304295,2,0.07564713459086068,0.0,fall
1.2995985362781044,1.2400515555906835,2.712286143757102,94.02304465034918,4.841476693783903,5.1437864812752405,35,0.8734059041352215,1.2505129455016446,wandering
3.1918927801224135,2.5859304171641897,6.86291653012313,112.6503421167188,22.06001230525044,38.225177390073995,7,0.44597908748943677,0.17919291472932491,distress
1.0161412968385055,0.11661009984819463,1.3304086850330439,75.83366271461088,2.819717221533466,0.9536941921026787,3,0.014990533465975342,0.0,normal
1.6284822333784068,4.5654609048005845,21.82114566939782,104.97021715162204,13.799266997610799,22.144829576582985,2,0.07059770590876649,0.0,fall
1.515348432041896,0.5503570486567754,2.3976470527594724,86.09042957018156,3.688820229618208,12.358922955951053,40,0.9888772949196144,1.2736429599075174,wandering
2.9611243043994895,2.980341635992102,5.209900981712406,107.45696644585217,24.41870309666023,19.751591952536558,14,0.4836465202948031,0.48659372572517634,distress
0.9102624224573409,0.12555186699787402,1.1433084340755126,75.69955315435216,1.9949213683102787,0.239141380716549,5,0.11227237807296242,0.0,normal
2.1797826053031657,4.050969303762676,23.607331513848987,91.25878309640937,13.405352334417067,31.380115703947794,1,0.09419221262705452,0.0,fall
1.2914020580237926,1.4876835898667864,3.8132485330408583,87.69676547012466,3.030704127076954,9.858607965851746,38,0.8834978006733807,1.160694965718048,wandering
3.7084270389471423,4.325179324785475,8.452602427277018,102.40270389905491,22.762405571395693,23.07187745664546,7,0.561880683812401,0.3647940460866321,distress
1.0682806065290837,0.14257066626397163,1.1485908658235875,72.84761892236192,2.0958335532356447,0.2583634015469727,0,0.09438288079372073,0.0,normal
2.588464399437281,4.273840260948124,24.985630392564463,89.05272681676887,9.399519747046448,27.16788401757946,4,0.048019059684587286,0.0,fall
1.7631272208183966,1.0324552567851222,3.7161126145105596,87.14837125977715,5.350619568108527,7.947260480066669,51,0.8852123111184578,1.3328943581015293,wandering
3.9786221600406355,2.693560802629514,9.865115246923423,106.91660805136928,13.008766504198563,29.51875242639202,12,0.6760339231099649,0.17247108325362837,distress
1.0281750697600769,0.26397197295205016,1.402783607484622,74.32301232277453,1.4575402298120337,-0.30543913926619526,6,0.042539768006763914,0.0,normal
1.6382538537054327,3.3536549872998256,20.78078833096189,91.62389455322638,8.672616010595435,24.972471938705617,1,0.0839292990247091,0.0,fall
1.8844995751160174,1.0522493358233782,2.2228214064862204,83.23848857381762,5.3361366707549625,7.975625261244783,37,0.968850733790784,1.2844125610636676,wandering
3.928053604784985,3.0672954413653146,9.9287280201972,119.47303415815762,13.540224621341517,25.196534618005224,15,0.4592117283157041,0.289694562083721,distress
1.03997265324745,0.20029177457415775,1.4095571653971044,67.7097668626529,2.4263491530211785,-1.3267227434446185,3,0.026775039069381102,0.0,normal
1.6083086352321967,5.1219261045768585,15.027591034079043,92.82362188168918,14.331602938938966,26.76904901660498,0,0.06733647415745857,0.0,fall
1.2206194179809748,1.2712445248605342,3.4633330608321953,85.96175256575901,4.688256924490913,8.393487915656973,51,0.9658987409025389,1.2622960518464428,wandering
3.9053716372893583,2.5584819155770635,8.244358753978489,116.68871346345685,18.39751108582876,26.907752296028008,14,0.4764543237126606,0.29487218115961755,distress
0.9790335761785154,0.18962219867595942,1.2927025253297941,68.10050357878939,2.528064173079293,1.1675854289463516,2,0.14096640116032733,0.0,normal
2.4802368146804077,4.260723782449228,23.592962473841155,95.30934823728042,5.086552602242051,28.78606250021243,3,0.08173518012625089,0.0,fall
1.5282565572225233,1.1162398291187163,2.7048770790398393,88.18540605759246,3.036347718642059,9.35707573946853,43,0.9409941642421833,1.4595784755704508,wandering
2.7202218431712395,4.469166803960748,6.015467931998112,107.5303350459788,16.865448155378633,21.9191518678959,11,0.4502989607456217,0.2268981580731399,distress
0.9572815206200594,0.14177221674609214,1.4584401327807397,76.68002468274962,1.058662199848085,-0.82363356680063,8,0.011045388102170196,0.0,normal
2.390793456585299,4.8153558951440445,24.07759534401292,109.9110897270201,6.0334713493291,31.96292618922431,0,0.020273810139251836,0.0,fall
1.3470427378394523,0.5399670751036546,3.0900647678198245,86.93701885358345,5.16554917086366,6.726863779398585,54,0.988614310290082,1.2652480606903707,wandering
2.6219188257249697,2.702097751951651,6.456536723803197,123.42298467196179,23.66212795372116,32.892364173468366,17,0.6264491357453821,0.4896208843784841,distress
0.9842899388166826,0.294066882527621,1.0617114351442256,76.64080566610536,2.126069432115804,-1.8423626629595833,7,0.14753661293565312,0.0,normal
1.539000618049978,5.115491037900637,19.812078840869958,103.94414673417526,14.094179319652515,24.69610750722449,4,0.026751933078036274,0.0,fall
1.534782980150718,0.7011520264962058,2.1534147552402816,89.98473894682212,4.275434371387821,6.909098635174811,44,0.9891437164073427,1.421463601645254,wandering
2.5869310371847116,3.8120245390020586,8.116236292218831,109.28956743948474,10.983905324814376,30.93172849597424,5,0.35559383767659697,0.06111629562736237,distress
1.0780472444606475,0.2802551699594185,1.3858656301773096,75.86022003093997,2.643752246167124,-0.344213674732754,7,0.07880896044533775,0.0,normal
2.1905602670058135,3.0318100176057996,22.365668376560247,93.58410853061365,9.347860057717458,24.960539404824452,1,0.04042664350668787,0.0,fall
1.2193228990712537,0.8040457798659026,2.8669672691116626,89.62187221167872,4.961098817197293,9.644585214426902,50,0.9403949564244263,1.2505093747595517,wandering
3.393022932786782,2.6823876521252887,9.34251297892433,101.70858594445522,22.275900504097294,22.403490202463594,13,0.614866500900277,0.006577573088919875,distress
0.995401793351289,0.14519237198742901,1.1714893245260627,75.16886751562058,1.4975151206732926,1.4896224267313483,8,0.10571484631342737,0.0,normal
1.7182067382705117,5.155368585792543,19.529961424988272,98.90900751303494,6.560900453501683,28.156000641849886,1,0.01019083817254597,0.0,fall
1.3845398865655827,1.4283785979935715,3.189975864163459,87.18938280368634,2.9667559199005034,6.5430981384964495,30,0.8284073268369266,1.2888872404895446,wandering
3.669657395140928,2.832240252907831,8.775199511101487,128.8303573115411,13.714870011656595,22.053948432934803,12,0.3829940873596198,0.4399325481550296,distress
0.9507258687164667,0.2430188177145725,1.0985379556195063,68.47125258256976,2.926175271645959,-0.14864386012677855,4,0.1250397509943084,0.0,normal
1.78816506818398,4.644358319110035,19.415872166796156,94.38888774167542,11.527768892981587,21.38517579435436,1,0.060539303409951,0.0,fall
1.3351010566683985,1.0199735713186662,2.7688058435508083,83.92414040711343,3.015264840088987,7.038058739625603,55,0.997728987963113,1.3081205255154111,wandering
3.318000687276288,3.2196291132086747,5.471940820435926,120.95729927766872,13.063626567832255,23.03124952176851,9,0.5650107232773027,0.3822088717143927,distress
0.9280525492267274,0.06372290742853388,1.2310103887771102,76.49376726208519,1.260565396933481,1.3803751900441945,3,0.1763037608297473,0.0,normal
2.5162904333533094,5.804331317412643,20.605971554102137,99.31022797579357,12.103882465688969,31.965459516838305,2,0.09053410963157528,0.0,fall
1.2420723119600372,0.8424243678287836,2.992059042796091,81.5057023186249,3.5849074483320997,11.889623653100761,32,0.9262258735492819,1.0015696311809843,wandering
3.1083508015681076,2.3466755303123987,8.585546859013927,122.971338173724,16.88431714137325,25.033412642159963,17,0.500165597375931,0.3969178632929504,distress
1.084276425030878,0.2932580820908636,1.4172333128292844,68.77685449505766,1.9071148757020961,-1.9828826059579732,1,0.14823355409795344,0.0,normal
2.8611838021734544,5.563438447339711,17.935229563001073,93.38407862296002,8.67954832698934,29.498531093303733,2,0.06144449138206403,0.0,fall
1.207542050971654,0.6439050735833041,3.1671040812009377,80.14087071924669,2.7816930819653263,11.316429047144585,36,0.8590245281306327,1.1244749255174906,wandering
2.060897653710071,3.4392284917484774,6.126290520835653,122.83727787424701,20.12475493300899,39.20224253490127,14,0.5173399575520794,0.429271032465403,distress
1.040154437514038,0.1286114603169367,1.328112144907541,71.79650022654482,1.8444676950459884,-0.5909077479588114,1,0.04198523009124238,0.0,normal
2.784386858521342,3.8579099111387682,22.19876329683015,90.87863375435147,9.611291587416954,20.688546592163668,0,0.0943067146468301,0.0,fall
1.338623760200225,1.1639280460966035,3.366587596784413,85.32674078722668,5.719837282836799,8.52633621957486,56,0.9790726924202826,1.0211954511551276,wandering
3.789412223311026,4.010577726218097,7.595785653248354,129.61833965992685,13.424964906471129,41.22630155888612,14,0.5043236630956056,0.07760099557108618,distress
1.0400428733801284,0.29474035881808525,1.0520844757752172,76.2667902721398,2.1271112975487956,-0.08340844495081123,9,0.06417991954607705,0.0,normal
2.815562588277383,4.043711548271564,16.303815667774455,89.99763218604177,7.366524790612484,22.72915761230014,1,0.09485289197462299,0.0,fall
1.6490745647411575,1.4771247419762272,3.4606282445226455,94.7071739053503,5.0456690946049045,14.128482132397272,50,0.8520468161612,1.2392954505381897,wandering
2.549213570544901,2.2634386057437226,5.565649934990949,106.4769745294397,13.19648750145151,31.978619996664232,14,0.5545866882663836,0.38584359073278585,distress
0.9399958779478266,0.19674042924906043,1.4454040537622816,72.2655624119142,2.2151238621884324,0.6248635818101285,8,0.10764635147660591,0.0,normal
2.075447084372885,3.1615033340813365,22.39012236075296,87.58378356480313,11.160845038199254,27.583449721833354,1,0.017687662870089483,0.0,fall
1.835464755107509,0.9635449650708644,3.703120548346939,81.85597385482123,4.481935720281733,10.49089554718599,46,0.9036736558426807,1.3955944902210735,wandering
3.6070524138107967,4.72241606210162,7.5308362079131586,114.98734804744129,19.276663225382805,22.715270961951617,13,0.5291304891004549,0.1797245402659009,distress
0.9458916371004491,0.15083460151781564,1.0399469987743115,72.28020502942927,2.7747691976938738,-1.3747191497844438,2,0.11501185823272796,0.0,normal
2.8383177104298856,3.2911263442579126,22.169351996454786,94.09758105568245,13.733422944622362,24.62995250657865,2,0.003948876132948631,0.0,fall
1.2226233253565406,0.6741439909633271,2.3261297611301197,93.57615442973018,2.9510001448985688,9.660613186690783,38,0.9417722915558975,1.4473109185531166,wandering
3.6710517051296865,2.699013274886655,5.301791020875015,105.76817974236869,11.253956113874901,19.918492737487668,6,0.6944770020602691,0.12867573693241252,distress
0.9896924640719132,0.14128074291326215,1.2604954928424963,72.22798400641685,1.8011327414234548,0.23087150029959425,5,0.12829867032108613,0.0,normal
2.7117980897441543,3.7690181493367,15.009869137274826,85.53496266119176,7.668413315644239,23.216129201683113,3,0.03395313520529393,0.0,fall
1.442053815481872,0.54836393785922,3.9361439402217755,85.61486739043923,5.699118068545419,12.801183948188646,39,0.8096179769283206,1.1313565221313189,wandering
3.4974948613586543,4.369704873995457,7.917146856861811,113.60891724260676,17.132797323915113,30.430071980351357,9,0.6792975731397701,0.16011143301339242,distress
1.0682022512708953,0.2685422648085961,1.4389978052611943,68.95092454404565,1.0860052051334945,1.4889486122053164,6,0.11039390369178766,0.0,normal
2.618001801421639,5.533113938038958,16.06198902857585,102.1325264799087,5.562509899828609,25.13873969713031,0,0.05614068316833594,0.0,fall
1.7455714353719634,0.9418773428649116,2.8075835184699462,88.32642298678117,5.558645115709943,7.603180259588785,52,0.8077578067794853,1.3824004888742412,wandering
2.223062761631864,3.998938256124786,6.531375606931094,110.58693251836735,19.087223913657652,23.28050186715612,9,0.5484276419534595,0.4686700916089375,distress
1.0847048257864,0.1945451102501658,1.1896089285828375,75.02922525841784,2.5969887318502556,-1.7974237177790409,1,0.0635770532882944,0.0,normal
2.801178043831274,3.446111641853837,16.252591656982823,102.22609982553496,14.033159863216762,28.834173912553958,0,0.0910340826179801,0.0,fall
1.330023811123273,1.3503520838081755,2.974037442711726,83.885200612355,5.003888856242671,5.040816602426421,44,0.833705094832088,1.118431113273203,wandering
2.9649473100903885,2.311353258915618,6.892879983115806,121.6608002614168,12.049658917729744,26.11328026047688,5,0.6433210189231171,0.12457528354572006,distress
1.007930658983395,0.14476562897735912,1.2519355662148177,72.83804101635468,1.3290991088958668,-0.060057977045737676,0,0.15820661073438796,0.0,normal
2.652478811640276,3.454826680456358,23.020860760486137,95.95250663249047,7.361835827817905,29.608450181926997,1,0.045613651202335265,0.0,fall
1.8541608955268045,1.195559761746782,3.7200747793483053,92.86186097101373,5.2243765391416765,6.193138115156835,52,0.9045297485054672,1.3643182221437498,wandering
2.4703022940781887,2.3272113762648328,8.637152781221602,127.95128010349737,10.163191247743145,15.052937841874368,19,0.5519534741055514,0.3656504271607662,distress
0.9557499459200691,0.28490100113179573,1.4243854149512094,69.72889535280413,1.1975065699357368,-0.0811096807266729,8,0.036621701580453594,0.0,normal
2.9377511887842824,3.936156185077987,17.397206380816677,106.35798683438155,11.24787180315054,28.63013076824803,4,0.09236141322029925,0.0,fall
1.3047090261302312,0.958411758036146,2.9626350611835988,82.32622533313129,3.255935790776964,10.018677325480695,30,0.8875820264204087,1.3448923588764263,wandering
2.031785737380262,4.702214951480114,6.576169521858876,127.1121636071696,18.34488590453341,24.676975420707507,18,0.39587593172306285,0.13090090419446587,distress
0.9849275678408517,0.05203523761207045,1.4170033478325337,70.95364192742785,1.435795749885761,-1.5092019402521633,8,0.07887180277757187,0.0,normal
2.382635410753486,3.896689304050141,16.428982695338053,92.3765493367953,12.517458422553664,23.664778157301352,1,0.07145152916432913,0.0,fall
1.8902876226746468,1.3864594904360275,3.445744601090296,84.62199368753743,3.4714620203480746,5.486863262651535,54,0.8843406312041785,1.3166932457561926,wandering
3.5410693455205253,4.060742156939495,8.187605952182668,112.67709980423236,14.077618889709646,41.32203710167609,8,0.6869548089244739,0.4173969697232954,distress
0.982248503801229,0.13552743131149497,1.2093447022860342,70.5613696937157,2.5823146875621514,1.3199693645171955,1,0.09370957851064672,0.0,normal
2.7564528702327458,3.2468870432575745,19.551799972553525,96.59659559105012,11.577170142750557,20.93786911679718,4,0.0052507827611195,0.0,fall
1.5153714264888416,0.696895579447283,2.336338606064642,94.16648133489223,4.385753632559039,6.368620135001521,51,0.8649386403170549,1.1918708248585546,wandering
2.3923914007220963,4.9232322391179775,5.532899305196686,107.1598698474731,18.860672071324615,26.550084429832296,5,0.3024018855430444,0.014804144102492423,distress
0.9634446084964033,0.1732143370159595,1.3556717638182958,70.31265892713729,2.4134347366108377,1.7910157933650237,0,0.1299738792439595,0.0,normal
2.054781955414442,3.532903503727853,16.678768124016827,86.58242165922697,12.35306609995726,29.327454940128078,4,0.039363486361374204,0.0,fall
1.329406831248322,1.4660479095607606,3.184844099089672,82.98268693628799,3.038705048668132,11.807933341624071,34,0.9155479574608973,1.4013025704700177,wandering
2.4768793214683162,2.372055296438276,6.778660239087766,115.71205344173846,10.450391686739719,15.738170896234521,16,0.5217519986045185,0.43689117596041604,distress
0.9078396719428994,0.22827895793447667,1.027242193065911,70.94279072800421,2.9291585941631597,1.484350180718092,0,0.17103882754109173,0.0,normal
2.967474743510878,5.160318814212199,18.121380209848592,109.6589865444319,12.097068405000197,28.1279709280228,4,0.006546727620141413,0.0,fall
1.2857571521524414,1.3171405413663297,2.5789471451370725,82.28929195685687,4.899879238078974,13.476220142935682,50,0.8243580926127276,1.1989163371288312,wandering
3.4442794099046816,3.246402547069571,6.365897591439518,107.60933201040369,11.714573147980751,35.379182552014136,12,0.42103063870961877,0.3018481351377748,distress
0.9810729904685157,0.0746845564364708,1.1601115871659742,67.08628647234288,2.919181621716989,-1.408303435555375,7,0.15904687730570424,0.0,normal
1.6703173692268156,4.500248968801598,22.072964698406224,97.26953365970516,11.216491186982067,23.021614866516938,1,0.027278057164606774,0.0,fall
1.34170622459695,1.2587001096324206,3.6435175606787182,83.66852938662966,2.304863995726981,8.9085249909009,51,0.9104676338046126,1.0459790559505813,wandering
2.975243189201595,4.210278318781666,9.59297069310965,127.71853113817029,12.464719073988203,42.55998411385234,5,0.4114978019607267,0.033616034168027165,distress
1.0698524477408928,0.19282478683971582,1.185967044365038,70.90650259419202,1.3620637255052455,1.5639405190320597,3,0.021049548660388773,0.0,normal
1.8800787149455997,4.411217901112735,15.287556260931739,86.67167448800258,9.388683298951324,25.528143515927084,1,0.0598358685785543,0.0,fall
1.2069140253860116,1.122971146659578,2.3253415567786613,94.52243104714142,4.633106566873032,14.905674615987582,39,0.9878722682239948,1.0739662920844277,wandering
2.1595862613690984,2.7700365070213087,9.346353910804913,105.41815777077488,21.71893311092538,28.59787024872795,9,0.35702600123450123,0.26156007526302416,distress
0.9627782577653319,0.17799645060320085,1.4481994566296883,73.03141900029568,1.9086254633665276,1.6276414431001598,0,0.09059979656084122,0.0,normal
1.5731200979929014,4.121014639262743,18.218074485775237,104.735959161818,13.065789868745984,28.320902065972327,2,0.028191646132715922,0.0,fall
1.4991109357096046,1.3327615152934889,3.844487330546622,89.26181920336188,2.477656705942692,5.178186978904035,54,0.9498736389503984,1.2602804540191914,wandering
3.7887122224977645,3.7212561263219515,6.927345538474105,109.37305681508543,22.55823955467863,29.18300407736859,19,0.4472298537103643,0.2630406794879528,distress
0.902534043120431,0.1486201208958997,1.2121332447032713,74.64032831931817,1.3768659224796838,-1.3036007578574136,1,0.022558924269991,0.0,normal
2.6264023561780117,4.180838680476983,20.685262963625682,104.70495029408602,5.217515925188987,24.353057843981716,0,0.02389332983672946,0.0,fall
1.8861546208766515,1.3281304923321116,3.5401178402776017,91.61937609491419,4.555865390671091,6.15019790747922,35,0.8384671655439984,1.2928082558287177,wandering
3.4886501474782503,3.085667325479195,6.073539836975945,110.8332520238769,18.895913291318447,33.54885901685086,13,0.6880346971641137,0.1645827208772359,distress
1.0172768969347235,0.24906698190194754,1.3349035865667562,73.91196371556173,1.655560394816361,0.42544430672053357,4,0.1878641715075157,0.0,normal
1.5401122846431792,5.77743144028225,19.696317896872085,98.24477727335028,10.964502159736144,29.592217520604002,3,0.011557108157372998,0.0,fall
1.408202443325196,1.4588356989156719,2.0218699342419244,89.56416679787027,3.813504724680447,9.36016107185225,38,0.8329962956343083,1.3853773132998324,wandering
2.6950399082921876,4.48192842999944,8.152076881979529,109.46585351854634,15.029767724297916,23.879818011611984,7,0.3343036340854223,0.25536879418927644,distress
0.9290586842152518,0.10601088798466786,1.2166760615019567,73.77293952325846,1.869961146533187,-0.02771262495214133,3,0.16044422540998182,0.0,normal
1.6191500837603778,5.557501497606421,16.50153447177066,93.49326737303619,9.708265548336946,23.606104910979617,4,0.09368421718046917,0.0,fall
1.803549000093983,1.1781658135188267,2.6416258895950397,89.82167281170663,2.6747064388828012,7.484385355548248,46,0.9103618074047366,1.3958836073127188,wandering
3.493677189605163,4.081307938677297,5.228533200336281,112.05866999740428,19.317249301376172,44.79624424108712,6,0.41930359660794186,0.08342085984427006,distress
0.916269445044689,0.1637379935508647,1.385907849288629,73.76366635867048,2.606157708493728,-1.9649128242789637,2,0.06914433761588108,0.0,normal
2.5658637210611674,3.4857221406075394,18.22379070835321,102.46576334208956,8.356195257449423,24.221423244094208,4,0.024616428040524177,0.0,fall
1.7459344871669482,0.8332588530528809,2.247000944771072,87.50396797007414,5.58632137907046,12.384483757131765,53,0.8459551713935436,1.1480693070873824,wandering
3.1988413239451736,2.223666722470804,6.217596402979388,110.78620179206507,19.08442958686505,15.09579433662838,9,0.5160722253782228,0.3190497942278682,distress
0.9011663440347143,0.2519926858140973,1.0097398045728827,72.96730559744623,2.6872129068984814,-1.838564133637751,9,0.03166073655977904,0.0,normal
2.5848280392246834,4.670061283870316,19.88498569073449,106.88195379406844,8.762678062772752,21.83220950288752,1,0.09204226897509875,0.0,fall
1.5423128972586098,1.4984121824765495,3.919740244945669,81.42907522464441,4.480893412247738,14.4440789690242,32,0.9992772812089217,1.293161628364919,wandering
2.3448901861411144,2.99615000007113,6.484698140449577,111.31847536894693,23.141840974632945,29.939398083179306,17,0.5735264729232223,0.416385083204154,distress
1.0011993049817922,0.09143153346658951,1.120852243973241,68.02017429633395,2.712916382068148,-0.2908704628447225,1,0.0024775751011528514,0.0,normal
2.351037966918109,5.115779627982414,15.378020564280071,105.53875689342915,10.136653540622175,27.869335813127236,1,0.020316387103502333,0.0,fall
1.8371184258713327,1.3278234930342951,3.1793094865247182,91.66198218129702,2.978717245157498,7.353239154774216,43,0.8413972449155115,1.4547377198704816,wandering
2.2821807616874237,2.343672581269966,5.510284170815108,122.29005846445034,16.655953601591243,16.32529995118723,16,0.4395989030761671,0.1615863931962968,distress
1.0059750164478873,0.09067429913243895,1.1643905025220769,74.48642140219972,1.554947210685687,1.9198037058461832,5,0.1465359979483187,0.0,normal
2.352228549558166,3.7469215849345314,23.208600027855518,87.78793606737088,8.564512753356649,27.83479339063214,0,0.08649788477133967,0.0,fall
1.779455967219659,1.2706446267511735,3.1827504739819803,87.64843802570694,3.7212013585029546,10.78545308390314,36,0.938816209894015,1.220312685138968,wandering
2.2261725724344457,3.780819955863372,6.900810339813068,123.07615648013585,11.728746703238333,25.794461760663314,8,0.6977262290074772,0.3524980578366465,distress
1.0748330182626284,0.24529793795278804,1.0293426424257055,72.24943857456995,2.401210977541518,1.2331041106235952,3,0.17083790222104134,0.0,normal
2.2990088900791026,5.818115057198732,15.707909175315466,88.85228284323456,7.080867145445854,25.443983561331496,0,0.08858497923278762,0.0,fall
1.7330152615657943,1.1155581004072042,3.245657233832262,81.67883792476667,5.736690140895751,6.821829113410773,56,0.9183938879291308,1.422772952988613,wandering
3.0351473449434683,4.172501814174206,5.62382976423491,108.63232402555866,21.92365555667732,24.712640978886576,7,0.368872042642965,0.2686095136085816,distress
0.929698229471919,0.11185181017378891,1.4944228235936483,73.14281945968975,1.0203679575345792,0.15141356421777585,1,0.03865859031927219,0.0,normal
2.4047642184090994,5.1624130527443,20.013484151935636,98.99640538147749,11.438163911995956,33.35837253338549,1,0.0913381458832223,0.0,fall
1.8510100815859405,0.6450886477274214,3.1397740949617288,90.4867946748625,4.072523300232355,11.030390729475185,41,0.8281304740607273,1.3450972473656888,wandering
3.167738997520657,4.903331982478184,8.881276314859035,103.76233881091092,12.570571182998654,28.672246815092535,13,0.4527823921702796,0.36566057014721876,distress
0.9516528186777266,0.2525483268297733,1.3537761623092153,74.13902835056392,1.1173011119702358,-1.953028895199198,3,0.06984232164308608,0.0,normal
2.876973645033468,4.339189431753243,19.59170509615617,108.32124070062385,12.21811359827911,25.29790507841186,0,0.019998872595142936,0.0,fall
1.7779759861520898,0.6851766514464734,3.2287985478679353,81.53807254200281,3.0226955051244584,8.980930562937266,32,0.8191340578979509,1.3882951940580421,wandering
3.232177402263657,4.607777402517709,6.834605183092906,123.25230288743033,20.289527607311843,37.7775586450166,14,0.5914115981544956,0.2488589788582175,distress
0.9588247223358168,0.13771022100656805,1.0615775940888956,72.62229258162556,1.1177205938716825,1.2238077421104987,0,0.15686298839868273,0.0,normal
2.2469094151552813,4.972506973664708,15.623335997512855,97.41992665634724,12.902347804331157,27.339531533381972,2,0.02627422493369549,0.0,fall
1.2064120395716482,1.292427388446332,2.404645929941815,89.99555197636236,5.5679601197095305,5.62566535550681,41,0.9078878954233609,1.1029171839412213,wandering
3.1006359022649805,3.4833630226376906,9.445104625560655,121.43507198376511,23.425192565582677,26.451590580649743,6,0.4994329782716399,0.4587236182832022,distress
0.9312396112723589,0.2788205787749084,1.0223506343496718,68.60303954715039,2.61161269778114,0.33334575085714446,3,0.1515917382072839,0.0,normal
2.0532948908204363,3.280319998529961,21.32136818989857,108.51386191157347,6.383534548863171,23.414431741484393,4,0.010647788998265496,0.0,fall
1.5136951565001413,1.3856371935529777,3.81377896770082,83.02023439868255,2.051273249127101,8.975674687355513,45,0.8162507872743502,1.108372592722169,wandering
3.601817999037534,4.429387279118927,8.479881441433502,106.45645226971632,24.28394586542343,40.00072302396198,8,0.4861157396298166,0.4784612634706277,distress
0.9503288147965754,0.06280447362734519,1.2497235050048747,70.33436408000847,2.4108521196422066,0.7045309458782945,8,0.17813823800999498,0.0,normal
2.0027673717542473,4.429468924779024,16.811388369481755,100.24178879731474,12.575931517105996,30.814490303153953,0,0.050548315328847196,0.0,fall
1.8075895541094111,1.335099942250562,3.0313588325494614,94.4537362304011,5.711274354373121,12.737913905820447,52,0.9189610270151346,1.1560549191941865,wandering
2.4500790046213137,3.8923693667005725,5.513428184984463,110.56293078982766,17.1540098452609,37.867796341079085,19,0.382709133962301,0.47739391365232187,distress
0.9879367038011131,0.05475687647328449,1.2797970771618492,72.47640059182586,2.2289841266923665,-0.8838196223089425,0,0.0851022512898819,0.0,normal
2.701796286187751,4.274466059303025,24.022648557860016,101.82089635231283,8.874505690533088,34.3507589719625,4,0.0966178675133228,0.0,fall
1.740921998832777,1.2191346526381572,2.5914235107779593,85.34300561027243,4.904599800576234,14.811124514059195,52,0.9024276207386108,1.3046680080009487,wandering
3.075991920789674,3.149471155154317,7.08057790481343,109.63924900151758,20.901628485381742,35.08539541932194,13,0.3806106919277654,0.09132883859669139,distress
0.9104186601025203,0.1828763510938926,1.4377756924058869,69.00277972443219,1.9324219982055166,-1.4294787932887028,9,0.08200607510258025,0.0,normal
2.938256281477934,3.2287609901909935,19.715290159579705,85.50646131479967,7.758549945782169,25.633612387033583,4,0.05880280214330964,0.0,fall
1.2142966661823884,0.535057433327716,3.963092897154446,89.64274259895119,2.1967548965641592,8.935458686274512,59,0.872759749516812,1.3200119460981052,wandering
3.2657949933675505,2.456198242408811,7.74618287059367,119.28573138982253,10.993072892648868,43.98331254505761,19,0.4642903597815271,0.3499323718624935,distress
0.9367464383732677,0.2712138321183124,1.3566539935360966,69.60656059982426,1.2055681033999084,-0.9066054117859652,6,0.054355486514757106,0.0,normal
2.2649535906593634,5.831436341460406,20.812576418521036,93.93991746977173,9.326598442728347,27.74948702860314,1,0.05393440076579147,0.0,fall
1.9078259097657735,1.1554563024452786,3.4067676663329847,81.80018107664004,3.76275714768898,13.900964601631307,35,0.9992385469358405,1.2135484426032264,wandering
3.7235201474021986,2.2969174835301858,5.57355491069994,120.3451742010424,18.775548316478854,23.207088021928847,18,0.3388051596965167,0.046918129633829964,distress
0.9822267294843522,0.0740997383503041,1.3979002418665356,70.5010840572091,1.5475228039809246,1.3806680101207305,1,0.0262318350422186,0.0,normal
1.5358471429850187,4.239083708466728,19.24897536892184,102.78736927407375,7.328654165840009,21.769735947745424,3,0.04747204457732867,0.0,fall
1.8783131176604475,0.9282887764760389,3.255041009673027,81.57439635996495,2.350839937353989,11.137134286548182,33,0.9537000908820767,1.2387491676635265,wandering
2.6570201832049416,2.089689778403385,7.439458553551416,106.55747034720271,13.933316321931343,29.227499578109853,12,0.5461079847249696,0.3478485621131319,distress
1.0094528214444227,0.08137467090120949,1.4746148332890954,71.91958249903078,2.904878767228944,1.26839975176524,3,0.10863114898622424,0.0,normal
2.8240600264721794,5.6097650514304345,16.652326598401675,102.16905263614282,8.664471636053118,29.514537669102978,2,0.08504960531348262,0.0,fall
1.4617886211462252,1.1985855248317043,3.708775716878565,86.46789039406517,3.537762378020081,10.63950048356975,54,0.840353257319885,1.2774860129203378,wandering
3.6382174874227706,4.260564741921607,6.7624209090858045,101.29197408676642,10.389298193824644,29.783669863817188,8,0.6692238418758022,0.32920214322798363,distress
0.9620022602251007,0.0638947970913424,1.3118467701158651,72.34526694212343,1.656825665877512,-1.2653641394822577,8,0.1036153328969946,0.0,normal
2.1676186927486567,3.0073675120711165,15.369073750666585,99.34168982308407,13.16711667047217,26.049395119968885,1,0.054112088954179974,0.0,fall
1.2900127702335042,0.7541000526715167,2.2898660619697675,81.43389977175546,3.087011547778366,8.57329915960991,54,0.9703998170504193,1.084135239980025,wandering
2.521350917824299,2.539569683334218,6.182979279887038,103.64790315424521,21.95488830839779,29.485223961226097,6,0.30299718021746275,0.009448890664727483,distress
0.939748097962977,0.18302549249771277,1.487461409305333,70.82910271920652,2.280187687608141,1.0442733776724746,8,0.14442456783342691,0.0,normal
2.115949683267904,4.4190692053854175,17.443158598268745,100.44050568253877,10.054441717382261,23.90712063992761,1,0.07226675448232582,0.0,fall
1.5261206073037688,0.8011126274511823,3.409819945748264,88.02232624447998,4.3514786536553105,6.174889702463116,54,0.901452375634219,1.0219965407903064,wandering
3.833615159567211,4.3111729807635015,7.111817279316977,100.91353756533546,12.178749480517173,22.939697305419603,18,0.4393141055965217,0.33236572611327625,distress
0.9743430020684085,0.17118348678356737,1.1704726355742667,71.02609302958672,2.229522602664775,1.160003745462416,5,0.13950950192711392,0.0,normal
1.6106330311380255,5.448722371920802,23.033524489286634,96.1689495353629,12.05382131010885,24.06279666905826,1,0.03796661857200504,0.0,fall
1.5514981095826939,0.6998402191417595,3.0367070432487795,88.14252737971354,2.0344698389164657,7.0981755717603034,40,0.8342785964139556,1.257119914262054,wandering
2.99507873147023,4.19467023715832,6.167237923511458,116.08644346020913,11.640429361971524,44.44107249552489,15,0.6694179817423683,0.40573682453412,distress
1.0133206432362512,0.17475786746867678,1.0413381910835136,74.63757798494382,1.660112908239498,1.1426976821006778,8,0.02473454249018994,0.0,normal
2.872933420628498,5.3937735987734055,20.317762354275096,85.16182065759533,12.990930489033698,20.84527770489702,1,0.04028514370855504,0.0,fall
1.9946279665218662,0.7555071601544134,3.2459560457061905,94.83203641234002,3.848230989147081,10.706181522965982,36,0.8666311442635892,1.0225348786050392,wandering
3.6072983921940702,3.0132561247998764,8.538511370907942,115.05989055253625,14.238075255827992,21.36905069820146,6,0.5687643196133192,0.31219834619533987,distress
0.9569927099942866,0.10916365106507074,1.334204267861422,75.3511036261633,1.5794078470194448,1.0120578803046625,8,0.020194083409491803,0.0,normal
2.569228314804711,5.129168496461643,22.191752128299463,99.9474341309135,13.974307277792084,20.113887631673634,0,0.07204782626630465,0.0,fall
1.9974663188355788,1.0102349792852348,2.4774069347042156,80.0487269513569,2.885772101220239,5.053970581556419,49,0.9639547549914227,1.4616479916423062,wandering
3.3761498429514756,4.831971568236699,6.286158456335803,111.23847751122977,19.942318969913394,37.13296630361582,6,0.6237113424531473,0.2728050184961839,distress
0.9203929100933993,0.20755709806219386,1.404550076371625,68.83000237859322,1.2388890420525671,-1.4838810310051112,2,0.06285986732934944,0.0,normal
1.8431977938658863,4.234751295718851,21.81146678266876,97.16728411043707,14.647597173667169,27.371023310794257,0,0.05654150919810692,0.0,fall
1.4173244052836365,1.4651447275023757,3.7940558403647637,89.79265866110941,3.0393276434800245,9.749275080704244,57,0.8936814345018389,1.468832288037541,wandering
2.746714776984623,2.2165159000459695,5.2529779973488235,100.10194640790029,17.5955180788363,37.02701084833258,15,0.5765426182158611,0.2841141401463798,distress
1.0246741868596034,0.09760197309304296,1.1824710052325056,72.74360187651685,1.2110488917608264,0.16885969021476877,3,0.058142009654113536,0.0,normal
1.854406788208522,5.221812304798167,21.738452566660428,95.94482577638128,14.928080839890642,33.570072819919844,4,0.0768178855030358,0.0,fall
1.5585335164918313,0.7864190830924139,3.9515773439533426,86.38398226146215,4.751070600169577,13.470119214119105,47,0.983873320205543,1.4107324966851027,wandering
3.7214908887231175,4.7625748336757,8.076034160739399,105.40480558526275,11.242227661706949,42.27089188161161,13,0.5651949234896355,0.22694976678409967,distress
1.0944810376047547,0.16743888342347363,1.4356339414653227,68.20556333169053,1.085563067772303,1.9015943762622989,1,0.07454162959228328,0.0,normal
1.9091999985060522,3.6084939189047294,17.105338803451613,109.90829192926893,6.017850481492898,24.308622158617062,0,0.0938559286066739,0.0,fall
1.988591284414323,0.692358053639527,3.6246541992375505,93.31456696823906,2.0256811696601615,6.0798830667514,34,0.9422406850367935,1.2760685821698141,wandering
2.8547836885680757,2.4133260368762866,6.73148313483063,115.96912716124675,23.21562271223084,34.331349660900756,12,0.6853880605303537,0.13128000685240215,distress
1.0483878407610834,0.18588439465922213,1.1535151620044124,71.22299412308513,2.7630220621227353,1.2147062195675868,9,0.05574621950523484,0.0,normal
1.7196727920749122,4.129469439361243,22.840812251820516,93.8368732423564,7.943397383536082,29.08889391832296,0,0.0013312126558221672,0.0,fall
1.301411137510497,1.4089601730959078,3.1900410419908494,92.51121144778867,2.0994070583469298,6.773412280952151,50,0.9649170215732361,1.4211385836879853,wandering
2.0601196665934367,3.10368270913606,5.716299426813725,128.81036034718895,16.08844374559892,36.253933857790756,14,0.43188699002529807,0.4673745111693672,distress
0.9335735776519137,0.05362848603722077,1.383901525449752,69.29983233819384,1.071597983385813,-0.6518044711764821,3,0.07366588182336978,0.0,normal
2.0435265183401747,3.5414101924710364,24.42585214085661,89.21058171311155,11.68952406532301,24.788374403053442,1,0.06934214757170391,0.0,fall
1.2145026592023032,1.4667316060518032,2.9389304787934636,87.63042264193149,2.6680699919754223,9.3360162291028,34,0.8567615446759191,1.376007855201672,wandering
2.3275997254743777,3.8239325971670026,5.931840205984779,108.39484118581382,13.316046002776762,19.3957531776252,10,0.6256934229824704,0.23324170168464503,distress
0.995358517256823,0.16430036699019207,1.4399471317489363,69.08913268535566,2.7742404426218013,-1.9553946655180656,4,0.08262802795176352,0.0,normal
1.8770018325708686,3.220320867197895,17.585454107263683,99.96661715103939,10.138660272345863,24.85353827507131,1,0.05067568362570604,0.0,fall
1.548141998657221,0.8710878824456827,2.3911706386696006,91.91595537221733,4.321701879700316,14.100662966000158,43,0.9206779840896059,1.436453976784342,wandering
3.280001294633715,3.2567829677744147,7.106893117839296,100.11105673814981,11.277842067529523,41.6037058761262,10,0.4899745566015209,0.13484615151559876,distress
0.9693451078902415,0.12083921880555216,1.3322950855880156,69.23201178935669,2.434128369130849,-0.6684819524672476,8,0.0975509537009232,0.0,normal
2.550162153275131,4.587307726768188,22.755441446875217,86.89973961018207,7.3908717423410835,25.049098987298798,4,0.07271233738969068,0.0,fall
1.8222773450602223,1.0726502941885203,3.3273254218738524,83.31740535536503,3.93856367658001,10.737174079556867,40,0.8087602037223482,1.446738462208191,wandering
2.6443598597075497,3.5829255970223675,6.232311448446483,108.18213716797075,21.504172786448724,20.912394497777743,8,0.4129350995793079,0.21981010055260264,distress
1.0654411357825473,0.23251383977886664,1.3516825081719517,76.98603753091433,2.827331966886279,-1.6523829551150993,0,0.17408536297363533,0.0,normal
2.0704036896734284,3.999563057477032,18.954558204910242,89.63850913167761,8.530542138753354,33.16772615371194,0,0.02050410614353918,0.0,fall
1.8084440792651295,1.1917434217706537,3.127290662663722,91.62363929775869,5.252430503392905,13.573142962077153,35,0.8204314190001311,1.0930667032648114,wandering
2.9995536967131278,3.8064276117554803,7.160171767947553,113.86058220787544,22.88749648879167,26.041609182946736,10,0.41846232574847614,0.1539760097644115,distress
1.0102659480083087,0.25190954960472134,1.0403527849644978,74.46718662388263,2.5789878210951906,1.9263501500548013,3,0.06439793685684443,0.0,normal
1.525105574410918,4.665977176071294,19.400890467572765,98.27553889778744,10.024292264691553,31.248181464916676,2,0.07821727296656718,0.0,fall
1.4400665345923078,1.1946099049620722,3.487112611031196,90.84880370631339,5.944842779102516,12.716487856705015,32,0.9690463809500316,1.1685484498394494,wandering
3.062499256860256,3.8773693722088862,5.469953735209759,102.21885071554826,14.784468803206856,32.30679700792581,16,0.6344942027144935,0.49183863541954304,distress
0.9698575200813863,0.26899045641123226,1.1913356521920824,68.9361548889389,2.4100591222169623,0.474876445217395,8,0.18511497269397248,0.0,normal
1.956787505263176,3.075556863258905,15.724606786709442,92.90203455362594,14.858026956986798,34.696335045123,3,0.06661571854190379,0.0,fall
1.4103738530299872,1.3054326420900448,2.0082838095859072,86.1257306036397,2.337641111405102,5.17795881883063,48,0.869983380081712,1.2995844689947833,wandering
3.3018255962031837,3.655089628287279,6.491431142858467,121.46069963881101,24.52719514622185,25.7982894113364,5,0.44722434991960275,0.4919757788461858,distress
0.9546795978645441,0.1769659352544945,1.4454701028316714,68.33498211983925,2.9957783441165713,0.5836295779212364,5,0.06176740987941394,0.0,normal
2.0602111985183367,4.81364691964332,15.551876028928778,98.93875361239733,7.928072940322908,23.274646407826804,1,0.06174991148407053,0.0,fall
1.8750355854859881,0.8122392761803202,3.079310624433883,86.83813618863559,4.298064783535996,8.526096011529809,44,0.913532264737123,1.0188785554398165,wandering
3.8201769335593876,3.060227797169001,8.268865085120368,118.61911669763515,22.583696626030125,32.902366735954715,19,0.4873595966678999,0.22336892310914824,distress
1.0413839061236148,0.06782141537075696,1.2428134371858626,76.43777929811127,1.790315658173625,1.4264388870902494,3,0.16136178249719582,0.0,normal
1.958526719832631,5.544076222700611,15.813340172687084,93.32337910161243,8.690013115924788,24.446993416656277,1,0.044842466611494186,0.0,fall
1.7852882190096189,1.0325901260966277,2.968438329046485,81.26846409120792,5.295701887400821,6.750423036794809,47,0.8045552951134656,1.0311195223117677,wandering
3.7452251778858736,4.726912431421518,6.898588818177137,109.39431325373718,18.31019479151266,30.944577084797235,16,0.6637580362926166,0.39025485323103093,distress
1.0202713242545973,0.1502665452336237,1.4029765112155528,69.22289292583162,2.2673661161713783,0.671016320165962,4,0.11704819144244352,0.0,normal
2.4567781563509534,5.078523342603049,24.540735671080107,94.18619145232363,13.27460005318508,20.329092339454892,0,0.05845728264347686,0.0,fall
1.672766598292703,0.8542867032550249,3.3315287350497993,81.05753958374245,5.151720871932627,13.653969798696668,33,0.856554244381658,1.4312905520780224,wandering
2.126613254786279,4.00236368836471,8.632013312967747,116.52072339133429,15.207759074504793,26.62830297026229,8,0.42356735149350766,0.0442687897475913,distress
0.9110339479861416,0.24133150099739648,1.0359524913949916,75.71310499044434,2.0926467203697374,-1.2045356591047014,8,0.11898014273765899,0.0,normal
1.8635219570071357,5.902716296578831,21.413059654885636,98.87512118779244,9.156948428485036,22.892492937547814,2,0.07972015648556902,0.0,fall
1.6540447638120115,1.3456201098810336,3.651580802010464,85.14490303874416,4.282446705677555,11.010460990986587,45,0.8106219196399581,1.2041639669933792,wandering
2.0494847326213934,4.962233133290945,9.000541780316905,107.75070023308544,13.549046200200145,33.66548840426273,11,0.32253449339874685,0.2761112807639955,distress
1.028139404258376,0.10325798945024169,1.0455103780402102,70.19179863518222,1.1328171446898516,0.5209611491123876,6,0.07331932051332042,0.0,normal
1.5735828390606668,4.642306845029049,22.23648357841941,86.70316098624008,5.948997348407951,22.850238321419198,0,0.041643551326332476,0.0,fall
1.26961968284794,1.2325216625886788,3.081015823257633,86.26160143719872,2.2851545458441924,7.232835119000196,34,0.9561692948545394,1.2198622335152234,wandering
3.5416363903586294,2.3580314305194263,5.566537137898727,121.87593836735024,13.286410697465222,42.01959658869822,13,0.3300225390713553,0.29658760015103164,distress
1.0573215396929616,0.08844308720688272,1.2362664205389895,70.99543765092334,1.8466246088258256,-0.5617016691927867,6,0.13303284491939565,0.0,normal
2.4082533717613672,3.2334637146879075,16.081734314919466,107.42185979002254,11.949547449805179,23.34135984506766,3,0.07037436812140337,0.0,fall
1.41614518364363,0.7640495836177617,2.64856172546044,88.27102890953915,4.944326268685839,7.634543290843291,40,0.9692161104709471,1.4041656708763681,wandering
2.1255208953536906,4.384250712417533,8.351524257743886,125.82677962530312,23.116937596835825,34.96997626215669,8,0.37340178782109024,0.03587666288442387,distress
1.0190756847908204,0.07786997363246546,1.3493223801145264,70.26650151084091,2.7914725649674947,-0.48386935112800433,6,0.004145041511068293,0.0,normal
2.5250223269325365,5.751829767000109,21.619974302590634,103.68121956671656,13.514400800480859,25.964854430217787,3,0.0241339171360595,0.0,fall
1.730997867130561,0.8441981999679601,3.574186475491774,88.02148790940039,3.4452507869340683,13.274895485441894,33,0.8906271053884773,1.1548848505993754,wandering
3.3667517223834653,3.5584074449499576,9.504140131532473,114.29209007319281,11.16063716785427,31.494267051179776,14,0.6393785815786582,0.21947530209719257,distress
1.0238759182066925,0.1801406122047018,1.372262968225904,72.60208278243257,2.638438317290478,-0.3825812538814568,6,0.11021651595484894,0.0,normal
2.2322957732673157,4.745362876069418,22.823905366039472,102.10471508045916,6.569425024665154,26.963897271469378,1,0.007370123743329915,0.0,fall
1.5058859934815703,0.975378272911896,2.6311392925459396,85.39686579359838,2.4336631158794146,10.607432634357489,57,0.9904231808775145,1.2836032407942606,wandering
3.6063894638321004,4.592533551802945,7.8246784449183595,111.42051486468,23.374665689962356,16.848330140810752,5,0.3895121645933706,0.4415000035236892,distress
1.0411581744933824,0.2495589893413318,1.1194968757375132,74.65077877120594,2.7050265176438213,-0.5064056265250696,6,0.04490021890821177,0.0,normal
2.687421091624128,4.897109449812838,17.850356126369007,103.60081926503138,6.314154918717321,29.724116563540388,1,0.06146375778217328,0.0,fall
1.8876257485964394,1.1596877791224767,2.4992224217726227,82.83445696960355,5.174891542763502,11.150648925861818,49,0.8335384536881557,1.0022480575563217,wandering
3.59661240235548,4.921694717176516,8.95263475065995,104.44138423319885,17.47983547842054,39.08502686725603,8,0.5730890483602444,0.4104840359397656,distress
1.0444369187055966,0.23127719840107203,1.0505503888236105,67.45300211070564,1.0784748024904354,1.5620181449503616,9,0.08828375655303222,0.0,normal
2.908764567470251,5.3750856205614905,24.53025296670493,109.44183931594732,8.40481389844686,32.58503476757969,1,0.03589021254804623,0.0,fall
1.5559912973631982,0.7467981834018852,3.2720489934045602,88.40003863073898,5.273084678422171,6.849521045327536,47,0.9768441405682441,1.333165534547111,wandering
2.4398344666126137,4.320929678271192,8.382414830634588,101.44798361802594,17.407406351991295,42.415997972072276,17,0.3500707710006256,0.018413316273093505,distress
0.9724987397980817,0.1706187960890479,1.367259676093921,76.37202205322204,1.6343123935676995,-0.6671365055961709,6,0.09425164598377851,0.0,normal
2.7264928370939776,4.523531097278455,15.276487894946873,86.24296605074395,10.762902457245968,23.940598890596753,4,0.06137130857454751,0.0,fall
1.5805660765189982,0.7447177460747089,2.1880845953207846,94.50604367161175,4.994808992707942,6.565165918577134,47,0.8045564250289843,1.202450246889932,wandering
2.7612800728493507,4.449625610469548,9.579411448257947,101.25200962065591,19.059031283854118,39.623075636315036,5,0.6877872712279309,0.0016798165289625966,distress
1.090421445493614,0.18698557641800112,1.001268155082838,70.29169942242739,1.6030469806979566,-1.4985331589064113,0,0.027104359221434504,0.0,normal
2.409888954635254,5.363389431859044,17.30384629443196,99.51612301691061,13.997911117597972,32.713851807706305,4,0.08743752948492228,0.0,fall
1.5646617623206378,0.7807828234967622,3.0236655517274977,84.50141079168797,2.7889068664096723,14.645505739917931,45,0.9008146561709608,1.298799941916379,wandering
2.8896502356852576,4.21429384566389,8.07736905767044,104.62056899360624,11.084232980050956,31.123466440325895,13,0.48452669795168446,0.1993674257000257,distress
1.0931365316079222,0.20958627977118116,1.3434085115768133,70.05739626963121,1.2710757915034832,0.790194783232474,2,0.15196597229085432,0.0,normal
2.979723437614446,4.704704467389349,23.974795027747135,95.24126331840728,10.070206114460772,33.424813709113174,4,0.041065033865694614,0.0,fall
1.8379494523489979,0.6507289641445759,2.821676245221602,85.49042794349324,3.086471843154137,10.874740849176211,56,0.8367414853522158,1.1974675622096593,wandering
3.9543661341374836,4.326094272768094,7.531151746272602,124.60097565379948,10.555872419077236,18.895553155646127,18,0.6158474742163981,0.4660090594641919,distress
1.0808599823104372,0.26442890479835157,1.3401460971286332,69.60175356567484,2.141797343053672,0.775016301274714,4,0.06426764840907451,0.0,normal
2.889503858345592,5.496816568835174,19.940847978615576,90.26815952424049,8.484348125549744,34.89350496369863,2,0.031400680869856305,0.0,fall
1.454125124972689,1.3746927215658566,2.9079780138454305,93.98769480081833,4.924303004943662,5.516645946460331,41,0.8578144570406365,1.4949946958740505,wandering
3.560374031490255,4.899559581701924,7.663885588022888,103.90529455641737,13.70920707703222,23.808167074157396,5,0.6080916776631706,0.07222658189305736,distress
1.008379806730522,0.22852412618654933,1.4557576827903886,69.05163093128067,1.008572371455697,-1.1519087165959636,1,0.10219889458043858,0.0,normal
2.651581698120926,5.797374009504763,18.478313076382207,94.6453767598663,13.44979232102654,34.97526911832464,4,0.08854502941228604,0.0,fall
1.3124586856321205,0.7759827405432582,2.992487493396677,90.98600349301378,4.936388415249887,14.814888885128424,31,0.8978164338746277,1.2198989219864123,wandering
3.355641208517726,3.384643713550596,6.153975993859387,122.85732941320937,14.259824289829073,17.06134047084584,9,0.3901591406155913,0.1922022587544025,distress
1.0574556361917007,0.11666294725722716,1.486811928678188,73.21697571981494,2.8492247551440535,0.06989484375026755,7,0.08468300453864429,0.0,normal
2.8172565036977346,3.66969807724925,16.77012249283419,99.92825624906298,9.953777995061227,24.917273404128412,3,0.043334554304645445,0.0,fall
1.891004434245859,0.7362845040809181,3.8266357275816008,86.29359447696737,4.1873749793645025,7.538054744543075,41,0.872814704584562,1.0208323762241769,wandering
3.8530476218394623,2.36421966881693,5.106232419705119,119.00693965595596,10.12059630978241,42.80620892979274,14,0.30440200054005095,0.14380452624557977,distress
0.966292534336889,0.12629854782709043,1.2654383001819671,72.138694521535,2.3617356505636513,0.22029884493490437,4,0.15092207257964704,0.0,normal
2.584950625280837,3.381946966380274,21.54526153724624,88.29984253498938,5.357216018160979,32.319129351771686,2,0.09177023416485645,0.0,fall
1.6791634454538966,0.6456699702250456,2.4035819879396714,87.50141623148926,4.870538230770114,13.33268068874924,55,0.9547204374978104,1.3330603927056996,wandering
2.7441157875258146,4.319893408892653,6.457309411433375,123.1243021412424,14.338908955131988,30.1970170798608,11,0.33003599840223696,0.0812096012128583,distress
1.0382566974910543,0.1915880102426203,1.357744321398513,69.16479277679744,2.043636308506886,-0.1600024177680388,7,0.15160824965770536,0.0,normal
2.3671837810685723,4.729778974008806,15.257213082710086,94.66750391335496,8.297651766905572,26.973790671270766,0,0.04287036024637271,0.0,fall
1.9577985155435944,1.1898164760823047,3.1094078726908343,87.82311603645991,3.5487525844823447,11.184335680809596,52,0.8079620987783097,1.2669398921815436,wandering
2.5581406263940165,3.944415269911933,8.630765737230075,104.86330992044009,12.621178425636558,29.650821384672284,16,0.3848494648843364,0.05629762027752078,distress
1.0927839940763169,0.13196983657485722,1.1474310968559938,76.52777855400419,2.6323751224828813,-1.202081343487225,4,0.07411829536131889,0.0,normal
2.4300175743470347,4.79818328569215,22.10480058403261,92.62232763771075,12.514780459034721,34.5743828528438,4,0.04023064083464975,0.0,fall
1.971982182065493,0.6610110921498257,2.5526531160110317,89.77301621639256,5.857539939739315,14.381488637291103,32,0.8049803328077366,1.212169838617212,wandering
2.678150921098445,3.7777745860063883,6.176232761113381,123.45291374754899,23.702033353291746,40.331351234359204,10,0.5858504802887694,0.07790787166512225,distress
1.013890055794563,0.20680852479364764,1.4148878668825198,72.63387469224801,2.1186507261279255,0.49609634055582763,4,0.15418189514794986,0.0,normal
1.5146011675127669,3.9662102363180867,16.606762392764555,87.9709008106646,9.600639141483876,31.310413984656158,0,0.015504989369133915,0.0,fall
1.9601953139311838,0.8192499431056062,2.8232995729156207,83.37082669310206,4.010615333846708,14.803630253494253,59,0.9883038934696675,1.1070561614087375,wandering
2.6308442409290604,4.032162120831527,9.287983877864985,111.74588638504049,20.85456866222308,17.811173833319124,9,0.6667427443916073,0.2928262323140267,distress
1.0843185503724437,0.1220230082757597,1.2943522953700395,69.45887232405276,1.0495405679302428,-1.2119555546260674,4,0.04130098314805511,0.0,normal
2.2691953379756615,5.085666713662293,19.91611604070806,102.1194528046021,5.529419891133678,21.13074471578558,0,0.058081926003042045,0.0,fall
1.2991508581473201,1.3772955553039834,3.3013037961437313,83.35313049468616,4.238335889259311,14.454728903907274,53,0.8375545153335484,1.3128456995243574,wandering
3.735041345473631,4.667530870921531,5.150556202941085,104.00745553077316,15.465713151586666,38.9409090657914,14,0.6878967704816704,0.1242887520976717,distress
1.0239099045084945,0.2687671795433118,1.350594021957307,69.12937487253541,2.3767240599810933,-1.1894532487483809,2,0.09871228118191411,0.0,normal
1.5993178888778319,5.3567000443901875,17.86297660462524,93.26818679321201,12.549691651774266,34.73261111649006,3,0.0024483528768835753,0.0,fall
1.7401667568838675,0.6089375628254359,2.7977663235883794,91.28703086353644,2.824843774372798,5.006178157733572,45,0.9049134967330704,1.4365515861091842,wandering
2.7364539218542285,4.021427611062248,9.943093857072078,115.82186625267276,14.674161669751271,33.751143979746,18,0.34201531414265784,0.11344562899369953,distress
1.005899401114,0.23230659923046643,1.207791129562995,72.1208891015448,1.6765401636185808,1.4162585529939546,4,0.004203759268731355,0.0,normal
1.9226321025539823,4.546529195947464,21.247807974001624,109.27366855376543,10.970467353000418,21.728633096218037,1,0.0231749182753653,0.0,fall
1.7924543151241021,1.0079246746112283,2.2146872342715342,80.03838567156116,4.061113702005387,8.57675130224143,32,0.8678852377977414,1.1033999153827678,wandering
3.2190666374944574,4.537509856514756,6.920242494699339,129.1430479737018,21.160229021652555,32.8100895190406,13,0.5860589936381626,0.20871333483842586,distress
0.9107110758205843,0.24046506656896216,1.492627701810183,74.40008932069736,1.7188097530434934,-0.3734070594813401,6,0.16767804489966637,0.0,normal
2.4379376074642938,4.551140148240613,21.557815740466495,96.6503395358516,5.526462696137237,20.097902631602153,2,0.053330724839787874,0.0,fall
1.7655060620006586,0.6187496000440529,3.0969246269577324,84.88232251634209,3.1532424254359044,14.230101751994777,32,0.8279126417015059,1.2413059775148292,wandering
2.200774801734047,3.7705739326526517,8.542346448418346,127.43762765199688,19.71540435860978,33.37707170879017,5,0.4284126570792835,0.4017436843115778,distress
1.0626771734964529,0.12000723739136014,1.4981689968177356,76.52075487788335,2.034747186783335,-1.876069666170174,3,0.04856212555911841,0.0,normal
2.127252416701552,4.680687066816986,15.752782239584418,90.11824183704384,14.395406632420187,30.374013191238305,3,0.020848441853957157,0.0,fall
1.2303662797039594,1.114831146976593,3.6309402656657555,82.26587140642502,2.2689764089963265,13.495071076763145,42,0.8608004786279397,1.2161716370206674,wandering
2.242747908354249,2.9840027191664205,7.309963930687466,100.16287642738584,22.002998545686246,33.36508232972862,19,0.4801800454862038,0.19335667750250335,distress
1.0434630138319692,0.28305377107042945,1.1102343470014073,75.98098335907505,2.916742782773127,-1.0743777205611038,8,0.17022218555732058,0.0,normal
1.5285913919956542,4.312470306819865,21.652010934804892,96.11836884492004,10.26739510261156,23.83019635717948,4,0.02670667421797375,0.0,fall
1.771626008557237,1.2312256830682597,2.7948054991882794,85.82936532113524,2.797196968128416,7.347448347104326,46,0.9136186619722418,1.044654187970051,wandering
2.0006733299004167,2.887795049803561,5.5184404780548215,115.98218971500629,18.341733441122784,25.926586064605367,7,0.611876011440005,0.10208101799046382,distress
0.9815649584692575,0.05684004414573536,1.386615353258156,69.9348248358545,2.0872717167093313,-0.45956401797705837,8,0.1426113821817714,0.0,normal
1.826518012407672,5.365294384519569,15.96638716491953,103.38640380062988,10.480087558576065,28.112806799159518,4,0.05947624087833108,0.0,fall
1.5658580410149128,1.3972684009055336,2.035551701095515,93.97475520517634,4.716852903016381,13.148574071690012,40,0.9179432789336566,1.3063222710706914,wandering
2.2558755148910183,4.896547188485077,8.225871408226705,125.32756831224388,16.51497852296514,42.522304115916334,18,0.4865851271293713,0.17495051531317896,distress
1.063984719893062,0.06134599042349541,1.0607398743619458,68.67414872306784,2.697348805264361,-0.05915273314502523,8,0.036308626365999255,0.0,normal
1.8798034013983882,4.381656080522592,19.34408813957637,93.551464438979,7.92924071773678,34.10164800769975,3,0.07071794992853454,0.0,fall
1.3076850742675896,0.7553961124189533,3.248274291886581,82.67473188402744,5.87016740514558,5.909054402691982,47,0.8960033696257503,1.3511254442357614,wandering
2.3661902112400117,3.3064787694479776,6.44022906499271,113.4036110958102,17.026246419798273,40.00033340210618,16,0.6323857888930755,0.3953523139493933,distress
0.9487498996836697,0.25208378655587244,1.131353541683499,68.0278425763408,1.409328695462192,1.3922120485746214,6,0.013481962653699477,0.0,normal
1.6801339231503947,5.26545808404507,23.32155025825581,107.18326006790716,10.502494955735884,31.97062453671147,2,0.0020161398943051023,0.0,fall
1.6871687176614047,0.8605141802734669,3.303837929108333,86.2338526923423,5.1670067309248715,6.545547385536084,48,0.8152825473809691,1.2618742892828516,wandering
2.1459785596160197,3.9029524127103903,6.7349206227588425,118.84948043825145,12.650138233210575,17.06969606340503,10,0.5352192775529585,0.13916072028303855,distress
1.0440495531770542,0.09635007864099047,1.3874950394494467,69.45090532694641,2.105302381667225,1.6806290787461982,1,0.11138303557781898,0.0,normal
2.139198919292518,5.784351475239697,22.252069853943315,100.57908713886356,8.45073339558363,33.39819251383262,4,0.09807955771596814,0.0,fall
1.3527813075162542,0.6596278984081008,3.1718309346591287,80.01119257163796,2.404023781052912,12.201294313743194,34,0.9091584591205711,1.3095045074313667,wandering
2.2988524181028667,4.42768744016195,5.719625619318648,123.26379611108598,23.775526365173096,32.604868690036,17,0.56618824275964,0.44921927562061426,distress
0.9829733975513651,0.29974688468598026,1.0444258634085797,75.80228063948138,1.8709268802846712,1.6185906392555394,3,0.07854437665156716,0.0,normal
2.561373847847596,3.7771199499361936,24.627562830569495,88.47621911765006,10.44693104399142,26.787216304499132,3,0.08462000263715547,0.0,fall
1.9662064110215747,1.346422300974306,2.034551269856183,89.98875357743097,2.016948557193894,7.193136308109118,55,0.9818777650600987,1.0418664539689877,wandering
3.429817549912144,3.9917717110129485,5.41793511389988,107.12928390684017,15.557619743087445,41.551033800115775,10,0.6980691271438462,0.13947832565811802,distress
0.9494143074879413,0.1255913336869322,1.3512394512913057,67.55206343512786,2.3714268109492362,1.4049598271507642,6,0.0343499345723574,0.0,normal
1.8090710838974946,4.8494882313003265,22.18869938311352,104.30842548737596,14.793069503637991,34.77614799946294,3,0.09220510033022661,0.0,fall
1.5953393865886447,0.968696175308113,2.3001496502048653,87.28011371410241,3.915634817086144,5.676912880236724,45,0.8910242751638657,1.0633989397313337,wandering
2.3048422168265077,4.066706001283083,9.013727965817772,115.52260473747589,19.208943213128023,23.902260663562842,11,0.5107175988091319,0.2893321705687383,distress
1.0528843788964208,0.2727861397577187,1.1227892866260123,70.78076400613011,2.299914734355346,-0.6096319022570502,0,0.0285174392960047,0.0,normal
2.9981755153282337,3.753695223024213,18.902647667292975,107.7225339889265,6.545519030099194,34.12813964406168,0,0.07497588512354768,0.0,fall
1.549547448340781,1.3134074321957345,3.6118555946625586,90.83758879550489,5.997677355076512,14.560207286487772,58,0.9332621048863103,1.1321224346919714,wandering
2.315863022363043,2.8722423874104193,5.22303935336784,119.07231287897599,16.54492871313832,37.387137422698714,13,0.5032649009579022,0.02775244151280276,distress
0.9303418865557527,0.17643505025312106,1.1494766472996998,73.2093597257961,2.9305601110926727,-1.9218731003741611,6,0.08908490152080473,0.0,normal
2.931468148582126,3.807477150963064,23.393509240500883,99.81785252894483,6.203184434296816,29.310910096245717,3,0.09624784651567336,0.0,fall
1.883178925531186,0.7788837589367623,2.3447084103625233,83.66867685083584,5.100708841613258,10.352819467252429,36,0.9794627788933196,1.318278245075868,wandering
3.722719061335657,4.916889199226663,6.682199146232794,104.47984091443028,13.606972271906416,35.33512249070205,17,0.6056067223555884,0.3889964305962401,distress
0.9981608593985265,0.21567329067319596,1.414719164450895,75.52725240183169,2.3080333715015424,-1.361460798620464,1,0.10688071612981116,0.0,normal
2.370267017281165,5.46683674744006,23.386854083059696,98.7209974814896,13.261442171694341,32.85718164870833,3,0.024017817158447488,0.0,fall
1.3254557106757552,1.4826093310230894,3.804685366975673,85.97063758753782,4.0532368962749405,14.824073818915126,34,0.8398700218203914,1.4770963386245186,wandering
2.4259259654866794,2.263339754259321,6.7297626608097785,116.96860443608469,20.43306335086188,39.85812082394412,12,0.3384914081402448,0.22289556808182853,distress
0.9784993561876545,0.08864347215776104,1.4850482846171387,67.86934790424526,1.5010300925525866,-1.0467064612852823,5,0.039940667733664385,0.0,normal
2.042273561741989,5.383131021314176,16.863669166034,107.76577990422082,8.044437011561964,20.91554181716214,0,0.06488333638671773,0.0,fall
1.8780163764103035,1.3546030906514888,3.575378608703325,82.71075990107536,3.2967332008119303,8.241658086210144,38,0.8833552131811077,1.0215065506727479,wandering
3.184869893697865,2.3160393952433855,5.913372789984336,113.11589420437609,20.985408045623508,25.10729486556412,5,0.494537723509508,0.020424595763995967,distress
0.9732463208360167,0.061633575214633654,1.1781847651754116,75.10176873292754,2.6466449851881126,-1.970936744163439,2,0.07413677360451956,0.0,normal
2.8810131301666653,5.588109080391228,22.33538083155359,96.98341458951077,6.541869312691324,29.663179353033982,3,0.02066000299342652,0.0,fall
1.4748976122597246,0.6854665186510095,2.3604772057121863,90.56185916627358,3.760946491032732,10.036024588293285,36,0.87229799960545,1.0902292364332813,wandering
2.892177406649689,2.0034988978340924,9.237773185126404,103.93404956751084,20.107792743707368,34.82013738542254,13,0.6799729635258633,0.46690790329097837,distress
1.049599558182988,0.25467842140484875,1.2340634477010646,67.31111642202085,2.4423355720868196,-0.37302139870763673,2,0.08431014581607106,0.0,normal
2.819893512577887,4.749378624352121,16.79419276964862,106.50805579030009,8.621547475555037,31.225821595217532,2,0.07077662188094751,0.0,fall
1.4252651267068341,0.7281309363814117,2.4420633435634027,88.0876203505234,5.647365843513746,13.052296836703647,32,0.9354974876975702,1.2800599725959845,wandering
3.3046514005185728,4.096635597855248,5.229605475825309,129.5465522347788,17.116004651950412,17.853973340642227,17,0.6884363144045837,0.2075169090509229,distress
0.99563318884314,0.26230722601835493,1.1546635038796846,75.62400230187552,1.5773656668078677,0.8533240165149203,0,0.18734233083939078,0.0,normal
1.911755169846891,3.412644378730421,19.009107139057026,88.01754423285125,11.888434095553897,34.24690214039036,0,0.03869524415827716,0.0,fall
1.3365328432809087,0.9212501881851851,2.3909281459052156,92.03115153542917,4.564942632501936,11.804489880940867,35,0.9817840824462621,1.4700922565364756,wandering
3.19339948693601,3.8549345146728338,5.304686375500145,107.73569547149148,22.566090497731395,42.232113686923356,15,0.4841551715229384,0.2722762470140383,distress
0.9046413439598509,0.12016601824555313,1.2866782686958742,70.09988791713944,1.9148339521097038,-0.29136287304768604,6,0.07138746406024787,0.0,normal
2.8052307498469125,3.435953472775621,22.153455024426222,109.75705839927986,13.047455933343542,24.90964608918492,3,0.07577357579805699,0.0,fall
1.9374481889654462,0.9548620558510249,2.223248223913543,91.81902113525422,2.6719170722400416,12.928473889953104,52,0.8473223275554098,1.4829515866683083,wandering
2.923938680989231,4.634558129055614,6.90455497806928,114.90203995930284,20.81234942782155,43.17280796443795,10,0.6166242033190332,0.12952475286480508,distress
0.9012290810370507,0.216813828155066,1.1968831330603305,68.5242080661062,2.6504945459565965,-1.9712619956737965,2,0.18032381605712003,0.0,normal
1.9647690399984525,5.068506375428096,16.233564262274815,99.31833059965295,12.64613287498107,24.72750040199294,1,0.009706756819717133,0.0,fall
1.361768973674774,0.8400512867672357,2.9307778459970812,89.21793832136623,2.821684925348051,14.558174867574944,54,0.9332725212628123,1.2653347828041361,wandering
3.2817242789175327,4.163027583274453,5.627904410770858,129.89483442941625,14.48261424331628,29.03268931921045,10,0.5826107558137679,0.005728764243019213,distress
0.9617355350258112,0.0762080844145162,1.0194362656727587,68.0637014946187,2.9536181327729807,1.2192392462826835,2,0.121926942395893,0.0,normal
1.6659273241196928,3.0247071268858767,19.435554565993684,101.96796923686017,7.897563758990306,21.257975890226632,1,0.05740247603119997,0.0,fall
1.8199274139857198,1.180347063792866,2.6015851537156145,93.46775792027294,2.7253850831457624,10.829264914135214,47,0.8179288938140622,1.1857835672228116,wandering
2.3634193758899533,4.668401867338549,5.948790372162561,114.61200798891161,23.780188255821766,22.811682352794442,14,0.665729362657018,0.4465573110947453,distress
1.0188711468353626,0.2421327410602202,1.227237871613304,69.77926482380201,1.3378762969480773,-0.2688951140199718,1,0.07435888215070478,0.0,normal
1.548533946843376,5.53562574355947,23.158374514966596,86.1612953746521,11.505518258529783,30.799270623812696,3,0.004277493762793927,0.0,fall
1.65402706094381,0.7674576759352558,2.1537985328592932,80.42453368627729,5.138866654971169,10.044189746483985,43,0.8782524706545184,1.1881997045088615,wandering
2.5176254097156594,3.0527570280457508,6.554842577090592,108.6142509125409,14.032446189182489,28.36045666366841,13,0.5884664027916633,0.04040961364511553,distress
1.0393676346601046,0.09602385808253484,1.3208566093680154,70.03739490229513,1.7541892473214358,0.24575542861265953,3,0.14392719622180158,0.0,normal
2.6361870603064412,4.3747742027687835,16.658582404734418,98.56102021138597,12.546020146974495,32.87355650904574,0,0.07705523001318926,0.0,fall
1.325351705888324,1.2070765556312126,2.1021591008194083,80.06662218913416,3.28234542587756,14.483996683139202,35,0.9513086461171366,1.1444193721786808,wandering
3.467296706063797,3.9255907382318522,9.663713971586105,115.1851948766116,14.680550659724737,43.17893466355764,5,0.40292486678116074,0.2656007890864878,distress
1.0064664372753434,0.177420758824821,1.1187563304628176,73.33127504238217,1.6921017428656975,0.8239397026035,8,0.12209328759811539,0.0,normal
2.0198209153941056,4.375292886293737,22.682318195083838,85.65250615801806,11.988471677944098,32.47535536536305,3,0.05694700372601752,0.0,fall
1.8442629774502877,0.7422379575629777,2.8860269568282346,94.90731194330552,3.7221339973550163,6.658151768031272,43,0.8369733719029891,1.2992785960794093,wandering
3.114951663861536,3.094976501307232,7.363976139670793,127.25075143760753,17.560461247393768,19.705372576996407,5,0.49553332203863354,0.1872783561375862,distress
0.963257430704594,0.2165431090856983,1.0027222154979276,74.13423399510934,2.6997287314556644,0.7668028138675238,8,0.03397578853751102,0.0,normal
2.0916705859798004,4.566409366825571,17.525563526370412,95.18792620614835,7.869271309839691,23.501149077772467,2,0.0940382903236659,0.0,fall
1.4482657652986877,1.2238703408544198,3.966031135506296,87.02411824517294,5.085804539183929,10.332547962751743,50,0.8768272806036993,1.360493126772844,wandering
2.266032391411266,3.691746023220042,9.734842637847041,119.72849807841233,11.45495416421015,35.79148219071227,13,0.5491631564485902,0.1619518739707631,distress
0.9487438203631158,0.26301609907044865,1.0901874080222678,74.48826214622684,1.2721452997936307,1.5590942153613683,2,0.05690570401158066,0.0,normal
1.5637127173637393,3.8803613388848888,19.701423705182528,97.00430637272135,8.59827456495181,30.370624635788445,4,0.03909090694728386,0.0,fall
1.5501976218261153,1.3105411406636818,3.6664311060463124,92.44343895860582,5.696161389163446,9.969149307792273,55,0.8884465535827427,1.427853264418386,wandering
2.626337050833458,3.6344314871545933,6.275848193375431,106.76765074869937,20.927224451993073,42.12735829180046,11,0.44354404856531493,0.49262823033706926,distress
0.916661806849315,0.05131432907947413,1.4523884549804067,76.89809602904315,1.0415482619364913,1.8851894804587155,5,0.020719530421483934,0.0,normal
1.557356028827285,4.3874142258285165,16.50007919957431,92.51877794448056,6.482014501532465,31.113518027226608,3,0.08429145145204897,0.0,fall
1.566146974810701,1.2170478957308863,2.767443809150941,80.64050648734745,2.825058015877381,5.5823645605043755,30,0.9478949242742394,1.0869962276090277,wandering
2.578386454890963,3.222043911837766,8.412482817289934,104.60924316681549,18.042782966240253,17.240015726569762,19,0.6093379584686163,0.2371143266223339,distress
1.058727930514971,0.2109461382101968,1.2516394245118663,69.84707474461219,1.4654899886732415,1.9741203872573405,4,0.16360055386502778,0.0,normal
1.7925774565564803,3.1938501503971835,16.903392260664543,99.64180438771089,13.0162099366292,20.70048141912788,3,0.05952383008624454,0.0,fall
1.7086815456441127,0.8498985526075129,2.5952266260244192,81.2910877549668,4.419610446099922,6.059020525288908,42,0.8635529142727203,1.1683476268156192,wandering
3.925928499884784,4.619742353960876,7.890100257457382,109.91495388444213,20.684172172965784,17.01168984317556,15,0.3530862430528703,0.3838019430911526,distress
1.0132955108797441,0.2464375950630282,1.4633136933357551,67.91354361688946,2.467240473830792,0.738811294169059,6,0.11410191162666661,0.0,normal
2.31966172901144,5.194690776847335,17.781665740388753,87.88832322905051,5.92856543216709,23.442230878440686,4,0.04940215785706525,0.0,fall
1.2042712609351458,0.542513518334743,3.4797681071809246,92.67213315298972,5.519978262554517,10.757732782358955,46,0.8456569073881204,1.2766991077277907,wandering
3.7635870254915407,3.018984374589628,8.859041729451793,103.72741751061646,21.308457989807337,44.41013418834312,5,0.6414472408635383,0.25497136929142805,distress
0.9399635712446475,0.07460703574187728,1.2604145862702443,73.5744928243225,1.5508143367477214,-1.1471706778301907,7,0.1193294699220283,0.0,normal
2.316742015825967,4.591744048732534,21.124538803491927,88.68088183127949,12.397687934806362,23.316979499211282,1,0.06878401100731865,0.0,fall
1.7022361694800556,0.7292487013150671,3.689797432371016,91.93111789187078,3.222064428413916,11.016146650724476,53,0.9415178152408066,1.01796179300621,wandering
2.372959086695685,3.022558060653776,7.354866381351346,115.4938823532711,22.610988377363824,33.49939857707947,6,0.3914119446425747,0.03513741325355757,distress
1.0479746388239604,0.0816479461562203,1.4658565473357557,68.75357264591153,1.2253009707691749,-1.1052912460483726,2,0.03130829262035841,0.0,normal
1.618974559750309,4.249562140509087,23.925938974277194,94.23781400478772,5.9788954731841155,30.312582151887526,3,0.0377543272808802,0.0,fall
1.8400302981424108,1.3828802454163251,3.255053190386991,83.28091478049986,3.366367951358531,7.272378761646974,49,0.9941735018156204,1.390687453046143,wandering
3.5546564273113455,4.803629237429615,8.390748506572816,118.22315018575728,13.960488836554603,22.510039575595066,18,0.51769137871144,0.24135367985370254,distress
0.9442166695810575,0.2084014318978638,1.2298848012279007,73.62085301505304,1.3505745666076914,-0.7615045907175815,7,0.12083226336692816,0.0,normal
2.4860499851652587,4.790636447076825,24.623411771966907,102.73979739300353,7.797017640787813,30.84362135645217,2,0.041653202568527226,0.0,fall
1.5398008445123095,1.4556080052401597,2.951963500575636,88.67115799167655,5.055865090150068,13.276488443192813,30,0.8708742608133774,1.1435176473338093,wandering
3.23428717297588,3.9658720371731686,6.250817610616791,106.59390536894557,24.934380900928154,22.412451101737584,15,0.5939645581913036,0.13037268960512038,distress
1.0326850536501175,0.24282024269345298,1.0712016722603668,68.67852761801633,2.0663200598207805,-1.443391757251939,1,0.02509523569513703,0.0,normal
2.6516853821618565,5.852390659590415,19.7090392909006,99.2707177207639,8.266189471757595,34.910378666222506,4,0.06801090358172134,0.0,fall
1.5839731244765407,0.7868775306842619,3.266392651604826,87.69703553590092,5.171145982154968,10.113468078247424,41,0.8177096640516517,1.4248565694332658,wandering
3.841542781395935,4.584162464747668,9.770537543249795,113.76570736392877,23.788131325649942,38.76935040818243,17,0.6380496846863067,0.2824309155713048,distress
0.9522004385019835,0.13390522631539958,1.1955621582815374,73.9633710981999,2.1755432560473,1.3920389273008973,6,0.10467576988564548,0.0,normal
2.4088441709037554,5.944184724209354,21.900633500079145,94.74974073074901,9.481743764602783,25.691188611213935,1,0.0010148028610995842,0.0,fall
1.865050444111234,0.643143603787906,3.5233245133793627,91.77620168327493,2.523678030640186,7.258522281098976,55,0.8764564184268342,1.282731433189258,wandering
3.4873910377062627,2.3916703191023028,8.200431223366454,125.77464514562462,14.600913637749246,26.437377577589466,16,0.45506672465163767,0.06265866947824439,distress
1.0561631287843287,0.16700372454953438,1.0592337341425575,76.27263854949199,1.0099436700112754,0.8631829618648745,2,0.033252392108445154,0.0,normal
2.3856973797615844,4.33074353126829,19.49410989438793,99.80658225599106,6.906334943989503,22.752329948165283,0,0.023202666651756722,0.0,fall
1.454483017129296,1.0185553672524086,2.3359595863923266,89.85711604330177,4.643972250436788,8.599807464252445,58,0.8170776017502334,1.0067115719444397,wandering
2.0144484859899574,2.0010465422346737,9.728583550860876,105.83908869123309,18.248841180937124,34.10980780574755,15,0.49911282710638594,0.21969500534141578,distress
0.9742552685934353,0.1566734592227601,1.18666987826603,73.68657934954126,1.6263189700539262,0.8786777830569461,8,0.0711931170720997,0.0,normal
1.924410236733347,3.7809670893626746,22.246333277906793,109.43517413629083,8.451156448825483,20.69236859863006,4,0.08882463465137802,0.0,fall
1.5394493716469422,0.766552115818946,3.780063912707976,83.39161662075152,5.598062644968765,8.238910292592653,32,0.9375465709283879,1.3291337609665517,wandering
3.860811437150426,2.4666347089035106,7.115550254222487,124.2046871808023,17.191246790459587,26.92571671549188,15,0.4376750835820524,0.2857639663043366,distress
1.0797623607923321,0.16684804822671662,1.4219025213082737,75.14789688746305,2.840851014005924,-1.9107715529492464,9,0.18264178079501817,0.0,normal
2.576467938711809,4.825486314036617,19.57034453424624,94.01780773082066,10.583467026481781,25.06082590453132,3,0.03995780602602386,0.0,fall
1.823891605927599,1.1429364064122798,2.053740173346384,84.14875715413471,3.2381108791905957,6.094647461531762,52,0.9929593221662575,1.1861869979135282,wandering
2.221894867199577,2.9447842528706327,7.193828526942145,113.30078807677174,22.53503766376778,27.535356756277785,12,0.39852319286882054,0.2655204423613954,distress
1.0746323364445036,0.2274461321961383,1.0405216751304747,71.6705084759788,2.8668150181863026,0.8574464780513202,7,0.1240034776659293,0.0,normal
2.1934036802096175,3.996878386680758,21.174438109637872,109.40103429092385,14.948986339884327,24.832523860661528,2,0.09553510999613496,0.0,fall
1.4379064235287187,1.2649421901810007,2.1870951928065887,93.67085431473444,2.434156944797001,12.740968351743113,54,0.9543083683960071,1.0888980457205077,wandering
2.576485165857683,4.041324032178918,9.803396522864094,102.67326133316408,17.18775688241143,20.763346201661214,10,0.5760832318572908,0.489252089121839,distress
1.0074106746690348,0.10237733439840847,1.3000400946507096,73.19248836505737,2.1423594129058428,1.454756909403684,2,0.06202128374720661,0.0,normal
2.037825465825277,5.324739837429844,20.385719123920538,87.38576797565248,6.511206470130553,33.1542225577991,3,0.01010812166863062,0.0,fall
1.3843168281847054,1.1986069273127193,3.7183412696399136,85.0301499438765,3.028312535641115,10.571357268168576,49,0.9622863739834895,1.3183844668483187,wandering
2.1358551842694986,2.132836604668163,6.176197067843247,118.42047383994043,17.656079762564865,35.602884644925695,12,0.43132085579108265,0.389038147347575,distress
0.9005013130615662,0.27636017988981,1.3909183705330646,76.79089744308898,1.5295746947710094,-1.41235912153588,7,0.1519577337861544,0.0,normal
2.1954843874932077,4.28786820801428,16.20315288651487,104.1258779845836,11.060532626415888,31.75011517096179,3,0.08338350135775559,0.0,fall
1.7303537443797798,0.7757802635763016,3.2488755009051533,81.37869767400665,3.301423069847801,10.572986392985257,41,0.9974823874382999,1.0725084439593178,wandering
2.768882768209774,4.710446877791237,9.24487106836251,108.34737356231868,15.110780499898727,24.84693433861564,16,0.6662603014912521,0.2552217632560917,distress
0.9878700707775075,0.06681128128408019,1.4611248173806333,71.0321459225144,1.9051482455384,1.690248998515841,1,0.005241056094286512,0.0,normal
2.4708252750895463,4.762536402012414,16.40621209554585,107.21301041278721,12.295903536802388,22.527139397872457,0,0.08214621082122592,0.0,fall
1.7343907666304514,0.6930617282793332,2.7062673521246197,93.51689121607157,2.0493891766031687,7.963050419703505,46,0.9575751049597478,1.092339417067287,wandering
2.821999810541416,3.3958105234308,8.35262602069535,108.5668341395826,18.17116811520836,42.70075066435223,5,0.5372750536589064,0.4348916402693505,distress
0.9714510488564445,0.08923364426359386,1.3633748504989531,72.3286154915199,2.1653228196524346,-1.5889332381726984,4,0.19787574073966363,0.0,normal
1.5967545858121412,5.606360613957541,17.544579310727663,87.44062836177224,13.720919528210576,23.73761695135446,0,0.03716801149345202,0.0,fall
1.6939953709999374,1.0440672780835616,3.1123914035197933,92.35612734487677,4.982109996265519,7.135423659054997,51,0.9451215915889819,1.1069149638686948,wandering
3.234150902592431,4.143929290229977,6.7474593225831825,115.5145204827088,14.2694002723208,15.103488854029672,18,0.5561891383006199,0.34623705026013124,distress
1.0666335245071756,0.2998467781439061,1.4310803387752793,72.29636420640128,1.3818389146608867,-0.6654185240232389,8,0.062122881750916716,0.0,normal
2.4866748422000473,4.446396378736502,23.724725973824327,89.29872516464732,9.838747426533843,20.305460590167833,3,0.06161153529071927,0.0,fall
1.753877703134981,0.7775203629933832,3.224843304559448,91.34122323324624,3.3125572299044244,8.066558741140136,52,0.8200731966258255,1.233237908713306,wandering
2.9112239002277027,2.0088330925647186,5.455449696520593,122.03836901843371,20.02529584776218,17.740691589232927,10,0.5839258427361502,0.08254786977938733,distress
0.9425385074995727,0.08858736250047887,1.263435731093643,67.2276764499073,1.8457859424665868,-0.5485583639019955,7,0.1508592484956556,0.0,normal
2.532199755505894,5.678650514317631,18.20484450370479,89.87834412814243,6.030208781224916,21.00037063518127,3,0.022572480556175334,0.0,fall
1.5765828145787604,1.4277514925754344,2.3531542721905874,84.80687453459866,5.891297396318265,7.5411829157861545,50,0.9822608357173638,1.0487832549200382,wandering
2.6766507708825924,2.227626653226302,8.875812920858658,110.99020267192577,24.125908136436305,44.562553040732496,18,0.3376428732829642,0.05044462943266825,distress
0.9853112473876765,0.13107800397745678,1.464766611074014,72.55005637874332,2.1260982134736004,-0.9895562581497241,5,0.1700417223746632,0.0,normal
1.8812505653582083,5.673365193001249,23.391703695353737,104.01012883169965,7.915007069793405,20.447727694425335,1,0.016001710547725933,0.0,fall
1.3643284641207756,1.3225039611696743,2.927499204330388,89.77584279932898,5.6356676241795824,12.642085169247466,56,0.854655779250338,1.3352663142578793,wandering
2.6456509062264972,3.8779759295788763,9.506400833668659,118.65397559844644,17.739009034234993,28.749489029951572,9,0.6450350919209725,0.020559784955262728,distress
1.051130866058021,0.12490053216366524,1.3532164135324216,70.20627726341576,1.4261038511598905,0.6610971256887952,6,0.1793918753897984,0.0,normal
1.8081418886202898,4.736673847977794,19.06219389582148,107.53814384568352,5.0658250190078675,34.64580214580426,3,0.07849645133601682,0.0,fall
1.6340103836110138,0.9026804399414344,3.926838600486464,94.17816034826694,3.0355626637294892,6.775171860315319,48,0.8308724712919836,1.0431312989329442,wandering
3.5002125834954656,3.308698808176798,9.53291144470366,116.49306481728249,14.454448834399798,16.804040920317064,6,0.38532772583752756,0.046349972863944544,distress
0.9150421597981311,0.12303026646078628,1.4131493729462399,75.09933114189265,2.4086369019181135,-1.535035285136475,5,0.1701529714140793,0.0,normal
1.7031863757595251,4.260496826532382,18.53521340910544,107.94918684253402,6.707672405053349,30.829554908250675,3,0.023693859782162208,0.0,fall
1.8207460263729727,0.7260480306216959,2.9841132174602043,80.69475707922881,3.0526740779977684,13.571579507898926,36,0.8141957960485654,1.2465464681287806,wandering
2.1094546753267513,3.5125848004879185,8.52588337425722,117.90972123317233,17.172123520686924,21.07764811809151,8,0.3603328137612058,0.05068685147451407,distress
0.9422372033944937,0.13909379638626562,1.0067036462196999,72.29116197117094,1.7039496587635128,1.5872291279946102,5,0.04120234968559014,0.0,normal
2.227903779578322,3.851236328772316,17.139867511532415,86.67682156147589,11.043046679119758,28.61917024864367,0,0.037633468181835994,0.0,fall
1.979729404460322,0.8337128668579035,3.1813273729559244,81.56353345587853,3.554467153667146,5.600678468685696,58,0.9711139092393462,1.4656587001601915,wandering
2.268303207997164,2.0256707981028006,7.739073379965488,113.02488660689122,12.302503784827977,24.485017833991883,14,0.5171970569428158,0.4744929316824674,distress
0.9226394323549447,0.1585552567978063,1.4402781265143128,71.23728188786879,1.845802798221004,0.5821651788401718,4,0.02879930614987929,0.0,normal
2.0844907960299177,5.502951290476912,19.274314666974522,86.6520159977531,7.644329392198976,27.132914621458923,0,0.04325740916546203,0.0,fall
1.3190219534658403,1.3275311237605285,2.04707380681551,84.42521832155742,4.287580779645008,8.569030449503199,52,0.9968950632454204,1.182287767374491,wandering
3.432657318701397,3.9143365025131938,6.092338276185846,126.4910624055974,23.827499734293095,24.35579069301237,11,0.43503838133556577,0.13947531829056847,distress
0.9642221197722957,0.10449917961698994,1.2022421492862028,69.82521730579141,1.8870703125899806,-0.7843364756854361,4,0.07449356878030262,0.0,normal
1.9296611974709716,4.331079194203619,16.148946804152544,94.9392849231987,9.026531669718786,20.67941083385143,4,0.014988090424571866,0.0,fall
1.470365208378051,0.7650849507735139,2.821722707006374,87.57086919843242,4.325528444725093,11.483176876387489,37,0.9517341677224269,1.023433718012823,wandering
3.634508319102745,4.860250442015362,7.684166749926614,118.11802239891608,11.666697797825362,25.235765422015106,17,0.5139856744264713,0.21017548347614223,distress
0.9021734584089068,0.25416444090413964,1.0545928619969613,69.4327126917872,1.4529258758557622,1.473712249319608,0,0.00271814599932263,0.0,normal
2.4960130603262076,3.7494160123710456,21.75683313113788,103.88319582351016,13.536994956819013,20.22937272006389,3,0.01969402319628031,0.0,fall
1.5349294674566276,0.502398934845576,3.8354803448733064,85.6364207139463,5.385103234422292,11.762940808377799,47,0.8530891663272836,1.4911536465483155,wandering
3.1886893078035645,3.1561030942004367,5.284877773102728,108.35749224165755,14.567553141867618,27.657110916197993,15,0.41760905670031473,0.36763203775064107,distress
1.0384389743488294,0.2653728711026964,1.0167408239164577,75.31908623793841,2.4541990398593376,-1.4225894364556346,6,0.03679010207283662,0.0,normal
1.819308699967735,3.0128305809875817,16.688788785909416,101.25341380654969,6.513351901990311,25.331080192120147,2,0.0681270520511698,0.0,fall
1.9724454403629084,0.6138100826246018,2.5629518685408588,87.06321222412659,5.642585128314456,11.084508330610152,39,0.9294250551741451,1.4993617120012301,wandering
3.3255447785419587,3.6672976279553278,5.200489433403987,121.28446894915703,22.71943059879463,27.286024352251737,8,0.3907820883397013,0.2426909820004492,distress
1.0873390734661807,0.17163359676706152,1.1818452914278872,75.98279314204333,2.5696408751088002,1.8923881768144217,6,0.17508015416859904,0.0,normal
1.893822962535608,4.45312318555004,19.488863742785263,97.26872570349983,13.139764339343333,24.06480842301461,0,0.06473364179518683,0.0,fall
1.5044541628158417,0.9571057560071305,3.410244811608786,83.80171153731796,3.903119576998776,5.633103970009731,39,0.9610905109250969,1.0013533388189746,wandering
2.590001303240358,2.980748539641316,7.2691182833207355,123.53769713629882,17.408575921962733,18.135972002066136,9,0.42016661009833395,0.0894119061720709,distress
1.0371040381208385,0.09484185548774925,1.4493824257725234,70.77261037289546,2.2138028148541222,-0.7797159326012424,4,0.06277404412146073,0.0,normal
2.727652591968987,4.783729179670863,22.01987935419531,108.31861413798282,12.182052647635263,33.00160319904242,1,0.09021762329179218,0.0,fall
1.8824072664342986,0.5136607910431966,3.298493264786707,86.20767792944511,4.6248192711156655,5.538159889029625,52,0.9441804702762953,1.1141615283049608,wandering
2.4904079053405903,3.4214328985885305,9.750101167018343,101.57557427359191,20.302007865994568,42.99223870541755,12,0.370662119186617,0.40006821516157154,distress
0.9476473734190529,0.27578281410237515,1.450239273068147,74.98925893182232,2.6377835650776005,-0.09144697111729672,0,0.1557807460284863,0.0,normal
1.8833622686998233,4.56796830484429,19.19909569655472,97.59961462125668,7.8889474526582894,26.425407865275634,4,0.08014346485797252,0.0,fall
1.8368131100847083,0.9628006467188087,2.350055026606147,82.44038353139882,5.092722097392114,9.634032199952022,39,0.8159855397101229,1.1205931160489007,wandering
2.536350723742587,2.720543931163725,7.321901458580751,101.18031496617061,15.930792375534866,34.44271477784025,16,0.6711197083634399,0.06716962771034157,distress
1.0990115318033185,0.24570332424158187,1.3594467076218473,76.11738745817308,1.23288025232344,-1.1916198268948182,4,0.08285615719178618,0.0,normal
1.937062551763904,5.538516174669564,20.099152448078684,94.60578706811692,13.783334136333398,31.006645437811873,3,0.052862761469968225,0.0,fall
1.4819532368382837,1.1108459233732066,2.2100982680012966,86.94705569277336,2.329785540803308,5.710250194769085,35,0.9025803534470845,1.2322351868691563,wandering
2.182485998177985,3.1861686294165095,7.810758563964481,124.63470284782696,21.596343653375484,31.246850379932795,5,0.34414486472382255,0.18346663737301516,distress
0.9144021255748873,0.1311864817561565,1.4902462359709325,68.40671442519589,1.9776088765569235,-1.5936522268251454,1,0.11029553838548448,0.0,normal
2.5935310337204323,3.6184496281760814,22.673016468754252,96.71063330524652,11.771850327842504,33.05733578709773,2,0.062327208559109094,0.0,fall
1.2968758651314507,0.9624697980607436,3.8025205014183507,90.78878248465014,5.795002291328004,6.430334378324866,49,0.9510895372135187,1.3584565042266608,wandering
2.426275129341421,2.684245822921805,9.809801229170116,123.96346735694172,20.300857214477098,37.83771844170844,15,0.5727470767037173,0.39833237940038,distress
0.9818555969163489,0.21472421108110545,1.3236458731203957,72.12539198658875,2.019203059868587,-1.532491164693587,2,0.007323636725786998,0.0,normal
2.3233699933823018,5.958631304919658,15.53917382242896,109.03398584051772,10.519100072472614,32.97530441323566,2,0.05952386733118037,0.0,fall
1.4488840170146158,0.7958683314846824,3.670756799719972,84.62617455445655,3.434006903410121,11.37115325659515,40,0.9527358407324874,1.163799355466649,wandering
2.7467399394250247,3.691741790857887,7.711464347679495,127.54445091900052,19.24035355898151,15.826241991805963,6,0.5806136286859578,0.2841340748263229,distress
0.9797318988543258,0.07025639974075208,1.0018232630634165,72.67359492249162,2.6167621710489977,0.5473722882423995,6,0.0005140028590866042,0.0,normal
1.5431907225297123,5.101946695915364,24.855845545164875,96.81390399250036,9.490604221392624,33.6716039116704,0,0.009845918286767242,0.0,fall
1.7442389873059128,1.2936299795877204,3.2729401510322047,93.47634569816594,4.4170264461969095,7.631586715549092,36,0.9988351657309203,1.3183223538598905,wandering
2.486354329321729,4.237556798520904,6.081737982590779,115.63383072453718,12.487329390222488,18.97322082177791,17,0.3030594461120507,0.11766180799171089,distress
0.9367769118533459,0.10864700545884638,1.34881182414176,67.1620811959413,1.2166265848373548,1.5840155692494937,8,0.006626895502773511,0.0,normal
2.1712732003654738,4.046526822651988,24.53884490518295,104.15375051113101,8.295323991859256,24.983386127304314,2,0.0072367832413063,0.0,fall
1.9549310119195855,1.1847243127761504,3.922813741627035,90.24385025855467,4.245096387802901,5.840662580791189,44,0.9628183674144891,1.2049271691777617,wandering
2.6359462604246024,2.7179385443008135,8.110789661964874,128.28242987836546,19.490700378950002,43.78567821832515,19,0.5538281920534607,0.06786384031970039,distress
0.9213270015457804,0.15145276951745085,1.3703724747359614,67.61582293531698,1.1520439227002233,0.6745339973130795,8,0.16627031265904935,0.0,normal
1.509512995365881,4.274954392099616,15.547802825740574,93.95809112154224,5.666996813711862,34.997260370523456,1,0.002155465329758688,0.0,fall
1.7188663226110221,1.0265152762851026,2.0957862483463163,88.13800273047,2.318961519340707,12.409112826751409,43,0.9681672798179812,1.079994938473073,wandering
2.81340401961494,2.6583527890258627,9.796534124738663,105.01450199260219,21.97514934398621,21.956622143456208,9,0.5013328686340799,0.03556457947603453,distress
0.9923777933514115,0.15106714837650254,1.2223104174216228,72.61636542637659,1.6095743812810273,1.663756652796033,4,0.09452140848764111,0.0,normal
1.6228196039456921,3.0089752012720634,17.31420854604691,103.06021667471356,7.494484908490003,34.58248178050675,3,0.06703875377557612,0.0,fall
1.4668629785651155,1.3953662253895072,3.638686057051296,85.99397794297884,2.262833685709356,10.73980368459357,57,0.9643278213698933,1.0653119943605704,wandering
3.5906831978964053,3.696889491297333,8.530899399317713,107.97092904437974,11.795338684729277,31.730538468505856,11,0.3514233807122129,0.1656464469231751,distress
1.0043232376931155,0.22667701474678476,1.4291029844221401,74.41970001156834,2.6493364143430163,-1.0065185306425248,5,0.17374155178919626,0.0,normal
2.2814116218112948,4.514663498227154,23.427814352680535,104.56280221401664,5.348370719013192,24.035964760161594,2,0.07525563476981971,0.0,fall
1.9830771737669806,0.9595859775293604,2.571408088660606,86.06472667594292,4.265934671451916,13.726724137969985,55,0.9836117378722622,1.4852973867211308,wandering
2.726010164955259,3.827267681154445,5.686642668433542,102.97394143023686,14.937859532708863,16.90555256461911,5,0.4842713982890482,0.4279201525241813,distress
1.0298540280759152,0.204127012603128,1.4821410179479908,74.49898931047454,2.7257922750031796,-0.8641600196921257,5,0.16928845849174742,0.0,normal
2.8614752125677088,5.970105098181439,18.648786797374235,105.07725096697538,11.000623087747249,32.69169360824601,3,0.07435630440751435,0.0,fall
1.9317890483752618,0.5388360970434544,3.7291679316868263,84.1783444219639,4.09760513776857,14.737679535123252,46,0.8105307958827571,1.1440129126088383,wandering
2.6543416996632403,3.2973952376543156,6.119265797351241,120.50146927719885,12.433390698086498,15.917005994838116,12,0.30533180767479084,0.4165482629585419,distress
1.042460043655333,0.16467851204617134,1.1296269861463812,69.69581761630803,2.0532653383501858,-1.4681100951078543,8,0.13026001062600212,0.0,normal
2.959269448988781,5.876139090061901,17.99373233291201,95.98457573171767,13.893965589975306,24.857564803093666,1,0.03810143123396016,0.0,fall
1.530192039966244,0.9380068879558237,3.0132773259229255,91.74815814298401,2.4598960961460623,5.558811453740589,48,0.9565752383871724,1.350008764657212,wandering
3.9553472601041664,3.1772848300161307,9.995993800182493,125.81185543366091,15.566268629157436,39.79946864897787,15,0.43924579835488187,0.01837216140554565,distress
1.0518571356589925,0.16469650328803032,1.149087976313958,75.79283668920006,1.0613433655296685,-0.045904185731463265,0,0.00598821682810018,0.0,normal
2.9752331808705943,3.695997102876898,15.124571344571326,87.44069460373811,9.291206068827956,33.60854170096501,0,0.06436132097298998,0.0,fall
1.9722783100006374,1.1505257269068436,2.8361871519975237,89.69393645316403,5.583714198017613,12.028992119552234,49,0.8295566684642945,1.211775663985207,wandering
2.558887932509106,3.4252141640053826,9.629763787314449,110.41443701461284,19.818330480495128,34.56775583468274,19,0.3430341073558377,0.31678742992799935,distress
0.913893300287243,0.19734977028956197,1.185705688301167,67.02142765631676,2.771782845754391,-1.7277327605065222,7,0.08436698956831407,0.0,normal
1.5484967171224038,5.012845303877455,18.7100487529612,102.28206532559663,12.5133013303658,34.205052394793654,0,0.0036909144341614186,0.0,fall
1.493605906084678,1.439186989959603,2.8325560325472106,82.12336927667104,2.5588749630648415,11.606041752669674,57,0.8200860812282387,1.3547396732356627,wandering
3.677935980643958,2.730884498119546,7.058193689293924,116.29258298644908,13.643027452236714,29.6461516931707,11,0.31401080226704053,0.4198181380346188,distress
0.9661698606310233,0.17900316544988387,1.2820090223453835,75.85983283267338,2.7500624926577384,0.6023516045796713,5,0.062163190417166184,0.0,normal
2.2102581504326686,5.038032217127247,24.825675467946574,95.39023000303267,5.925018786407397,24.255149417834147,1,0.0755402203357306,0.0,fall
1.983494040004193,1.4995954474213622,2.3625030886709615,85.70597272727584,4.818515992859034,5.674740609468185,34,0.9871726104186388,1.0842776116827997,wandering
3.832142529598694,2.7168251084429484,8.81766664077122,107.34459440520695,10.246929113807886,15.069565320563553,15,0.6842635346535358,0.4088812767137874,distress
0.9932277796543668,0.2718446916937843,1.4124758447584054,70.09186332442614,2.182013840357876,-0.39307599382119474,6,0.040620672031986674,0.0,normal
2.1130428556733833,5.085284179752216,18.383382456178776,90.50488543279631,13.494448291052898,26.644285219378176,0,0.07239513916623741,0.0,fall
1.3175786363418298,1.261144608032818,3.461438649148059,91.8429490548625,4.142040475781355,9.029392119624617,53,0.8506626078738372,1.2664604039063836,wandering
2.256858755725525,2.6406848505836034,6.757282340881618,101.8926939307631,10.724462676421743,22.76491774724859,10,0.46549052652910883,0.4770470375339554,distress
0.9294143104411626,0.21403310062657638,1.0482662632624042,76.49664447610829,1.4045543274114525,0.2883872134726939,1,0.030157341544947803,0.0,normal
1.7250438125407461,4.248054152293552,19.83645548223704,101.05329968291,11.412825703360124,24.08277940460113,1,0.09880790208775564,0.0,fall
1.9539736450043976,1.044806237594626,2.562712145199277,86.89623328900187,2.988355438304371,9.747383649332765,42,0.9303824491622454,1.2433438446798586,wandering
2.9915066117094278,3.918569967004853,5.4596453516770875,107.07590764116935,16.691269421198427,33.892971137433214,6,0.5080451376269347,0.38572602782113097,distress
0.9965374584908004,0.1111610085378152,1.2067035248491624,67.43381104777532,2.1175018907765346,0.6126206419167106,4,0.157199968007943,0.0,normal
2.2362074389358586,5.055624710653653,15.85209648687656,108.22591853443595,7.3006129672094,24.135080556342096,4,0.025698516567293272,0.0,fall
1.5701838955775496,1.4079804256178414,3.1415322176640594,85.67119603570919,5.8827960948322175,8.290392714612658,37,0.9761208173416713,1.0996567126825076,wandering
2.3536643828517905,3.0541424970457087,8.237571480404256,117.5507696447276,22.0906218437891,37.67097015235342,18,0.47641540791206555,0.07734811006739256,distress
0.9028852411182008,0.08525077397207133,1.0857516094691122,74.22421129651802,1.841074255707072,1.7375859211448965,4,0.06250634479834767,0.0,normal
2.5707867186654667,4.467894660379679,19.37654682267221,105.10893742464974,10.52274459875446,27.644717489891853,1,0.028415051669305746,0.0,fall
1.370663963555825,1.1521853312556898,2.330740267096707,90.33135322238594,3.7506286876549426,10.453894292864303,31,0.9646452593229164,1.4384437270126897,wandering
2.139382975428811,2.810185228012318,7.663904652932283,110.78558608069298,16.004054882141016,42.973301927641,19,0.3430908723574619,0.42941028803692066,distress
0.9157485898774219,0.06634516293507468,1.118365266068874,75.77396055732306,1.33685479314293,-1.7185647203715684,5,0.00752662898858254,0.0,normal
2.5623039052527075,5.596222922409495,23.447442856589568,99.45937158018046,7.140967931114673,30.204843545160067,4,0.011817283041831895,0.0,fall
1.2588138573781846,0.7288099021855557,2.5934021142566337,84.6849620751425,5.889849272469833,11.045752181355104,31,0.9398644310335627,1.025012334096219,wandering
2.1150717022735925,3.0392397802192863,8.122029886637897,118.966245787885,11.62788628297918,44.14045906873913,11,0.384573345462186,0.013986323241379273,distress
1.0198203725555641,0.08308687619126008,1.0494600343613956,75.09002765144078,2.0173564732036446,-0.7372761247521296,5,0.14012280162570576,0.0,normal
2.8301166445700034,4.158074490958295,16.020987212601767,98.43741375253518,13.913088933926172,26.59351231390125,4,0.08929846276653297,0.0,fall
1.4585165723303624,0.6158429521491571,2.3121948766121414,94.11489157471927,2.7893779288245373,10.929451966732978,42,0.8441792244001964,1.130527017466847,wandering
3.7108572727161144,4.198304648368776,7.300036711377958,115.29388682589833,10.087267531739245,26.70039744605406,19,0.6843564697237925,0.2182880635835967,distress
0.9875419481562563,0.2832827466403007,1.4870884188093731,67.89036969507238,1.6626194818687132,1.7038445222085281,7,0.17327504771317237,0.0,normal
2.566054686955928,4.930615031927006,19.99452716203061,100.39840592977328,5.015276792147713,20.664017525350655,4,0.07560961632995031,0.0,fall
1.3256117139846977,1.4170716353585688,2.5487162977870934,92.7664980968452,5.913168909049034,11.35553066463526,45,0.9347469668192611,1.2655168032098503,wandering
3.6185869955542342,4.763039356726712,5.305658043752874,126.97606209737017,13.823241341274246,22.529390134601,5,0.44945023002215084,0.48604952078840613,distress
1.0249862386536606,0.2211150582905384,1.1830791411359782,71.14350305962562,1.5685091354326541,-1.9665771784664585,9,0.07976652522759214,0.0,normal
1.7837068135463912,4.293621807782624,20.563605184284434,97.32287049085387,13.946000069369232,22.545946539128508,0,0.08808689531592506,0.0,fall
1.4983204017973535,1.1222867589830945,3.1629370767407403,93.59892218768002,3.0599235106854272,13.362121571562675,31,0.9010824614054186,1.143291438439684,wandering
3.318067509430256,3.8272300524744454,8.610480969151535,123.73754137928594,16.912733513520728,36.2964192418325,14,0.6782994474313905,0.22526673421445975,distress
0.9943338795670248,0.2698649435081626,1.296363525999842,71.56408158305673,2.8286144584554225,0.37287478170511834,5,0.1980274227378569,0.0,normal
2.090299910935972,5.637446803132665,17.636249776112358,86.32938499067384,8.723218588849022,27.077036377752812,4,0.04233650790657151,0.0,fall
1.6539712921505128,1.233485106319288,2.568553100073102,94.54233650686207,3.661174886976706,11.641469915930946,47,0.8677968621246058,1.4979499893400552,wandering
2.3213572306774735,4.164817511212539,5.045302599881519,109.36832499712438,11.448697823309198,44.64874300654217,10,0.42601261757542813,0.09883392571346422,distress
0.9702838343913814,0.26096948702629325,1.4135784853534372,68.29512533428999,2.960792479425346,-1.669017048231149,2,0.1756011419175134,0.0,normal
1.8692179121009225,5.580908165562107,16.575580019284967,85.6421972156447,14.115961597902162,30.23421208265082,1,0.031591530140058326,0.0,fall
1.9356601272401914,0.9117206342975492,3.789603007081308,94.00832857739618,2.203040388943179,6.308999010281031,42,0.9583489528337767,1.0734166135097756,wandering
3.449563621599074,4.999645366578885,8.155037312026723,115.56361337000307,21.439339566408457,35.028147232514605,16,0.6096172370056518,0.4958470958777504,distress
1.0058129795622104,0.18531205253326016,1.2785588280270304,74.78836601236476,1.8517458795540296,1.3037442981702765,6,0.05309617695228406,0.0,normal
1.7656004328603108,4.150804001716961,15.017437857238452,87.07381196610055,10.426673647672747,30.66524312220497,0,0.08609374518153637,0.0,fall
1.6622253780572587,0.7936018000462063,2.6716179356118728,82.1995213715507,4.2799249248779985,8.984772440497057,32,0.9360494402844516,1.4953860551646012,wandering
2.8859103659428955,4.244541168309764,6.20695299326784,101.94993539063884,22.12432492397874,35.56860102177694,11,0.6770370407415299,0.27508342546859677,distress
1.093840261800104,0.11443883496799075,1.457499014872019,72.44042563858278,2.8501969312653412,0.4057251637184853,2,0.18857950593395106,0.0,normal
2.4422363224889434,5.093257088346752,24.480767819786458,98.68428845095067,12.273152399971268,31.01647972775677,1,0.005225989993639657,0.0,fall
1.567251246342809,0.6817445037691104,2.1119238817513937,87.50856609275455,5.7268066671210445,11.985776931148877,59,0.8422484718928848,1.150334838342207,wandering
3.2634542214474607,3.048272438755022,6.811242448261717,122.42011638329168,14.582144416310252,41.72750205719497,9,0.5988626709532154,0.3778474803642809,distress
1.0882078908618655,0.06771347388653022,1.1497496446599451,75.24861972791749,1.7646987606929452,0.697001021362754,2,0.017580293081448064,0.0,normal
1.9606298572798977,3.1818098325317896,24.54358269358346,86.97776732891155,6.4205217855477645,25.709435157652752,1,0.030767725920833367,0.0,fall
1.7339650220633083,0.8277382041731962,2.858669758312935,81.1637412563563,5.1911940016873395,14.758125725000284,44,0.959143147702664,1.271582844459477,wandering
3.8151977654755775,3.0267316378161215,8.662408007729384,119.77236396319994,14.409051513454887,21.336544830513112,10,0.6641616308796524,0.06712003858816601,distress
0.9531759115459261,0.2660149116702564,1.1103489157980007,74.33173677500493,1.8748919728131745,1.589818876416535,8,0.04523944018624804,0.0,normal
2.4084347768163186,4.636394905549344,15.99013707151258,99.46157960244197,6.24729958923467,24.16941143164324,4,0.013464183303560041,0.0,fall
1.2397308821340702,0.546332030799913,3.76868863374017,84.10655400431014,2.846681969078506,5.316360145789608,53,0.8167295514444362,1.3321658818272109,wandering
2.2441977573053937,4.022929607591669,7.358430115137677,103.85897305275601,19.063640914269044,37.907016812111024,18,0.5049217296164825,0.08512706998761199,distress
1.0631690301894734,0.243678301234525,1.4002458820963062,73.5727983910253,1.8562613405114126,-1.2150392786329536,1,0.15038612930215367,0.0,normal
2.446473384452686,4.405789471731377,21.81158764802683,106.15503453574966,10.354210649539095,29.64377296851287,0,0.04839903257198509,0.0,fall
1.5155654974955615,0.8717816826348973,3.500672654776168,89.81757088716009,2.4809762449616013,5.050912245205588,46,0.9939018627629295,1.4948240730134066,wandering
2.42972908849885,3.7461502383497356,6.71273835865236,105.59252927403159,20.295610308648847,44.81035920812782,6,0.5943677483687484,0.16668176416870362,distress
1.0833325882152063,0.07254951239555037,1.2656146510155513,73.48232084049185,2.678772145065337,-0.24761265516038433,6,0.1123018007183858,0.0,normal
2.580977908570493,5.969305530309796,19.62285785217447,91.3500044479178,7.840074703741335,32.99568206052047,3,0.03250309114031994,0.0,fall
1.6705230505826343,0.8308273542432401,3.0974692640130916,83.90492650998777,4.288363908306572,8.57986150473131,57,0.9072514671787647,1.475832083117281,wandering
2.6557697747943574,2.7583876696801317,6.874478378229272,106.33132112217184,14.753329751252995,27.35845401539695,14,0.4746261457217126,0.43587299099459453,distress
1.0637640666657981,0.23969400024459986,1.2675503007096602,74.7484281314884,2.4708211073822275,-0.3863097600711627,4,0.1444952833214258,0.0,normal
2.4990978923856897,4.47592079377264,21.263937574298033,94.99603759943383,10.88474788776585,28.48134608741659,3,0.0584473131941452,0.0,fall
1.929641178175365,1.0151334654444146,2.6773647491695884,80.4089358299122,2.9301889396760417,13.795334764760165,58,0.8324417994933302,1.1738716363514943,wandering
3.962223085634629,2.4709885308486554,6.197771903176017,114.48607368395484,23.769065745373602,29.165383047072602,10,0.5246974383789551,0.31851440682607646,distress
1.0708859027719346,0.2580289069525703,1.2229684920563941,75.2745738227936,2.875266454795983,-0.4470690778029245,2,0.020015320726204225,0.0,normal
1.8624393973908768,3.234621336514775,21.698911411861843,99.08159494574947,5.191290415089954,26.096534119619932,0,0.04856883380311691,0.0,fall
1.9339291058765078,1.3972654280545982,2.4284755641358498,92.70257527851831,2.4219208474656533,6.270211762740594,47,0.9008974022337237,1.1193177180465939,wandering
2.6652228692222346,3.919127297635177,6.318435566743449,112.01434849118164,11.383192029459206,15.07811490561551,12,0.45121777653115647,0.22704367152036897,distress
1.0379077242128658,0.2679677405965078,1.2808209439406033,76.20608856136107,1.6846429614368,0.6188581498941872,6,0.10874498337207733,0.0,normal
2.6859222775691673,5.256521595807953,17.36650211001953,94.03961795969751,7.336725418121177,28.705860769632952,4,0.03432234232314189,0.0,fall
1.400105626691011,1.4855913723986056,2.591497149342655,89.59975409215224,2.3010189893223894,7.575999836715851,57,0.9082476510060247,1.4736831488787838,wandering
2.7258510702247465,4.279099227803755,5.060590078059156,119.95553990758614,15.736550973760473,16.122166118381738,14,0.4009680982688557,0.4491063190101879,distress
1.0407892147019067,0.22181591195233874,1.1475374970263263,71.92337424666925,2.3020847587602256,-0.34531654922864075,3,0.01995668865636411,0.0,normal
2.7094068870970203,4.339389015597867,16.79330004634277,85.35872792369973,7.055356032268892,20.998298519730934,3,0.09482239621350028,0.0,fall
1.386065032879177,1.2070429319943499,3.9850580533351785,90.20500820663732,4.999295688678746,7.8848877755036275,41,0.9710491817225596,1.2647329141235364,wandering
2.009016768156568,3.3786370314834904,7.208138308098897,116.51214334273823,22.401767536888894,16.60495989853498,9,0.3431142774023347,0.25341469677180567,distress
0.9978789748292736,0.10855539880684655,1.2488415189718105,68.45221676775918,1.6647404009384368,1.141213830029613,8,0.08466083173582627,0.0,normal
2.0917962162066575,4.341914320227604,19.732096223442397,103.9782785000063,5.972669093724289,29.315207680305953,4,0.053806217596368104,0.0,fall
1.5594944131912212,0.5333238198810663,2.8706228480877325,83.23939458732072,5.168855703815764,9.768539797826742,55,0.8229966407729763,1.3575120429909333,wandering
3.2767576441586685,2.4909393087644482,8.374532922895348,128.70363518752652,10.848235667285083,27.22271978655509,8,0.5775797542714805,0.3445749572222666,distress
0.9646611599447384,0.18001272056451684,1.228672004426615,68.03441843131924,2.9625824293761807,0.7914865626610887,6,0.02494717755427589,0.0,normal
2.0466958892616214,4.122352719297569,17.604915713822837,107.05662104423689,14.609114069854328,27.907421613146763,4,0.011202434365665393,0.0,fall
1.2049630902176212,0.8719765493361413,3.6328118180241056,91.19841209643624,5.782775062285346,7.5112402389291315,54,0.8677177983365969,1.3957213724604731,wandering
3.436778184986024,4.972262691435727,8.314929536485208,100.1361595135229,20.776556197963664,42.75654073263331,12,0.5473725939299444,0.3828605719750864,distress
0.911119475559139,0.22586827898848555,1.3103161958225968,69.1345936695683,2.457425289587939,1.4100413733228168,8,0.18272166528532363,0.0,normal
2.6631413900257526,5.486818584555499,20.17998358568539,90.39527375100364,10.286116523337327,29.993756166139214,4,0.08871462803399932,0.0,fall
1.8029032508150573,0.7253196419883158,2.3583850721814184,81.43951244669557,5.540257431163747,6.7005223032853625,53,0.8554253498144967,1.4036362757956824,wandering
2.223716761027713,2.292597455739199,5.636476488562766,123.75324631438741,20.084732379988573,15.493404645369347,6,0.4687961611037452,0.3013244523539684,distress
0.9774889223912957,0.2438061171167748,1.4073858471818346,70.94785432957313,2.0859695815870696,-0.05687960950736892,0,0.16917632630920637,0.0,normal
1.6656925910984501,5.708958376481687,20.506447910176377,97.54712292653232,12.31979323173419,26.530919392351983,1,0.007711994616640983,0.0,fall
1.4461903252608466,1.0635121370648446,3.4112035123541533,80.45465831003034,3.882206208820068,6.929283914652179,40,0.840182600497499,1.454503529552836,wandering
3.4081893925828384,4.281524652466681,6.427090490590583,102.4425090752778,12.572646027871373,28.717504420389353,6,0.528849373366818,0.12103116935798952,distress
1.0922999165969973,0.29143535365701356,1.231991574683785,76.25545296782036,2.920811151404866,-1.7770358460571867,1,0.14824907060563927,0.0,normal
1.5201727718026807,5.864918585151935,16.259899964431998,91.8932917601297,8.844113482715972,32.430328339260974,0,0.06175069453459201,0.0,fall
1.7402062255096977,0.9473132827140801,2.8880135963999805,86.06377193213513,3.2945768016783457,5.9830780706530255,49,0.8179933115731272,1.3638971331947598,wandering
3.2427890988377985,4.733457299638741,8.295183570451883,120.75768271422993,18.23012736655823,41.263618458816595,19,0.3847965530017767,0.24399035796844482,distress
0.9245700918565133,0.20154348348748785,1.14176848021128,74.80244242251638,1.4531833921977995,-0.6722951696249599,9,0.13205938662667185,0.0,normal
1.770036374759048,4.579208852710269,24.102326485822175,100.05225199391685,9.012865091885757,30.669042430057374,1,0.04964675226959238,0.0,fall
1.4439989166274185,0.5413326325747916,2.2954763824225806,88.5422652074609,2.5310304250176863,6.58999454893772,43,0.9539168032301916,1.1472383660808543,wandering
3.3700139974644645,4.483959617108956,6.416746249046069,129.88432588377108,24.536303888845588,19.40409885490338,9,0.43480839789856074,0.4471017073254629,distress
0.9344562132139871,0.2563127679714787,1.422692381314007,76.64317371538078,2.254405024341702,-1.6374494733525617,8,0.11224689691108523,0.0,normal
2.512820361654236,5.369993668419092,17.040209632947708,88.63056025704218,11.038610313695196,20.34748389731917,2,0.04328775026511636,0.0,fall
1.452301023395792,1.2281701540376817,3.7211901424125804,81.56703889081932,2.9988725074230342,5.005778334113138,57,0.854244805894382,1.4877062292811845,wandering
3.204622912378786,2.884488542641184,6.8778721518847075,106.55293553463994,18.331766325678057,28.457020222107303,8,0.5733112194671295,0.1762489278733792,distress
0.9216847819018368,0.12126191757457376,1.3923627447868938,68.82692493517114,1.5851162889456727,0.7440768398456838,4,0.18150334638748827,0.0,normal
1.92956622475568,3.396734495971992,18.113997585505267,91.93594522514637,8.625213639701245,34.47697133939313,0,0.07111564749736386,0.0,fall
1.929700597934395,1.1130320599043673,2.907391813163546,92.55701410509441,3.1479865446387834,9.795508418661656,49,0.826518357858983,1.430987423939353,wandering
2.324677961905702,3.8053841388398135,8.628783325574442,103.33089037284356,13.44139007138277,40.78463939111451,19,0.32556955702448404,0.024303176543888083,distress
0.9303704983833162,0.14433436425438817,1.3346339048723328,71.505389877083,2.7650478561210567,-0.8505256884081707,9,0.091659273884493,0.0,normal
1.5504643193609275,5.030719600711047,15.653591958774227,100.73825443804023,10.250519023887684,29.362288034101702,1,0.03645366483834034,0.0,fall
1.2168668451047837,1.2979147316693482,3.765239686111591,80.86098978532073,5.231991259299008,8.694907304842255,43,0.8791531899135056,1.005483001976443,wandering
2.6002540455829353,2.609120074734701,8.736153546097341,126.42919613750175,13.277587537113025,18.018936511249045,18,0.6173288360547442,0.44245282662604113,distress
0.9616775617335213,0.11671533493287937,1.1616002938638503,68.15048598889385,2.135020173204013,1.4792165319645685,0,0.15636397983426112,0.0,normal
2.804654774227895,4.444907084526854,15.33156386483007,88.4198259840161,6.0408029663548115,25.655370572267884,2,0.0602294210296555,0.0,fall
1.4420307167587538,1.1391150555262939,3.077742921711124,93.75832218186773,2.2401928515725493,11.108581756971631,33,0.8357083169036696,1.1760294510989295,wandering
3.5842022809791056,2.241716900698123,8.794855651604863,110.29380405435954,21.19202404201082,34.76834798265591,9,0.6860224729419029,0.06341264344430397,distress
0.9538613668855984,0.2763397162356303,1.1633429242969364,69.78260315912591,1.5110809126812665,-1.5410728813380716,8,0.11475327703273548,0.0,normal
2.8571256696553604,3.3725179737395474,21.162413913803338,97.30024429570139,8.208226588258565,22.603163199034576,3,0.05348065469765903,0.0,fall
1.8071933725538702,1.488954152048801,3.4159353502838856,89.25794302822634,2.9909091058233686,12.682836249206272,30,0.8652699158042786,1.1542480807012614,wandering
2.54063251747136,4.7889339780179085,7.454720650708218,107.60559636985185,12.89049142777602,39.265311751450625,6,0.6121706603508135,0.02724426089115628,distress
1.0065442140320804,0.10941623211514927,1.0118721859947277,72.20734714812447,1.8692614458387653,-1.7125813561390935,7,0.14895071341077504,0.0,normal
2.2189496400737214,5.73764818175276,24.716672595597586,90.32596860069278,7.890174922992305,34.42744950855785,0,0.02691480142817252,0.0,fall
1.635363380201447,0.8930536080323415,2.6943444590486134,91.47520911998596,5.77649350599615,11.98712907869664,45,0.8253841962482539,1.1354182982521337,wandering
3.121290087694672,3.30391507649533,8.59323105974692,126.31677799461775,11.091006229260561,15.82787567210304,12,0.42297584560801765,0.30875062270991493,distress
1.037431227596665,0.14595683775717744,1.4829786803699894,75.99113106211449,2.67914577539392,1.9685732467122792,0,0.1297620844778767,0.0,normal
1.86185525860442,5.088821366685854,17.45933865704707,100.38884981049324,7.052639046773389,28.84462281114528,0,0.09759275117005979,0.0,fall
1.3896419663839692,0.9598452992190559,2.9833102240800584,87.07590055100218,3.8168654508068895,12.622363327445068,32,0.9204964573214188,1.339594327128518,wandering
2.2438908760259304,2.499063680132726,7.093228144172901,110.28736819481196,12.126030698778425,38.904675830704065,14,0.6564945356456857,0.42293872287377116,distress
0.9479220644449974,0.07694820969122672,1.0303148172907504,71.59025911998228,2.639613039640373,-1.7328064616770353,0,0.06818794299802163,0.0,normal
2.648182914196341,5.957512744663113,21.418659816798947,98.9069766270253,6.740919691022143,24.387230498009824,4,0.015090260276577817,0.0,fall
1.3337512913842327,1.209289857368478,2.276473584391879,86.10387038908019,5.190361806786111,8.703670296452412,30,0.9745920299999432,1.4072194262024071,wandering
3.2695827011342335,4.901728686413566,6.755790979588757,116.86155764431747,23.271675256125675,31.59769829128303,5,0.6512511481325466,0.14545550750615138,distress
0.964693129857794,0.0772548327468723,1.3120367041204672,75.42313051095846,1.4072070387447257,-0.8386554296667086,2,0.0014815395670803478,0.0,normal
1.7243222742597433,5.201896787626328,24.313076367483973,102.47634662021204,9.274128223571672,21.07855182633336,2,0.05583406082034634,0.0,fall
1.7493410482049665,1.1328018939019269,3.208180972757935,87.00766698649093,3.65941528003523,9.248938645069005,51,0.982337143515597,1.4779290833867669,wandering
3.5420695949753047,3.6329531740470173,8.276144185491628,126.67025357824018,18.55446914291193,19.62356796116707,10,0.37625546620232986,0.07016344528118995,distress
0.9018953233752904,0.24232168885745742,1.1246632058795596,72.89059365037055,1.0965075342308992,1.8071927156119032,4,0.13218424774409931,0.0,normal
2.778254719437761,3.6751388195222674,15.249985897153225,91.74970873140069,7.732308713222231,33.21631120797315,1,0.020572905995767457,0.0,fall
1.5589664889272052,1.1769453849554308,3.602331761354786,89.43972593317062,3.513920400570735,14.440448817586484,41,0.8494199241796053,1.3603018328740224,wandering
2.554609388762775,2.949729372062278,7.541982109168659,102.33832513244475,15.10961176080734,25.75976249277559,5,0.521154625596944,0.4165171611566032,distress
1.0942002936379607,0.16738349776940004,1.4371363460074555,72.4722287460405,1.973226819568097,0.9059199085371445,0,0.14368741865883647,0.0,normal
2.3330433510077864,4.2199879815548265,15.203040060279452,96.85695432581174,6.773135248109272,27.350522023489845,0,0.08742873316676943,0.0,fall
1.2580994462636086,0.9340025182399504,3.60551161724971,80.0662866998034,2.5961677969316956,11.608437877764754,32,0.9353035156561178,1.2779275803119723,wandering
2.6253111838714784,3.9402529456929565,7.718902945285732,103.28805612076845,14.787847990769995,43.48825534940791,8,0.5756218605213508,0.4495987821447663,distress
0.9857186869745345,0.19091614594951073,1.0401492515694508,71.7756807239334,1.305590824537217,1.4844761825353583,3,0.18307528453520647,0.0,normal
2.0234220591652914,4.437106615725236,23.276540525838655,103.97088499716568,14.963275565420687,26.85284102618317,2,0.09168387164365205,0.0,fall
1.5521363719541759,1.1929469156723866,2.3081381362782247,90.31599070246659,3.7894910006588924,7.196658267038963,35,0.8999595408594333,1.3041076512534413,wandering
2.594906270728452,4.7970096424464295,8.18648826699412,126.80583550476815,16.4850720667118,23.62450014123031,12,0.5530583859746847,0.3155633139786535,distress
1.0750339478351716,0.1337511394821705,1.2547063765131838,73.3606560132471,1.1657733692456222,-1.0294865160151732,3,0.16186858858688086,0.0,normal
2.8364078917891677,4.7545721555167,17.548642375674,88.04836039491927,10.337154276369187,27.08384123560597,1,0.041041715095767185,0.0,fall
1.8984730453081875,0.5526981860012659,3.8092098875360056,82.386792731006,2.0420934078344994,8.61442922933016,45,0.8175072544475015,1.324812613225341,wandering
3.724149992134385,3.4992354485504413,6.427367891846288,106.05376696625562,17.684192176223135,31.151818029888037,7,0.6321029676929146,0.27316621741071356,distress
0.9463411808907966,0.28547390273564016,1.3506167902084965,70.60010090385818,1.3554492489939214,-1.8118253155860446,6,0.08055073721178274,0.0,normal
2.9045708883330255,3.5468675362552737,24.124550279832818,102.93785409298235,11.017838730639612,27.998310637935642,2,0.0788796406074745,0.0,fall
1.6129560772531248,0.8933345711085356,3.415718699539786,91.05135467145926,2.4732099492870545,7.803201057699104,32,0.9387126051515693,1.2727613114760261,wandering
3.7160596292570807,2.5147318021136646,9.268806769779133,120.60876195642771,12.439823915778302,18.36741759938394,18,0.4539238224643608,0.03107083622066703,distress
1.0639669016580813,0.12411602459409514,1.3895088783797045,70.67381408062712,1.4862273000963704,1.598119758838342,0,0.03986448345113916,0.0,normal
2.295634289008115,4.698976617420874,15.074984895757499,108.76614079073752,11.463397781015377,25.256423401161676,0,0.04012310179463129,0.0,fall
1.5990581500352519,1.152947519272371,3.128475168657884,82.20622060035876,4.4835479468482635,12.663787594395169,32,0.8263474698448828,1.020404417397252,wandering
3.8062094056225257,3.720674221005531,8.186815636179379,106.74560074299949,11.76612525949658,39.62076012258355,19,0.30721087600595104,0.49103173487252355,distress
0.9416689128701285,0.05450764614471869,1.176314218083413,71.09314783545832,1.6257546074358202,0.6369064963850106,5,0.17134857591219224,0.0,normal
2.5306717310891234,5.034847856675135,20.713089357610208,93.24084643377567,9.257851456900537,28.779836720099723,1,0.09575725025741082,0.0,fall
1.430678216036938,0.5641418671877843,3.3411071363482945,94.15371242419363,2.10949988138417,6.998250979527816,31,0.8354297883898252,1.2180174247306277,wandering
2.5138177992045927,4.678220144033686,9.152046313324735,117.41698109734062,24.889502098840815,33.76259680227437,14,0.37226839989336025,0.2621708078548276,distress
1.0355717212319926,0.17574144533095054,1.303169540726697,76.20022639459175,1.7640523137448352,0.007329572950507401,0,0.19547381551655332,0.0,normal
2.874727829742645,3.149991208314102,18.999675146044574,94.00382043047296,5.311318967835491,34.4119450062633,1,0.08000336314951469,0.0,fall
1.6513307639800243,1.2067021116253933,2.8705447166991,82.91159794999838,5.697121610929849,12.386082602443512,47,0.8160401137075362,1.2285883955858068,wandering
3.163994302238623,4.31885462552718,6.613535248947885,103.666927633492,16.681437006577546,39.68353357221113,18,0.34001652286633555,0.4688959331858392,distress
0.9902506865332967,0.2937916423207853,1.4331270113112042,72.60374753500929,2.686012744997737,-1.8993260565935133,2,0.12953972168580405,0.0,normal
2.468659620750408,5.357435617513679,21.5906603590165,90.3784902730051,12.208249163478836,23.62207015067527,1,0.04876160251542325,0.0,fall
1.7953250315607454,0.7619043847766314,3.472917205146108,87.2842455001016,4.22692677346493,12.899831777183184,36,0.8829053445045827,1.1002545123972014,wandering
3.58028486288673,2.084557755571848,6.81644461854725,116.50488145480699,19.444642631516903,43.452900595510584,8,0.3922748722661838,0.2576404426338596,distress
1.0903379062484633,0.14999881426949713,1.1885680445939422,72.77188843859884,2.5054741059441286,0.1094445669046542,0,0.004383267191774798,0.0,normal
2.7835273267587173,4.805855905070305,21.322941120987682,93.66876757858886,5.46764281015361,32.94731196806548,2,0.058606569343675724,0.0,fall
1.4533096773316951,0.506483038071483,2.03192718530255,92.18032838726585,2.5118876150197407,14.809739282335805,30,0.8541483626094152,1.3219144638088702,wandering
2.3071375339753857,3.272833566446281,5.717015776223848,128.03085186944205,24.994931356150232,24.6998663183877,9,0.33061813052253347,0.4694285154608457,distress
1.0161384487162637,0.16513919374513292,1.0363108598926907,72.43757439482098,1.3291188117198722,1.903119909614599,9,0.1030312053956431,0.0,normal
2.330040681728989,5.2870428275668715,17.725047645870447,98.3414192668748,6.554323990674233,29.88630372584869,2,0.027046472118715525,0.0,fall
1.9713827671621353,0.6199154002776484,3.397098997195905,87.55334677679947,5.1483540203626905,11.083952352892368,41,0.8439588365817864,1.4101060144191888,wandering
2.8904978093688696,2.178122519115824,7.388053000563585,103.07760759397381,19.345613570140404,35.17598224826334,19,0.4478820306752771,0.4281975654257132,distress
0.9346985030364922,0.1824621718184033,1.4628586142006963,74.85689013752335,1.678619681376811,1.4537634796704153,1,0.017750232820301616,0.0,normal
1.9114589138944327,4.743010220619934,17.69472305689179,93.99176292314706,5.903251931299286,27.1797714816759,0,0.060101676818566596,0.0,fall
1.9633766734890696,1.2336996423130389,3.347654159441354,94.11244200867063,5.185486415881676,9.52637544249658,59,0.9244267972851341,1.3484492060367352,wandering
3.987680514378825,2.014836141297695,6.877972241668206,128.03892012740002,23.563051268405587,36.886211467200994,11,0.3304689810346566,0.1680297348587983,distress
1.0022831132712686,0.17499805177929872,1.0396943977793276,70.80707860188404,2.3015235283030497,1.8700880158876942,5,0.07303021722369295,0.0,normal
1.9308629731983635,3.2987915321922956,19.047385148824933,108.38800100181301,6.428931500000086,33.57943177474952,2,0.08047800809563001,0.0,fall
1.7845112615641767,0.8650189603020141,2.8329668845448013,94.60181031915916,3.2615151978887003,12.409620396362179,53,0.9283538845112232,1.186128077041822,wandering
3.5791645619667767,4.413547241704869,8.49807296049251,118.36809442102904,13.19353475620579,36.60237212687735,10,0.3773955042784328,0.2761612059981219,distress
1.0340731768921863,0.0856493616359542,1.3674984114703843,70.3429455398748,2.022184268693274,-0.9929805135083765,4,0.08203855689397953,0.0,normal
2.458846837163107,5.023426925409495,21.86605893902404,108.89967951793138,12.32305245776074,32.16838547517864,4,0.025092473825792373,0.0,fall
1.2046043970223297,1.2952814916763118,2.746298718372519,90.5268412312814,2.750444469734483,11.674260772081613,56,0.8334428424782894,1.263856489967588,wandering
3.750747340045235,3.7319322504251806,8.216076739260775,115.06141614072357,16.202954501847096,30.193578865089933,17,0.3834444981517342,0.4062756531328311,distress
1.0585723089403922,0.13359666430306233,1.4419616490794118,74.25881056912236,1.9744353795652982,0.40596967011537455,1,0.010535449109519491,0.0,normal
2.3158624931787686,3.398393419265882,17.25971571803668,91.55250761564565,7.094139860545596,32.193901576832246,1,0.07480498744770422,0.0,fall
1.518184708785026,1.4905850650128931,2.6149602701363417,88.61606323100628,2.2132398147802377,5.597842378523527,42,0.8523295023881406,1.179826594891511,wandering
3.4083104335805285,3.3760051814927503,9.649070152238547,121.88892074791247,19.16486072026157,40.03961232037449,19,0.42631050268479204,0.4608003974963197,distress
0.9229772329743325,0.24605070690407216,1.147379249225441,73.7681516627005,1.913414736010271,-1.8975250335349867,2,0.19558060328599544,0.0,normal
2.4688974443674607,4.318803941896015,19.89614903471773,93.86446378752244,6.334005085754997,34.15868601682709,0,0.0269881702301367,0.0,fall
1.881597321500512,1.349586899071904,2.842503762361231,84.35340068926409,2.169204404050758,10.977961740870517,33,0.886424783156309,1.062918665026186,wandering
2.9791072081452867,3.578310925423972,6.4613236830581435,121.58250683795922,10.345160871136777,22.74752413285721,11,0.39599814318029125,0.3399601400074147,distress
0.9213865410421337,0.1647476876080931,1.490431532363417,68.70899160705183,1.602153395369592,-1.1217992027922463,7,0.1686031038321445,0.0,normal
2.358724451730819,4.225672158109653,20.249378214488424,93.57258108422764,9.398875138151224,30.84099549336232,2,0.007962972311197926,0.0,fall
1.8808701471894893,0.6140665600440169,3.739111082645929,90.47524573802453,5.989929401629421,12.858233671184056,58,0.983676600837176,1.3933011149161898,wandering
2.6203936411330098,3.7923871763936083,6.827018352307546,107.05650625627958,12.826179262282185,35.772799382309515,6,0.39171394673210747,0.011142946550009747,distress
0.9854366643154062,0.2429605258915693,1.1452023878035673,70.55211159974849,1.644643908851399,-1.3957119675731708,3,0.08433840150396184,0.0,normal
2.301038969804347,4.4277350483535916,23.96130612791996,102.38231179985878,9.403144667734722,22.780283914558936,0,0.0037906618787508562,0.0,fall
1.452656582946535,1.143788415531827,3.3942500188886777,93.44569749201231,3.608361490902877,10.271584283534475,46,0.8904943583637182,1.27433846707659,wandering
2.398529528622173,3.986983640716474,6.548717620351788,109.18065907226094,13.201586232086973,30.482848423094495,19,0.668760964181093,0.37650262209760066,distress
1.051487694523333,0.183847606418287,1.1504048372284044,76.2620571866904,1.616040777174902,0.42867960752842826,1,0.0916574533407521,0.0,normal
1.9169682410010247,5.467453260045452,19.768614649578716,106.55589835506609,12.545067403027046,34.15509426607004,2,0.0967796941796467,0.0,fall
1.5876423671254485,1.121022132810106,2.3589125193135043,81.63070864683341,4.376372129150265,14.996718743741043,34,0.921931153860879,1.2475300820530317,wandering
3.789381219043838,2.0282679741740273,8.595614502572543,109.66730896848341,16.95443708951607,29.801053055262145,7,0.5998129545687256,0.32193679348784465,distress
0.9125214868243576,0.21990492834712078,1.3937357096861007,67.21530557537169,2.856429600632863,0.27971864003602587,0,0.03288260953697358,0.0,normal
2.490684812519643,3.6403243222045374,23.895329935193867,88.09290515962842,10.837614149082405,23.427386456963468,2,0.09742468318966217,0.0,fall
1.3086318734488132,0.8940877938705654,2.7984632864004477,87.45393005535254,2.6887602286268297,7.537802457385343,36,0.8765623541041804,1.40465646104064,wandering
3.107118342103079,4.624592413966506,5.8231050255182675,115.20293567676319,16.368152986116264,24.35204665658123,12,0.47079968715664366,0.20832350094496022,distress
1.0108025515765766,0.16780534989682755,1.1654220104024975,70.7112782283937,2.328333686935414,-0.7605891773436046,9,0.00883533789350306,0.0,normal
2.4442112807306637,5.930587982627127,20.621259067328,108.35991966162565,11.612311694140516,27.199996330489864,4,0.021158355617335957,0.0,fall
1.7337243845483163,1.0382011814201557,3.0167489910194805,87.17880564886191,5.26709773336893,6.592478078113196,37,0.858124084839351,1.2465170795818632,wandering
2.0496662987704193,2.117643613777185,9.194567658581956,129.7535589011233,16.382877789007207,24.50000565783072,10,0.6570598143867045,0.24803960661228236,distress
0.928000445929608,0.14186220131259913,1.2093433769546422,68.38063981681165,1.5208593181801962,-0.37168458206550214,1,0.05853387306583884,0.0,normal
2.1155402512607937,3.707455273481365,17.78468022855092,104.14831608692124,6.306886359523826,26.461996344223707,3,0.049312161164448975,0.0,fall
1.9397529552363277,1.2102437635417544,3.677555062056111,94.30586924913415,4.425412545128745,14.131673768116812,40,0.931146448747468,1.4280069153957635,wandering
3.1869893599021664,4.467835736916355,7.028910963017937,109.05738220608174,12.56260147794973,33.767251259830644,13,0.6579823365875654,0.01443490421494037,distress
1.07369047026009,0.2781237108764828,1.2122388291417932,71.7563099788004,1.9188554128589226,-0.722755595254204,8,0.04976824462345533,0.0,normal
2.3453190830448256,4.68426950831342,23.671923113367605,107.20926561912137,13.078438671523573,22.53073541530358,2,0.0033632227083484124,0.0,fall
1.760286315826205,0.9500794701704673,2.8000739311461222,90.37712364050955,2.900194261595897,14.410972228920514,47,0.9776126856194272,1.4774951166504056,wandering
3.765890213463406,2.4473562089760303,7.003253579391863,117.95789607604945,19.188125591221194,36.73566278149086,14,0.6380012411330402,0.15318053794411818,distress
1.0357045798980027,0.061315561782145714,1.3478859157892036,67.55512330775414,1.6234147974880546,-1.4950767722488867,6,0.08378725249125743,0.0,normal
2.636295239021463,3.1499789779764065,20.62009203389095,106.81119988554863,11.430535647670267,28.53768183409801,1,0.011273949304168097,0.0,fall
1.564658035918966,0.9951176661520311,3.3159249330254497,87.35200023854352,4.349083067652399,14.944405390153149,34,0.9964748602659959,1.1926303415532562,wandering
3.5232819143578142,2.16789055389749,8.533221392575468,116.16910638697645,19.30235753092183,30.655013261240974,13,0.5404591242852637,0.3514344926016968,distress
0.9994649251278814,0.06977091824559285,1.3578518796776606,68.2333710301953,1.9768448670088832,1.6256325989201792,8,0.13896875801389072,0.0,normal
2.22953126051965,3.769787222504122,21.87323024606983,98.8826717324668,10.62713057998325,29.99184552655928,0,0.01884688913537408,0.0,fall
1.7619662838312034,1.3631102938513182,2.1561718404518517,89.79460704744442,2.9541845249295053,9.331871387667917,47,0.8581219583996099,1.415408028600921,wandering
2.1131136887475384,4.015744826538201,8.776704887156544,110.42554208371561,14.005180836642422,39.01169037280974,14,0.4873110961009933,0.42825199425236066,distress
1.0076604049531337,0.20437692401135327,1.079659052473245,68.99850791437954,1.7635689987717451,-1.3259132866616286,2,0.15125133556065412,0.0,normal
1.890941107989295,3.086834299691004,20.822382104340633,91.40587784384645,9.475978338858935,27.36034836160481,1,0.04447741836154169,0.0,fall
1.3758548723555593,0.9445529392677088,3.5588370392038984,81.53376122523837,2.4458477897753803,7.0090071049696965,45,0.9822877554447011,1.4757275906719616,wandering
2.7056765476201963,3.774643127069787,6.540537502358437,128.06570233809018,12.710990209957538,16.85650569014417,16,0.3425898639412279,0.463991920690797,distress
1.0990633747586505,0.2542464149412821,1.2643896793395082,67.96088064485966,1.50367212672053,0.4996901724133611,1,0.0049370415738335454,0.0,normal
2.6863888963657234,3.1458981594192625,19.58110603656754,92.42783402397168,6.785169414890387,30.156545405004792,1,0.035369346774292355,0.0,fall
1.758407898636699,1.000701878668804,3.929359128000261,87.58337020469557,3.8770495089254435,8.82822088976939,50,0.8135627419035981,1.4555327412277874,wandering
2.9319481915734245,3.8213848649884383,6.449359096278944,107.66551948165055,13.074528453383866,39.92978105080688,11,0.315791609898743,0.06609228514661203,distress
1.0898801937310154,0.24863991612265673,1.144629976137374,73.78908440419632,1.5666525210225757,0.78713575848312,1,0.15019703749937177,0.0,normal
1.8387359365550768,5.540977985150272,16.296764142624518,96.46985309876688,14.641373287764196,27.34313681964226,1,0.07374526068539879,0.0,fall
1.9571317443726644,0.7613187216808421,2.078380498568854,80.4304863154691,3.096972287862508,13.397013368734829,52,0.9085215140201781,1.1669865971112952,wandering
2.0461421138197156,4.917940701661422,8.076942778725808,120.54569465826737,20.604486028123986,29.791969566690035,12,0.6533436548863344,0.26486725643375175,distress
1.0485856027117633,0.1059094996228301,1.3585055318636807,68.16127036798767,1.493378010203097,0.9381866172082907,6,0.15733628709682754,0.0,normal
1.5735207090860899,5.28960365356558,17.333170474062936,105.8747308468711,7.471483146353019,28.42935282257238,3,0.08478548070960912,0.0,fall
1.4893006876623158,1.4487078130217987,2.033946786135499,88.21913434956517,2.354157227727068,11.27202141226114,44,0.9743672325828916,1.410599745621028,wandering
2.263597587163643,4.173584149385178,9.829888676005528,126.1354403634519,20.872933492571214,27.949100038842488,8,0.6828477867868442,0.41979633304163105,distress
1.0831327914092221,0.22890507014834494,1.3553541354911374,71.69789695050646,1.0052087804994163,1.4338384975817253,5,0.1604414648583502,0.0,normal
2.9347668982178283,3.5606668936960686,15.315436664131438,93.83726420782445,6.484310168613731,29.263481962608036,3,0.08263679644522018,0.0,fall
1.5284505825678514,1.4546518690853643,2.4858542740488243,91.7318634174352,3.6409128529112764,11.884636877563963,32,0.8773602982139935,1.3642394364225174,wandering
2.492843444915504,3.5814650801470496,9.817528742955735,128.79001017278196,23.246480470932575,15.185476516823247,9,0.37406348844841336,0.0008686604513691853,distress
1.041051695048149,0.06635711968787895,1.1690515780502109,70.61037830538557,1.4914215179492307,-1.9389509957698783,7,0.11493265146303491,0.0,normal
2.363228100087024,5.469202770891734,19.545634493454315,109.16730117227976,8.697056833967851,33.31566856333629,0,0.038529576487077624,0.0,fall
1.6579353851396956,0.544176885174752,3.9597956593413755,92.73024097130147,4.687796937187063,14.665671147213951,32,0.9616465093600969,1.2670534638775963,wandering
2.3857687379419277,3.7279846122980658,8.625739325706196,111.60707875526325,21.692504897421042,41.373362122181675,8,0.5894061654004954,0.37632636938393127,distress
0.9719273315835747,0.2470102962686247,1.2897283674805526,75.93172188806503,2.5458450308028215,-0.9991436282083987,2,0.1239304543609811,0.0,normal
2.3561817770042515,5.12417964709052,19.86343868781185,105.0807746329681,8.638337684483712,34.48943327758383,4,0.018574467239905645,0.0,fall
1.2090366938158952,1.4908682456458797,3.2968815513867105,89.028695350286,5.52764974543285,7.518323155116607,47,0.8459469640427081,1.2703196189898454,wandering
3.578597177389747,4.363808172156969,5.815627754828406,103.20989328279418,15.599619274838403,38.07592941273616,12,0.661027160985119,0.05319623784209615,distress
1.0462589226458767,0.23970391154701576,1.209736910823805,67.69326872361475,2.4300372645632375,-1.0584130359496475,0,0.010388027512719855,0.0,normal
1.9879887493790334,3.115445677191522,23.224785256765767,92.1759064113236,13.480590420656144,33.33527371500209,2,0.053768058950298986,0.0,fall
1.6517523464958213,0.7850166649053858,2.2857658149002775,93.49928558663629,4.730875913389042,14.913229231052131,30,0.9789145253508207,1.2374059778607938,wandering
3.539405763113332,3.3984832144308035,5.4904056882636,110.16053643264034,15.165835234263108,35.051823008428244,7,0.3851341407019084,0.30016767569765024,distress
1.0342601506035285,0.243860608614264,1.146166624706656,68.06931481452841,1.8579753415164806,0.6968172685970475,1,0.1732445938201898,0.0,normal
1.561607242122987,4.850194704390706,15.541495028059686,91.11766044137855,6.852664961245435,21.041496156210965,2,0.07034431064542467,0.0,fall
1.9880085065781843,1.0850678105657048,3.438046951637533,90.32963652507823,4.6930743270946556,5.022526970135046,41,0.9473533887909079,1.258518917129932,wandering
2.0822209070638884,4.671025735570631,6.15438944116824,103.39127485875808,22.35446164041563,31.533347792835407,13,0.3087996449475959,0.029973082817874364,distress
1.0178221749087317,0.24249911397364982,1.0350365706579883,70.06037095874925,2.5352230036049312,0.4205050549835896,6,0.09677101486855266,0.0,normal
1.804166515839837,5.857732619818677,23.544051801680492,98.62954554295031,8.617891627051536,20.85910710898117,3,0.08898312962735742,0.0,fall
1.2030707746811864,1.1932026150995485,3.5960337353046006,92.42109245548426,2.3951508542404203,7.707700558352673,42,0.8363198637273732,1.3114148394155876,wandering
2.398894686001847,3.0992222642025693,5.305928399940747,105.21372598794885,12.364639555539203,24.817583350545444,9,0.40946692868526735,0.2702148537201493,distress
0.9257006060709297,0.15869567530719114,1.0735352304686399,76.01729311378887,1.964520008532072,-0.4464439321142182,6,0.1884414897585388,0.0,normal
2.872424616930993,4.187536691197961,21.888343401832895,88.26782526937906,11.751567250951597,25.441052511842145,3,0.0036046984589834575,0.0,fall
1.9010078949329352,1.4462656173317003,2.4313421112925884,90.78423855614722,2.567342415189328,13.491651829952449,35,0.9936108036363982,1.265392484150628,wandering
2.1841149433770606,3.5497327026425407,8.973328528784256,103.0483115315352,21.708914019020327,27.587216259336103,7,0.5605300388343528,0.4714045764209408,distress
0.9159155714785796,0.12596470067078336,1.151817166920451,76.14720679690136,2.203704748269823,0.6589489410674361,9,0.109615484757225,0.0,normal
1.5822646332606876,3.2487080297510955,20.682923860751387,98.06218288756915,13.93296820871534,20.67826209437841,3,0.05175049733312921,0.0,fall
1.6198216415598035,0.623038154998641,2.773682393319952,89.81137471857295,3.340835033785811,7.552794492706761,30,0.8069669978522509,1.1757817110158606,wandering
3.159894406713512,2.4145903694447677,5.587306499728452,122.47895980486479,10.138024726290848,21.67826806027076,5,0.4383643507662632,0.19290118065663314,distress
0.9758150833773331,0.181813405898892,1.3519332526229735,76.53613881334155,2.8382087114013927,1.505340574667497,1,0.10223758067212646,0.0,normal
2.5134908668476457,5.2979270535640985,15.387623865856666,94.68186158569867,11.654668621196713,30.37497844539421,1,0.08910963728259637,0.0,fall
1.2542991987040988,1.4440734187765347,2.3002041493475924,87.3656991737941,5.956312828176567,13.111936962829525,56,0.8399463779018489,1.211017528842061,wandering
2.633817902213983,3.926996020293531,6.99438526615846,127.51354813890586,10.935361850939888,32.15265793778642,18,0.582742802449884,0.09145582940780111,distress
1.0510371738670081,0.21315063899828718,1.4184245735038927,70.66513278708689,2.151539958203931,-1.0126941778722491,8,0.16046568379127618,0.0,normal
2.94794940887523,5.731054615464654,21.1933582792755,101.12615838117932,11.840082175598107,20.262577401427357,4,0.00013802432492042717,0.0,fall
1.65875537453833,0.8290133883104818,3.2558777952985487,84.34644469804776,3.2071481833933966,5.881170158965741,31,0.9497576519543883,1.4072701381624282,wandering
2.0634887605974574,2.63885977827537,6.062602433080864,112.60107607793417,15.206828508385922,29.3126623252515,8,0.36455541967112853,0.12964211738510556,distress
1.0962859457232454,0.24389298587998975,1.3021221955355977,67.43120455439251,1.0223477331010717,-1.42361022485274,2,0.019383282577381512,0.0,normal
2.3885509547932244,3.6712263369277975,17.400807637963624,108.99193368921655,10.947042200692465,20.532970487753527,4,0.07552127606309636,0.0,fall
1.5527020363047064,1.2745171099172143,2.6167175490263253,87.87388945853701,3.8805514880857763,5.574419081845728,41,0.9200903601894096,1.0539492233423269,wandering
3.696366747019522,4.377246943017842,5.095109338193632,116.6394377937113,19.591806920630923,30.143608197899916,19,0.4510040721677553,0.09878649353363106,distress
1.0354841102124797,0.1656811408424922,1.4591467593396492,68.88768824339283,1.1328517670194285,-1.9573262065381587,9,0.11456385198947999,0.0,normal
2.5539742278577764,4.69514416025808,24.86608298637927,98.00120206561824,7.480821480334856,30.2252872949351,1,0.09260235781765798,0.0,fall
1.9434589957525015,0.6853662582419713,3.1755973812930565,84.79021246192912,2.587528887097235,14.980411930330794,59,0.8668230890135094,1.0719402429573697,wandering
2.095882808631127,3.8677598632766017,6.342293849346168,120.96700381373715,21.641374546457115,21.965555249744458,5,0.6467095280728031,0.12849406476464836,distress
1.093962865823951,0.1871877158257002,1.4947401937250449,76.10205472132662,1.616330687795675,-1.061007960925671,2,0.19045360774950426,0.0,normal
2.181668012386698,3.334314809628732,19.318637466106843,108.07308430080408,7.821947115997152,33.471936186389016,4,0.09582459120545816,0.0,fall
1.5830464367212715,0.8784369212416373,3.4804143778149577,81.32642692357493,5.937270164371865,12.615371475846763,55,0.9464701676809678,1.3380154968794007,wandering
2.008403958691214,3.7272467160159106,9.975676529088517,100.80768235117836,10.388703783098427,33.06146987748441,13,0.3875188211295787,0.47018396054292055,distress
1.0361141547369872,0.08221086686549876,1.4706682368706625,71.45101619830739,1.2184634812433965,-0.3102404687214628,7,0.18602200197031993,0.0,normal
1.6630615077159865,3.8086501251154457,22.240835504245137,108.9604242027011,14.062624054824752,28.357047595371483,2,0.07288659670561361,0.0,fall
1.3058747320729687,0.7797465578756654,3.164249600827967,90.43603775314126,5.718467207744126,14.489119589028029,53,0.8951813387910604,1.24865148733756,wandering
2.393121386596373,2.64209469122392,7.07093556999319,126.73751375809272,21.184045967483133,26.48621881469304,17,0.38094674146662366,0.45641311071450624,distress
1.0923023712229925,0.21177184075101035,1.012381372534373,72.59204114918629,1.454500216807502,-0.5106803609929793,7,0.009308082701334387,0.0,normal
2.777727434119477,4.058851716567812,20.794699991196577,106.86677945928486,14.865840614279819,25.13978499633391,3,0.021260569400487796,0.0,fall
1.6682808071564015,1.0633865686910169,3.771817371037948,85.50361694961093,3.780867771486191,7.702024643140193,46,0.9115448391272787,1.2007713237084945,wandering
3.527855398786056,4.602221133976677,6.200907455787718,108.00178434024964,21.255116945440523,39.493737285633784,6,0.42309755367067076,0.29706639659518,distress
0.9185387395331062,0.1449860178404076,1.4171564696545127,76.78186390176022,1.0082630833187856,0.6180706428510954,0,0.17846662542597155,0.0,normal
2.4297740116561335,3.3263790577293366,22.608016870995385,92.80640620582801,5.202004141313214,31.173006211548646,2,0.0023408702201798137,0.0,fall
1.7814760147599142,0.9755597226637909,2.7785467949971374,83.19400485726823,3.8059347851585614,6.533229140875665,31,0.939332558716947,1.2054512522774115,wandering
2.77713702434674,3.865589909581296,9.363379567049222,127.24639519322112,20.559547201549016,38.16964400929239,7,0.35065881946523003,0.49755274492402424,distress
1.0476911512116465,0.2578984504939365,1.4212997271891008,75.98221708794142,2.8512562162662105,-0.9316046657498167,3,0.0026569035453655413,0.0,normal
2.3271025344470955,4.836257134946525,19.883282598489185,102.71839795730511,12.27866036354436,25.818044223063364,4,0.022412724753078407,0.0,fall
1.3527043152850031,0.8686759618803417,3.157022631300742,92.96979172164008,5.26500390633208,7.418023554334175,40,0.978754199990871,1.4666638052280696,wandering
2.9442154819265056,4.321094504264404,8.86160141780549,128.32084764738582,23.44210498858301,43.36887979064805,10,0.3809677934956753,0.06088356041592918,distress
0.925878833576112,0.10683233862625215,1.3251128441378417,70.56954993799256,2.631644386413856,-1.3693945996467183,4,0.18254421777408078,0.0,normal
2.271611750855782,3.781842604180948,15.227430520013298,94.60191685667915,6.68936580660673,34.75876028368904,2,0.07943024939712254,0.0,fall
1.3880013398276028,0.6188389011254526,2.179618387916917,94.82684104744068,5.808010512294385,9.079897992365183,37,0.9210523290351187,1.130059183156601,wandering
2.8681590377458646,2.974363850095174,5.228295538897678,124.06715609574304,19.500190796537797,32.62099415546639,16,0.59549123981643,0.17211645221900373,distress
0.9047800362135862,0.24745271511407496,1.217832603033292,71.28128538370453,2.0977096835979583,1.2284184478689664,2,0.0410075870014927,0.0,normal
2.626293744571451,4.116546321549116,24.09644742169708,100.6677251721448,7.652627545190941,23.705286135199877,0,0.07335570337969714,0.0,fall
1.8158263793906444,1.3444511664825254,3.600756933455676,82.246039800014,5.961467551137923,9.97857264221747,47,0.9068737733700175,1.0926456764947419,wandering
3.5981469493606135,4.629188673101572,9.681524487547787,111.88600303998956,16.941869615927782,33.21611143022234,7,0.6287223892000706,0.20140184852371218,distress
0.9954952672792772,0.21341141491234833,1.4713733739090888,72.58612690300073,2.658306934488241,-0.023069221437986176,8,0.14954876572535858,0.0,normal
1.8165149317366183,5.11139606710346,20.33976174014341,90.40739023095463,10.269250213188897,29.70621452363259,0,0.0437852439798087,0.0,fall
1.9257022968711237,1.1948889655814807,3.8671926322996173,89.2563370213462,2.4660219072974754,12.255773438867777,54,0.9784928212331687,1.1965750672617554,wandering
3.4242948664306776,4.557564415779135,6.649570458209897,121.13180529862869,18.66773585882619,20.899526447763236,6,0.6482916620646976,0.3205372606653283,distress
1.0293972457496734,0.16450535132888433,1.2616583698144754,68.0723022560586,1.5376328010725355,0.15050214321437538,5,0.08900093517534398,0.0,normal
2.2433339293091734,4.325856265140063,23.876730917118763,109.27269300041607,10.092535842729678,21.55913152323463,1,0.0188704641392074,0.0,fall
1.568357140662586,1.3042511162773742,3.5087590149494243,81.55293205934942,5.590186497119095,6.472496811999818,45,0.9030914315294674,1.1205967229209266,wandering
3.2743439608767737,4.5400596241992535,8.263378737713193,105.94726352609871,24.326024924053357,42.498968518311386,5,0.43503924941040534,0.33037367260403,distress
1.0635316960105852,0.1260901551980117,1.0339350507756793,75.67849334815764,2.326259717072676,-1.6638968472365354,6,0.09152737890578698,0.0,normal
1.5159940139377208,3.1181232347055987,18.841049661793225,91.27788390856783,13.35959062691119,34.6974364581514,4,0.014968015642645317,0.0,fall
1.4219428432434502,1.3666784938289764,3.3618154182400763,93.82088239471432,5.9075081118725,6.4594939137666465,59,0.9251990246337535,1.0752057692610386,wandering
3.451568753594322,3.6380413395372027,9.617562020272729,118.32087249437438,11.15578025141665,31.897463266975837,18,0.587653598560891,0.3104165439449876,distress
1.0579179797934093,0.2612539243232215,1.059528668321928,71.3600562539723,1.2549671031028995,-0.07117605133477634,5,0.1588683553426573,0.0,normal
2.9229469166610342,4.315107637303541,24.281061270223766,87.94372809740983,5.740418899005915,21.62479881948314,3,0.06950104154171498,0.0,fall
1.8654036214047385,0.6937438172255564,3.978426874467951,81.85119129113842,2.26058121910201,8.351346722854988,42,0.9700879374328094,1.0714500446760102,wandering
2.9829792362033682,2.0695297003413478,9.808054383457781,110.96475893424837,15.59219238447017,25.475123989102322,6,0.49391787074060145,0.42639698958737954,distress
0.9232934209569892,0.2907084888514729,1.2476409209878905,68.18643586519322,1.0008902855482762,-1.8109064298374875,7,0.18340025580070335,0.0,normal
1.8519153875053445,5.4518205381131075,18.662529096051706,95.5585044562014,13.665838714654049,32.23645762929142,4,0.05875475076290222,0.0,fall
1.9397078736010003,1.2980307904655197,2.6170825839001988,89.43998270065057,3.7777509092988693,14.856035108562015,57,0.8517706165030873,1.1687340909688329,wandering
2.2300750406253047,2.057909052991994,5.379661992341431,124.40229927352357,13.649135208713213,26.55103840437196,11,0.3427452681317875,0.48096220575246523,distress
1.055558934260167,0.21661650511210473,1.490436417715196,67.6990613712726,1.3172382473064146,1.8622475524064561,1,0.07564752739225683,0.0,normal
2.199016606283796,5.293359814635929,20.85923137308187,86.0203314101715,10.954518287571641,27.33390161302643,1,0.09321550494844544,0.0,fall
1.378334685004452,1.1911708223221205,3.125429953210782,88.32669973531605,3.6077384993046446,6.633176396244317,49,0.8905168458040453,1.1676515287186056,wandering
3.7916007786804613,3.9027874421003834,5.355907723532013,115.9993604422879,18.2722657117151,38.893933757595136,12,0.34525837050317465,0.14398906904162895,distress
0.9299341202805714,0.20325313687796365,1.1509852936751679,75.6482739328692,2.942955938173893,-1.7750581034930737,3,0.037110434006501894,0.0,normal
2.416474795819079,5.928615032516392,15.76129499914799,105.55215802143292,9.598075348740528,30.919799733705556,0,0.050630382368416806,0.0,fall
1.8938977865962303,0.5486426263128702,3.920919970461084,83.84666025524831,4.728378100029324,12.631716439551273,30,0.918816823477777,1.4140955602053156,wandering
2.993258832474849,2.4195863875379224,8.007261777313126,123.73942081099588,20.037222432658478,31.264871300950475,19,0.459842499162679,0.3440540451588249,distress
1.0611156881831258,0.10545610488768152,1.4573037200743428,74.96779671015058,2.7423026752410333,1.4052448662832404,8,0.030136158887369605,0.0,normal
1.5084091108241418,5.484539773283604,22.67290219189966,88.27512650766715,7.293958213329075,30.71911353750059,3,0.07861844273074012,0.0,fall
1.4394597064138595,0.8976972009816014,2.9460004004729194,84.41004026936041,3.721248260186987,6.768368966667049,59,0.985294854175674,1.065175565476514,wandering
3.047394791592344,4.471486563198473,6.517835788766005,125.50994618861692,15.243645078500013,16.00516091925487,5,0.5430176359396951,0.4065874743144432,distress
1.033501056555306,0.19733338787678373,1.1204525100059672,75.60639159377652,2.172219495052854,-0.08012888403347329,3,0.115221296728178,0.0,normal
1.9660783824152213,3.9002573437485966,22.526626062522872,107.63311659846065,9.152480468414808,31.226940170095613,0,0.020671527564581973,0.0,fall
1.230820542383097,1.46587976249847,2.484383197873365,93.14451326854338,4.439848135800357,8.369662406919748,40,0.9897828681774452,1.1477400935220672,wandering
2.0785397725068044,4.755237069139291,7.98915349190222,115.30191801178368,19.016640845361934,15.614400156021704,15,0.43323039583765377,0.08163568832130857,distress
0.9991073867975659,0.16495090206057555,1.2367114447387848,74.21101079088703,1.0472255041394043,-0.6317987111282175,5,0.16395372637118683,0.0,normal
2.882502257790837,5.316057559332638,15.363933874296453,96.81073108993029,6.56130524830302,25.795057085116564,1,0.09284024887419232,0.0,fall
1.750598131384946,0.9500976254465817,3.6110328678618413,87.13755554614775,5.757329814502132,6.569763390019835,47,0.9321261436641343,1.077349500989683,wandering
3.6433922864014714,4.757973002500162,8.621316235561782,101.42121832426132,21.58683691975387,40.428674724493966,15,0.5816475206436553,0.44277668431835465,distress
1.0188711997690756,0.17053573764269986,1.3670196515533575,75.28984764036893,2.474190886455661,-0.7945717694363594,3,0.03385832697680826,0.0,normal
2.146291964380573,4.2476525689051545,19.170364253957693,103.84570922425637,12.212110723716435,29.888172407186016,4,0.04516171292179658,0.0,fall
1.64698456186573,0.7606012336055,2.8953403502114963,84.28461653200907,5.02150258041776,10.67784863900957,30,0.9646007274372277,1.1558712774167879,wandering
3.9591185069459613,3.4935499471695923,7.127622319765717,101.30754249325054,11.151614873468656,44.038808331652604,8,0.6038885569815428,0.374180479005097,distress
1.091982604506807,0.24262378725258976,1.4643506342330852,72.86987766902548,2.2018619336459473,0.4959890388434234,1,0.19696315068829662,0.0,normal
2.352956520393092,3.7575773951908764,21.437522141417283,100.1464866977733,11.127265963949355,23.4233258308127,1,0.035567494920885866,0.0,fall
1.7433211646629097,0.8645108267662092,3.314747799031208,87.84231133155889,2.045651626575556,9.978760102877526,41,0.8125274079196235,1.3608582675442207,wandering
2.962604110035241,2.6651597570577206,5.622547167509316,115.87705548476501,14.166915060945964,19.51448363292462,8,0.49795584041125407,0.12810298460696135,distress
0.9672397739139544,0.11026053314520602,1.1358087533325658,68.88251842390254,1.791528578749047,-0.7710266367345011,8,0.03070109480215353,0.0,normal
2.4121760649796795,3.038125780393986,22.339284998063057,88.78043637638557,13.880583621923318,29.219799696266072,4,0.018403762688281734,0.0,fall
1.7412901289273788,1.3412744068934768,2.1578849831042746,86.9812470354477,4.163284985168449,5.090869778032746,53,0.8277156490467109,1.419470634713593,wandering
3.2474378793554486,4.395786279474347,9.266508225623053,129.31176513348132,13.356632716132786,15.199577939210338,16,0.5612121773593486,0.38691497238510064,distress
0.9424714593578459,0.26057276870582885,1.1627174630461583,69.40637803156226,2.54694829771746,0.9660000622477845,4,0.10041532578912929,0.0,normal
2.5344252708672705,4.146173565336289,21.64053754108369,104.75824281389208,6.348593752232618,26.49589350568631,4,0.0221850203072287,0.0,fall
1.287787519501381,0.5603764658348764,3.748549518723106,86.57334517695686,3.8761840181947886,6.131609392690043,39,0.8651711744438302,1.4763031647167058,wandering
3.4283681181658117,4.8326814707259125,8.644931774427711,107.56335258419304,20.99703896520059,35.478934726685864,13,0.33350520262718897,0.12028981085926427,distress
0.9842925139153711,0.06182187393854523,1.20935789849379,70.82705259673662,1.6698419384296004,0.16972538477052979,2,0.05818480085021192,0.0,normal
2.8186731677067463,3.658590190594685,21.81162004379696,100.77130769983313,7.108017019784842,22.08035989199401,0,0.043758046348049896,0.0,fall
1.9495563490061463,1.4201311556001364,3.635644224033211,94.56762940667761,2.736734493339857,7.388466930142892,44,0.9501343910758531,1.136267407245026,wandering
2.052930959621076,4.548577093039578,9.020519146040886,122.87055721560756,16.22181066519452,20.5474084800276,7,0.4253538514296278,0.08066342431772883,distress
0.9469366652320234,0.19336273657990183,1.3362621428295904,67.15618887050937,1.1494320742619581,1.61702669381709,5,0.17954843402054455,0.0,normal
2.368432113692176,3.814073412349659,18.465438954585142,101.5231994206146,5.710659404714148,26.59178346487764,4,0.029159888052758667,0.0,fall
1.2797826495237845,1.4094916363241012,3.092369071624126,82.53731448275285,4.4411828808838765,7.916107342355141,50,0.8179004524824721,1.0719735397325163,wandering
2.5807477028810695,2.798954402022143,5.264757400997499,115.98544102241357,11.983293400427442,31.362035347253002,8,0.6151815889075581,0.41118198461335664,distress
0.9166831834474009,0.13863985247050015,1.0864083941370373,69.83312322215308,1.7345172243034708,-1.1287783990852915,4,0.054901692606995026,0.0,normal
2.2736729926762873,5.2590750819366106,19.466954410942286,109.3580932893162,11.985869635242159,32.03034845251045,3,0.07134296047985747,0.0,fall
1.42701497636513,1.1242218356042244,2.4578975698970575,85.58711151356081,3.0383819442962867,8.76353101597143,48,0.8757167172067122,1.37298329883092,wandering
2.8088927297802373,2.432763428112361,9.986210601571411,113.85612900845311,17.978164184212254,15.39484213597768,17,0.49112099068284487,0.195662133857207,distress
0.9250293252649685,0.05144139794338111,1.2917258340486983,73.09403851810566,2.947639743504558,1.8297568448102512,2,0.15987894415868456,0.0,normal
2.891265161729063,3.1255043208696627,19.3313869208726,90.92080202575897,9.309760630363268,32.95337072224525,2,0.09493109519842839,0.0,fall
1.847020987376899,0.9497734444125575,2.8360153703526727,88.01664437375935,4.859780456356304,7.936217435016553,41,0.9745867542705101,1.2010162356017753,wandering
3.205509960109075,2.85204644344355,6.03723184764819,129.71923091993068,19.580957973194565,25.25152392463656,16,0.3703790175298176,0.421313205326578,distress
1.0767977003864568,0.05995597183135744,1.2890927592299544,75.20624459569478,1.2110244052723134,-0.185384373745904,8,0.02985991094420506,0.0,normal
2.5418973175305872,3.811403824982997,17.056247466266377,102.72183745639174,11.83609240556147,32.89534758221314,4,0.07131469113723783,0.0,fall
1.622816963289571,1.4406360367571975,3.380475136697528,87.6030228764066,5.707349765076689,5.254428796415457,57,0.9337948984347184,1.2858419931149967,wandering
3.575128902309544,4.181361783210284,7.833611091413907,106.16644192187896,17.49719116211586,37.00446535550205,18,0.4263030804773651,0.48151226443540357,distress
0.9007156945555909,0.2227847012185436,1.3600350852697427,71.3658050629721,1.0267431328606516,-0.9030610877031813,7,0.006917448712058617,0.0,normal
2.5554649042249675,5.469731115660627,19.407145924473326,93.4155350382484,11.981819003169846,22.741710100604813,2,0.02180841974088306,0.0,fall
1.9065004961723098,0.9496867438335632,3.0182748300968236,84.19078618737923,2.4846476183333355,13.745385592425414,54,0.956727951952068,1.3618887554503638,wandering
2.6633385093593724,3.3199787444984383,7.7333323106724805,109.61849883186332,12.98610333529587,33.598815495330385,14,0.6512274656502635,0.33401984778354915,distress
0.942651235741137,0.1429667080283497,1.2084083826179526,72.76718595671743,1.2522456849402828,-0.9360061761161633,9,0.17256425016717397,0.0,normal
1.9582904683060685,3.856289058656199,18.45670063675885,99.1232844432408,5.739128954893067,26.67472373419517,2,0.01900543178311942,0.0,fall
1.8244757259083555,1.1386374634642622,3.4052514028232608,91.55928695661771,2.2801796471860514,14.706441621212571,56,0.8536364060998084,1.356693513579227,wandering
3.3378440946666386,2.3262922549938754,7.6923361917234345,109.33418012052142,22.468987000510925,19.03230385112963,9,0.6578655592652608,0.4528522040952143,distress
1.0726461527171223,0.08467731114549569,1.3671826120304718,71.18598193927347,2.558680037279186,-1.8255315567623889,1,0.08702045855918639,0.0,normal
2.482277125215822,4.985248326318247,23.005438055462562,89.8793315327733,12.032171608647008,33.934468703890026,4,0.06612382799591089,0.0,fall
1.9434715245910648,1.1229539487360203,3.799343960906051,85.11436713474112,2.07204754131562,14.088143368443175,31,0.891156164359101,1.3546772654126085,wandering
2.751434885181564,3.7214123194327797,9.927217661537414,111.67113373651564,12.484228757454677,19.569865315129704,13,0.49411868848720586,0.20776712585475132,distress
1.0468699119761418,0.07516993501412957,1.1249716240979097,67.68147161810613,1.930871291824736,0.5911332476944193,8,0.004678291607489871,0.0,normal
1.6971980470184655,5.232628651894151,21.86912291432411,106.38388922900299,9.1315443641478,25.962382356583163,1,0.06768452455576633,0.0,fall
1.2759496479906605,1.3037742885000347,2.009748536513379,87.59686453329076,4.10629408106907,6.752878393276225,52,0.9685030975173465,1.0718699324975483,wandering
3.5449631430392836,2.1478032501033306,8.18978611051779,100.15625927202782,23.26965592085142,16.42322872422909,17,0.42741163419621203,0.4194905954051846,distress
1.0503177908417998,0.09445211705741376,1.3238166218460237,70.49635467187916,2.863822878450087,-0.43501748161477316,5,0.15885743291496296,0.0,normal
1.666749258678074,4.870969607328227,20.66657027979129,88.4824027913363,10.506910849601223,21.675277720474423,4,0.08248309723660435,0.0,fall
1.935825446719917,1.1340499151637635,3.0033025809530507,83.96256932686565,5.9142487475319125,6.539501720433626,48,0.9744436099200036,1.2723664681243236,wandering
3.2438706955358363,2.362212205199746,7.929026249436015,123.61456606103572,19.837020933759554,27.849454779181926,13,0.35089918585308855,0.01236307193567443,distress
1.085507671812805,0.29777826766098625,1.0151684679675947,76.13423690491733,2.112376114471413,0.7481600498785177,3,0.12168928953638214,0.0,normal
1.7800078640695824,4.908637951502234,21.2690200804692,92.89236647564213,7.794596919360744,29.637696074187478,4,0.006961929119055199,0.0,fall
1.666333662783261,1.221395176311407,2.413598847153282,81.6973949627345,3.1455578225518193,14.051796112759869,38,0.8960921997159998,1.2125746399192872,wandering
2.033254145702516,2.672632355276686,6.157915543765972,102.86978720678239,23.518509977040374,33.14308828081755,10,0.5795421003118377,0.25201586804953047,distress
1.0535238299308398,0.14508258474461133,1.3022646039498713,73.20190304172297,1.1812034310823523,-0.03252634285695821,6,0.052826553382995516,0.0,normal
2.607722651993232,4.9855009154255585,16.94003955252166,90.58738377414437,13.028972610116323,22.52583809828309,4,0.005536032471585961,0.0,fall
1.8391034700400213,1.3460616228603237,3.129969633900389,94.69993671203645,2.8104871818493273,9.92745725404227,40,0.8015890288009939,1.3476639669198194,wandering
2.2366011657938394,3.5325377879981374,5.312891693830373,107.74162206849485,23.5412911250214,30.810084726950965,11,0.4512452532852247,0.012265321241326288,distress
1.0591993504755848,0.26095297316488353,1.115909650164829,69.95490161317662,1.7500007685683152,0.9137879076794797,8,0.1862817442376416,0.0,normal
1.5102367711719953,4.810824429873604,15.305551729902971,98.97010768871442,12.448292327664916,32.76118792224026,0,0.08335742472279163,0.0,fall
1.9756303337450416,1.4931638585426303,2.128828055565534,82.97314985477944,3.7422313979400728,13.666560057032532,44,0.8100182865541744,1.2972708049416806,wandering
2.5679582676612585,2.156561723760437,9.017532731800856,128.69308189232945,24.646796486521634,16.34235516388457,5,0.43423116429736036,0.004215634759604403,distress
0.9346924747073326,0.17905464065404092,1.1908996712609428,68.57897233860358,1.4254432829924573,-0.8294165294167057,5,0.019581129291640954,0.0,normal
2.119814177273766,3.1613255889921854,18.59427863063741,89.22020431593796,8.200963836685615,32.26558830723236,3,0.04608617794106132,0.0,fall
1.2291040098858628,1.291841376456553,3.3651885560979182,92.4027124386261,4.0804053410707635,5.61203419187838,31,0.9826851371628609,1.2213637968050284,wandering
3.390761251091159,2.823915804278516,5.234973139026313,103.79744774739594,10.206256353682146,37.6249164192577,7,0.38709112885385183,0.1482888087678903,distress
0.9572436905513445,0.2376580361290107,1.165042430762776,75.40313633728104,2.942179461229371,1.3818040842072365,9,0.11270862713266316,0.0,normal
2.135404902556347,3.694812151967178,24.43246172291385,98.90902302651878,12.904796953870097,24.787708815569133,4,0.006640425609304191,0.0,fall
1.536069756088565,0.8820830024172851,2.208609764802599,89.29531908068861,4.599062844225982,12.455991016737276,40,0.9398777304444066,1.2887467388884741,wandering
2.3982486769402405,2.3389809957725456,7.5624646164581755,118.04204352920581,19.6909474661039,39.79660160230479,18,0.3355330755025301,0.24731171349325515,distress
1.0967998260619007,0.13378132891448052,1.4374377209124631,71.78404880115039,1.0046503339852193,-1.0329104173089876,7,0.1759135684613148,0.0,normal
2.1765407585480605,4.9050814648002135,17.42444817499095,94.78628442328058,12.658272663115003,32.22431164325113,4,0.05971793111346925,0.0,fall
1.412088591307365,1.0615385225826246,3.5315975977494576,80.73766431825226,5.369795032313836,9.105696480799221,50,0.9503602333704827,1.3105501672721016,wandering
2.3855475706674234,3.1808563815956097,6.308413224104186,111.17879841596417,13.028421661072116,28.8321367725136,16,0.3998968529207074,0.18521621862540327,distress
0.9828869352369092,0.21697196680384612,1.015424160185437,72.60436449239896,2.963532778153966,1.4563164691676387,1,0.1012051703509051,0.0,normal
2.6654286747530334,4.99063821672192,24.00714215893817,98.43324009821355,11.55812354989579,30.904145739775636,4,0.017266214374761658,0.0,fall
1.2578738328495997,1.4945544490258362,2.3352768160304676,82.64741542507927,5.019633876621596,8.287031781879833,54,0.8903166281903285,1.3171051321604472,wandering
3.0786430219213776,2.0026685028953697,5.720866881557422,124.53000816027823,22.60436844564206,19.605055017886453,6,0.48002375172949296,0.4911308511412241,distress
0.9693215208572717,0.09364377904624367,1.4749175044225025,72.90568912946503,1.1528134103306849,-0.6940521573130614,7,0.13454560183837205,0.0,normal
2.6820184633949546,3.2789524372753442,20.892044428075756,87.74127014484168,8.07147580799683,30.078156996012968,4,0.061842883252829765,0.0,fall
1.8121565718056911,1.10268893157565,3.859685569942336,94.18189058059657,4.990187199083662,10.191515835537281,43,0.9885377094895649,1.208966020171938,wandering
3.5569699047020573,3.0161627221389504,8.94757017458841,129.71848604295863,14.064405689389307,25.95249805413731,19,0.6844637266202459,0.08270123601203438,distress
1.0240648516660897,0.2838853951505165,1.274243706423099,75.75418160102072,1.8900257898609085,1.820866108341117,0,0.13191045113785294,0.0,normal
1.7846076752592825,5.142150274665338,22.40539480975875,86.60311532756964,9.861790609363997,34.97829925164876,1,0.09394623569530867,0.0,fall
1.9347875019057756,0.9037831321940215,3.3465899814932043,94.1776747207802,2.800796159680443,12.016707105118757,47,0.9446335735109448,1.113888884279402,wandering
3.0584009177875813,4.619932076763509,9.401026182319526,128.0506519504415,19.739286114007164,30.220458890698268,12,0.4540591694450973,0.44185070293562384,distress
0.9165293283707652,0.2760470856643421,1.2114412134543524,74.85127164874126,1.563598555886773,0.9280014595964508,9,0.0013232766678553,0.0,normal
1.716497070278741,4.025754348997069,17.444752524821805,109.05030941761699,9.458120182355582,21.32862637331445,4,0.060852334424809695,0.0,fall
1.500231183324233,0.8355147748396677,3.5449732410332313,94.02452014292538,5.839476612033926,11.741437646349102,47,0.9649637018003884,1.0990153069231592,wandering
2.885570272070396,2.767128734253233,8.760365357165432,113.33161225696063,15.4321899230922,20.155873926267546,18,0.6702759458061482,0.1719820503727877,distress
0.9650137719052677,0.08629332934120194,1.4407564549721543,72.74962267072038,1.8340865114125644,1.683647052000401,6,0.1841406168353218,0.0,normal
2.1866977165837387,5.429874380071267,15.165689586669536,101.17512960615575,8.528361521623673,27.90426166682958,2,0.01110424192745544,0.0,fall
1.6378131704704608,1.2490050859520512,2.5138905226664336,82.01208031463527,2.040035551219313,7.1903860857140085,48,0.8225782431876679,1.4108013345271841,wandering
3.4957285451231894,4.170223057268573,7.609112815022365,102.1904999371375,13.919856576353205,32.925330521443286,13,0.3920780840897279,0.38614037527706,distress
0.9665615648573999,0.13210371384676772,1.350903366822718,68.0666873509466,1.6531405895260451,-1.2876768932869456,7,0.03053950787841795,0.0,normal
1.9229584776969086,5.612777082273658,19.22301662992666,89.03118002435819,12.222833968024592,20.49974483804928,1,0.025739816336090494,0.0,fall
1.451361370533442,1.2337626191290805,2.0710120570476382,80.51759315934028,3.5052673062663446,5.336883164724007,51,0.9187287173491226,1.2147116439102048,wandering
2.833787690699531,4.575137189548586,7.307912061359538,129.86062885517987,17.524453981295807,16.15528840964016,11,0.5658222908690083,0.1339714876580827,distress
0.9543012569830955,0.2747744626099724,1.097754988018575,67.40175355048957,2.952486032033959,0.8255180770285131,6,0.16940967442961377,0.0,normal
2.6509198439299357,4.795557260985653,15.708343382866591,96.86946676549661,12.106488389233105,25.716585701124945,2,0.0004889163738633463,0.0,fall
1.7511194766736042,0.9987758354606195,3.1249451523365464,87.11098570750937,2.8608648913055554,6.346303363319362,39,0.9593514273618395,1.4382972402521716,wandering
2.027308307928404,2.1422188931782564,8.429118679266953,126.545592232323,24.14048814793457,37.49377555621544,7,0.6339573075896934,0.183227432227153,distress
0.9331523300093035,0.0992543707015504,1.1809027662524993,76.20188792657129,1.6639283380921925,-1.99504350303953,4,0.04025236066993554,0.0,normal
2.4242647898905156,3.5591669738012364,15.96434548759207,103.79515279000535,14.585888071386595,27.964689984698573,2,0.08784388117102535,0.0,fall
1.9263598089175933,1.2618074050668537,3.556173293832961,82.23049462292238,3.2454119451234043,7.856616236045814,41,0.9427144972099172,1.1214718175947183,wandering
2.610340690012177,2.461690188594708,5.034779741150962,110.61489634868892,12.204369540993214,31.287836502961028,10,0.36181897287445935,0.45743229450275946,distress
1.0015821089543966,0.056824068071130315,1.2408150640969788,75.74598075801887,2.7600477956815004,1.3028341856322236,5,0.15909825783262374,0.0,normal
2.1357846194706416,3.2528416502400574,24.614149679978727,102.68247062262273,5.964788385780001,30.179483563941453,0,0.0037702620308852856,0.0,fall
1.4826084266288817,1.0057702964462205,3.8519464680215374,88.96958309614146,5.482491929391259,7.477330949826965,48,0.9209884465565694,1.030196791308049,wandering
2.329465576123635,4.183537207510621,6.284019319160363,102.25505297470873,21.87814901342986,19.73006415807472,12,0.3749867993892021,0.3344143647862761,distress
0.9859205037377643,0.08342520551840359,1.1304654844136646,68.20239225447968,1.932866985427909,-0.8363219304444547,9,0.07621011188589535,0.0,normal
2.441969626800716,3.3729019942334593,15.331746226441183,88.43625212773783,13.505941552869832,22.96980566584577,4,0.09315449604624823,0.0,fall
1.4684014395830198,0.8366367964980922,3.5748492890827093,90.96154295708173,3.948763232353456,12.989680385900499,32,0.8669213802701512,1.360714443362896,wandering
3.7371893276947787,2.7238486260606116,7.795842813413375,103.39111831295862,13.511525119055566,17.529277917853694,19,0.39362561460316486,0.4232711557201734,distress
1.0926045647518015,0.06803690104474626,1.4735119307371478,68.8157859439789,1.0346703004103281,0.48685007412176784,3,0.1525387074344855,0.0,normal
1.9157319068195622,4.338184061622424,20.72064000365113,89.59954755033638,10.94233655179114,23.452431859056084,3,0.034759361443970814,0.0,fall
1.6311986056081895,1.072146663477408,2.5055015578563453,89.98964111763868,2.0671709539427234,14.935625028424464,58,0.824006594544785,1.0072579673512,wandering
3.4388432722687527,4.757459280328403,9.492902312551514,107.82534550074261,10.588818934023514,20.372496576300296,9,0.6032682596839097,0.08103840660527195,distress
1.0382701894519915,0.12790314072875358,1.4580694028248287,72.03896297683812,2.3419825491670108,1.7211580415302032,0,0.008839337417876703,0.0,normal
2.3578228131172865,3.1656833694472373,20.702117433241142,88.253909301702,8.236886426785183,20.836507878941095,0,0.08354985016041713,0.0,fall
1.2797009352185125,1.3356143751228986,2.0924270946294055,94.18113491534739,5.111730478580935,14.069398226588824,45,0.9475981398506947,1.0825284694734565,wandering
3.2530831853921347,3.199359985889036,5.235958767933423,119.86625899085288,20.648118044658624,35.677979753448945,9,0.5975994389701365,0.28666698960758535,distress
1.0273635015725013,0.19762173363624724,1.4626467218044163,69.22553982199632,1.3789055441057312,-1.732753704984113,9,0.10329089546703614,0.0,normal
2.3924172077428905,4.056429344061161,22.16297255120667,90.79724371230748,12.988762819177412,34.89215605794846,1,0.01843082390764512,0.0,fall
1.7031680774886846,1.1441472618480346,3.690806107332333,91.20525973503705,5.6665333866646375,14.485339270699196,57,0.8754496682588183,1.3939579268989872,wandering
3.207321976417499,2.765973304183674,8.250268271676966,115.2322780901734,24.342455932774374,16.48945623591703,17,0.5523806901491816,0.08094617535602194,distress
0.9418678980791813,0.24588895215098688,1.2391396494220492,68.48615323752715,2.84972698298691,0.47201996783209443,0,0.18748973239945785,0.0,normal
2.577289947893762,3.342120490578599,22.30174702462771,89.26202226639411,13.370531788370162,33.83262852678417,3,0.07221070442211688,0.0,fall
1.2840668410495875,0.5064191979667849,2.9344400317703894,89.36198683303702,5.662109454183348,10.681497744333925,37,0.9010394545272158,1.1645170721239455,wandering
2.7760749795554016,2.578451873202133,9.684832497875657,103.71264726982072,11.038891508343237,42.39119819826952,9,0.6318898157355579,0.1686407700062168,distress
1.0591890344675443,0.27665595142215377,1.1574450948985302,73.99315266724061,1.994887047744019,1.5503075054146085,6,0.17476727861161379,0.0,normal
2.523856941774171,5.6167110960104445,19.95028178529617,107.4854352720775,12.95186231024454,32.68832893295308,3,0.0622045112698313,0.0,fall
1.7062458808858993,1.157540999910538,3.0007890472835763,82.38661479111566,5.529751820796453,12.45948762223375,38,0.831377912060939,1.3778564246570908,wandering
2.47577620674981,4.039762741902059,7.295109017553182,127.87942657952027,11.45779900114054,28.90459593685247,9,0.3348561717914087,0.40916833820494863,distress
0.9447619613691713,0.23422267563188232,1.3161990297156831,76.89430936132712,2.3461682788201568,0.8206306174493547,1,0.11253892151405315,0.0,normal
2.1384908060728325,3.2481300010889504,18.305313148038,90.31870568784424,9.70714746415636,24.922503244939115,3,0.08377311840157661,0.0,fall
1.7271859684158235,0.9788736072156464,2.1453996707217367,80.98152598106381,2.034995614236043,7.026971676517077,50,0.9321911399625042,1.168708765300166,wandering
3.833368911745655,2.377834134487621,5.312146698924558,128.4879102507963,24.04066460983531,17.397249500085078,15,0.3051825435092,0.3080052576699109,distress
0.9209256777547871,0.2523284359958816,1.0388215207223293,69.39015181501324,1.7130328060536393,1.2555963564863228,8,0.13389663552793235,0.0,normal
2.3880034905839773,5.510492713360463,23.648029881773784,109.62810700132229,5.035905119934384,24.031957134497496,0,0.09357369828156391,0.0,fall
1.4895955458496977,1.1637232730895146,3.6551689823975306,90.98733523461053,5.507915543605076,11.18995872196793,38,0.8568609804357062,1.1628287687491705,wandering
3.144771425477152,2.3839819547907712,5.733490118650736,122.37531810500494,24.796487956653518,28.750954224636217,11,0.6851237148351296,0.41791992251349724,distress
1.0156363096747487,0.16844496284265692,1.0147801873186335,68.87501832374608,1.6321718448765126,-0.5767072218677094,4,0.0759085884342444,0.0,normal
2.503408521928615,4.1851851618572145,17.867079294423515,94.90117343285054,14.474593109609005,21.84186627962417,0,0.046420162687970605,0.0,fall
1.8787242557623238,1.3051393911533427,2.1933226884827244,93.1063217485224,2.037564785594124,9.248929705941359,55,0.8087388611907375,1.18731820801619,wandering
3.3743809978833568,2.7666065835361593,8.965124356839107,129.7249229364649,14.43235482126251,35.93623753633481,17,0.6856593667749935,0.09381962864387489,distress
1.096904070833715,0.28031613521701576,1.4068411084325854,74.82160842674197,1.7449790000998118,-0.4165186838308137,9,0.08409952864682989,0.0,normal
1.8412488811430694,5.935012310415083,21.93040874371306,107.30941934281131,12.247950988810477,30.71199127262747,3,0.03835450870987807,0.0,fall
1.3356353828917613,0.629522696351474,2.8250500333059856,84.22850870472168,4.858844642552424,10.285296964610735,50,0.8918174423035661,1.3037550401617295,wandering
2.5968823104048195,3.2890406916906993,9.06729401641164,100.01777781701321,18.32304708909276,20.407135177960026,11,0.5742189061055429,0.37144455884330685,distress
1.0466285595545515,0.08795456804963835,1.1588147382847998,68.52247097418186,1.0029500330492171,1.1574085436728718,9,0.019315171556331803,0.0,normal
2.6017141076832706,4.590828454631369,15.379405454286632,85.17606354387868,12.386455943318651,32.952811073678504,1,0.03772821842862081,0.0,fall
1.4466297987850525,1.2070905244359258,2.8801841681606577,87.05777410145801,3.8743812035700964,14.155705343708064,43,0.9718753306556911,1.3242445854260376,wandering
2.0024496961128673,2.4689938904860207,9.531332798284874,114.67352641412508,13.62930976463464,35.05577849798532,19,0.39436521016378534,0.08086566142575402,distress
0.9960221072746406,0.10090664461600642,1.390329779828069,68.62669711519995,1.4562344749154106,-0.8555822666011319,6,0.11757539883583122,0.0,normal
1.9976901616246212,5.347500467476053,22.44289598225233,102.74258852047535,10.091772654792956,27.92990730913196,2,0.020583127989108163,0.0,fall
1.461162136137903,0.7484822613157933,2.202975165012356,91.56478948431509,5.530730268779044,5.238151378403263,30,0.9967739437138785,1.4355375332383071,wandering
3.218313086310614,2.1257433819460774,8.37354098290116,122.42955621228374,15.419317618929526,20.65273351341028,18,0.39341295078388094,0.04239758490230461,distress
0.919496491179181,0.09610505396198239,1.488683603027584,71.1035600986561,1.3928754538538355,-0.3392754294926763,5,0.008805307488802972,0.0,normal
2.2459637704474753,3.2488003140356225,22.04071850479161,98.6135349101359,7.0790194576331125,24.742027458493673,4,0.045962474111976785,0.0,fall
1.2848732781228909,1.1021508227764247,3.4977638910628728,86.07962333406883,2.7864665297428703,13.81412938905786,46,0.8456984025071751,1.3788284788190568,wandering
3.766538069890332,4.232160235382037,5.629011703101408,121.13380391876665,11.589467098422027,34.65071454466773,14,0.3412964096126947,0.2322718997320372,distress
1.064824720096873,0.26225715615621137,1.1828574191560044,73.98105410723333,2.0252175446936826,1.2142832652190538,6,0.009507147225140455,0.0,normal
2.6284406616263434,4.721000484559264,24.12033654679254,91.78768819673716,11.642466183420137,30.37135337503269,2,0.09939669507135412,0.0,fall
1.8810146033913604,0.6633645646808753,2.054941098312238,90.13593583577321,5.6842183318108805,13.672011472569267,31,0.8582206573318142,1.1427227478899307,wandering
3.612757790150025,2.8321709916662887,8.586246384356802,101.9236074752274,24.73090762418304,41.03646859552349,7,0.5413570716023893,0.055433032123657355,distress
0.9922514342885452,0.13982798754253656,1.28215935627011,67.87313354079635,2.4996476800362872,-1.923038759486714,4,0.06420471377596684,0.0,normal
2.3093503887481486,4.0949411468208385,20.686156187293975,88.64350736379478,12.472992780941812,28.085598142868193,1,0.03613888679119979,0.0,fall
1.3910971206513736,1.4527052195422914,2.690990024701492,90.51440129630498,3.514826191619325,5.694196076483365,56,0.867932868228362,1.0669182078041985,wandering
3.476024500331161,4.901431375531311,6.51731068340637,117.52069166306669,14.891331427573432,20.45079714436953,19,0.5074163953462627,0.49734532056763786,distress
0.9488187796684537,0.06087023744742616,1.015533265957924,70.61328665437601,1.083305520507212,-0.37619935397502413,5,0.1063474495607742,0.0,normal
2.341145301885094,4.925295934559717,16.281273179422612,100.29664549821015,14.710165816290438,24.5546279634186,0,0.050706327763390895,0.0,fall
1.382908604263397,1.0198904236819684,2.01027860326836,84.96577528575614,3.593064085443573,9.29932122539777,43,0.9536234787864566,1.4557842796325853,wandering
2.5381960238208134,3.317930751833392,6.777971442878359,103.63538120784013,19.95299514617267,18.598547323457385,6,0.6606281003952686,0.07635455867354712,distress
0.9268840817023458,0.12805217908394184,1.2298579508072622,74.43510842671186,2.493306241974757,1.5486290834323508,4,0.11144322945007451,0.0,normal
2.8384792673408774,3.4869242747735107,15.992748200302804,107.90142813962714,9.500575646763068,30.50503252293141,4,0.08513009401928534,0.0,fall
1.7996269293393405,1.428541396118154,3.9455549650158073,92.3552051429041,4.444858563161988,6.2392094469462025,59,0.9438102899202858,1.3443157976591724,wandering
3.1271333456383807,3.5267783311554948,7.742811014758937,128.2956963963749,19.556994330727115,38.38849104337438,19,0.36055477457983065,0.18763414715099613,distress
1.0294216211546952,0.1900314327558546,1.3125792678459856,71.8554848372654,2.08474000715944,1.020380868842647,9,0.028066307041446015,0.0,normal
2.6194247368580905,5.4883084220551215,21.16366373901139,94.86848569533055,14.749850117361742,33.72588746999689,4,0.014218340355909853,0.0,fall
1.5422589054326177,1.1305079950773935,2.731984939931298,92.77756273432723,5.422425218120204,9.564401121107796,47,0.9865468696769962,1.3015682255713312,wandering
3.9628746519969162,2.2742783044686954,8.174328661448776,128.64045698663386,20.821138143302797,32.08130164848549,8,0.5673807459135496,0.31509571262250113,distress
0.9375458860024681,0.060357070004230254,1.1252707312121153,73.50793690025854,1.6823202499277792,-1.153735460646577,5,0.027889172856397405,0.0,normal
1.9891397801935093,5.676753642297371,23.614613507505684,102.41266158782423,7.627289926290027,31.851048388470385,0,0.07667566377670512,0.0,fall
1.9105155688296755,1.2025478143388122,2.067371723054513,81.76605670701021,4.204789260793986,7.537652654282305,32,0.8018708739652981,1.1478669520018514,wandering
2.639687105381639,4.6860313474982975,5.2404577925296465,127.41560755193106,17.1098168500071,20.621362298440637,11,0.6871254360476559,0.14853608637409627,distress
0.9492495346634874,0.24928792996632299,1.3999247284465548,71.65651171589573,1.1416205549704617,0.9791652951759486,6,0.10720580822082211,0.0,normal
2.7729230720133957,4.682550641131332,23.733821994453724,101.97478913565004,5.757615042742668,27.90943777734233,4,0.045284127127459044,0.0,fall
1.7217585240203972,0.8230243641637028,2.7352076591980525,81.27964459379416,2.5256847497614503,12.209463320546071,30,0.9813930866176929,1.469085021044174,wandering
2.263017182935357,2.131513068055601,5.305406655535815,126.17077130660267,11.034647328827809,41.17344282026694,15,0.4242851794049389,0.2570742657558552,distress
1.0717073933086168,0.07841996471590175,1.0942619638334468,73.11821757251163,2.9179025068357642,-1.573366765284237,4,0.1417718905502234,0.0,normal
2.0829135187780254,5.772181308841535,20.26995180042644,96.21669607934693,8.669286961584474,22.597589707425232,2,0.06825977237525789,0.0,fall
1.640385715917387,1.3861638512343615,2.201333294028391,93.16890100486373,5.135700810345443,13.595307246649677,54,0.889989396067082,1.155951366042895,wandering
3.62309617136974,4.637066841235053,5.5398910857490025,122.00996677691751,15.585983672695079,40.30246651796176,11,0.548519392416203,0.49569574155326146,distress
0.9022186023857144,0.08673765123453174,1.2422997755403098,76.43146363642214,1.9865966022557184,-0.2663718767704353,7,0.08122586740593965,0.0,normal
1.9548390285123967,5.389082629749214,15.942769266306447,92.4627691760736,13.434960504424849,32.8284249393885,1,0.027769014382485094,0.0,fall
1.3035386463475453,1.0236282638149314,3.472207121127538,88.2004589382348,5.223167107312802,12.995967880133726,54,0.9942025549162831,1.3635968165462509,wandering
3.6624603391787183,4.015269035419423,9.545140700560836,105.13695360185936,22.410842052708446,30.176939262586266,11,0.5470209781758415,0.23748402224317672,distress
0.9882237196386013,0.18247738000391578,1.1414158144819468,74.14941270707853,2.2477405828105805,-0.23285662767259208,3,0.17673607677956996,0.0,normal
2.1756209932960755,5.025710534126053,16.63689327129684,106.07247950446599,12.925423060823787,20.736850637788486,0,0.08507005936970524,0.0,fall
1.769259927748629,1.0349690748922793,3.320801006990456,81.11912461302629,2.70308779369619,13.157191276225966,31,0.9619660991129422,1.0465658021175652,wandering
2.478309006177187,3.159969123851569,9.991000150580746,109.45969372696004,22.875521932564634,20.60703946379233,13,0.6865690821569674,0.32411953821916173,distress
1.0121081134974554,0.1742503361134466,1.2859407178534503,67.07171395892897,1.4215319609583537,1.9343868065819452,1,0.006977887898402902,0.0,normal
1.5085680881433283,3.364426424497021,17.198905930277263,101.88328701251193,8.307145962147349,24.311136195816758,1,0.004494476336395881,0.0,fall
1.618681885318583,0.977127789126901,2.1590373550976216,92.82862354051454,4.437788096064354,9.666725420172554,53,0.9987696664153911,1.0717259666384136,wandering
3.0475032312279575,4.837154520287997,5.067520990614998,129.3344268565634,13.780317155007836,41.52926529194965,17,0.6021743493778109,0.40951562882515014,distress
0.9411755657600863,0.052619311521433884,1.3067357593170437,72.40510957410768,2.285146151045276,-0.08852797845940685,7,0.030298473914421444,0.0,normal
1.9176068805661133,4.177660704819054,22.383094570372897,100.93694378323379,12.485969607710262,27.05765967064208,3,0.005005184663658924,0.0,fall
1.333342709195336,0.6410345229564679,2.928261062298134,89.90596558276728,2.0323950474789965,11.122150901184988,37,0.876274848036214,1.3097343743109868,wandering
3.5049068634941536,3.6221355652296694,5.967042871622892,104.9622586886437,13.004850513451611,23.20561218580587,19,0.5259762846275868,0.3440213566128678,distress
1.0542566467490404,0.09333921397425597,1.303162572113211,69.24900996779586,2.759821172914875,0.9454958120059915,9,0.16631288245420225,0.0,normal
1.9995394171903522,5.795835874050603,19.804381606492374,96.26266897603843,11.809098719284417,25.756875860829627,4,0.04660779625793045,0.0,fall
1.2222249138173276,0.9297168486364579,3.9259544280076,89.03310824167367,2.75597559892725,6.036980329199437,44,0.8645935678990625,1.3961801404964704,wandering
3.3161434413007957,2.6316385444920236,9.701602973454111,110.12223021196476,20.74753756176608,29.653674148872543,10,0.46437341705724217,0.4906706638598853,distress
0.9936382434332651,0.07261056666394856,1.4810905917694752,71.87209763807645,1.8087200207520555,0.022868207692603892,8,0.007105971530927891,0.0,normal
2.8826661215105807,3.4315581801321096,21.144996891490266,91.4891414684509,13.785495928518385,21.747884093939206,4,0.02170609830026923,0.0,fall
1.9043003953043964,0.6371378115414265,2.475874475720384,94.71762497150895,3.6377457371473185,7.997311437511727,52,0.9035707887072792,1.3678962810131794,wandering
2.5934278269383952,4.936300725400359,8.496948399639122,112.96500441740619,11.374936259575255,30.048600812510074,19,0.6576560375524945,0.15180675452737047,distress
0.9437561219950615,0.18709821499808948,1.0455614802960185,68.97146916536319,2.5205171858278463,-0.11492301463907584,5,0.1761530988213443,0.0,normal
1.8953487540533858,3.0512669070629155,22.430261973157073,96.19915744742077,13.650661940467911,33.99532606747083,1,0.03024346497066468,0.0,fall
1.4379641554540867,1.0153002939277727,2.165658413599859,86.725528641269,3.547428653535069,14.406929885890488,36,0.9163304893827928,1.33854408506943,wandering
2.82944950720833,2.3114026571473203,5.162045190594019,106.55731193177947,13.86032032439729,41.35073807640555,13,0.48114959083959996,0.18032073908231255,distress
0.9363538800998856,0.29367146768247315,1.3223626268780524,68.28462901005966,1.3994586551583854,1.065806351803622,5,0.045769089975949376,0.0,normal
2.025067178835818,3.6352791460574316,23.639251475648912,103.97977114153277,12.545339041345612,20.891888812336912,2,0.0394507462516219,0.0,fall
1.886987454225945,0.8190558076358776,2.9494944291782828,93.90526168781338,3.9219619504926437,5.553251437344522,56,0.8387727655921892,1.3497657298765178,wandering
3.7073115955735254,2.264002299560853,6.915128012683757,111.96341575815529,22.72733949141232,39.07699766466687,5,0.6187583242158,0.32101406337524996,distress
1.088269200406404,0.28014936889600606,1.2656277977831463,73.14468933475108,1.2208186924285198,-0.7098250398391648,3,0.029241104525651318,0.0,normal
2.7118221411764862,4.631285046903407,15.946313801764859,94.88793567935859,9.733626432647517,20.72448977508618,3,0.010801706817472357,0.0,fall
1.5783326216151692,0.784982531537223,3.458126580591456,88.16782556653185,2.6073832588400547,9.1742364662208,53,0.8900040612957079,1.0962654612535996,wandering
2.8398410413214368,4.440062127654615,6.1307140225962735,117.82137974606832,14.73713642272473,21.508074055605682,12,0.5011133651973012,0.2601200380970579,distress
1.0802750870328908,0.2726710485216641,1.4869456638885956,70.81048561842191,2.8922734439505664,-0.5935338046099452,3,0.013614549391375875,0.0,normal
1.919483134492817,4.6080083771855875,22.20356797707276,98.17024655333444,7.583905058096016,34.102604547892305,3,0.09109682424268588,0.0,fall
1.872018508631451,0.5107463143959852,3.231203408435352,91.27999488225086,5.408916207782245,5.5311693281556975,52,0.9943040205683942,1.2613412633365901,wandering
2.8151035490149217,4.280919935404141,5.574072478500182,119.03605571871722,23.329684603791197,35.34474300864389,5,0.4733723831393531,0.14355404084893625,distress
1.0858873523240742,0.05427797048384757,1.1137131141440675,73.22533722516971,2.4326134079353725,-0.5606116540675203,6,0.1677968175747552,0.0,normal
2.0288676350473316,4.468099894825505,17.27644854267937,107.58760032001697,8.576490422406842,31.886131806686166,2,0.06692359327739698,0.0,fall
1.2403127760411365,0.940808631875651,3.3558812722048854,81.91886039111023,2.316721496884543,9.780534616017029,49,0.8792543988627677,1.0784196063159373,wandering
2.511077555007632,2.3718397288189292,5.915146818527398,119.0232771397416,11.519461935795128,31.113339649293554,10,0.33563397941719386,0.3097890221457916,distress
1.097611535538855,0.2411578954149115,1.0035590389475562,73.7526690363977,2.743145263834669,-0.5877254392353546,6,0.1645107887321116,0.0,normal
1.8696502797903167,5.138660766505266,22.631794718457776,95.01607411060047,5.612459447849874,23.377504266177084,1,0.03144981234570118,0.0,fall
1.7333652879966341,1.2834306681098275,3.9279262241933717,94.89687818435729,2.567432601280712,14.076262004118433,30,0.8497278787597928,1.0014638135463085,wandering
2.69217301270902,3.083873954919976,9.592400330956266,103.7119863783976,16.215455207549194,29.1118953890331,6,0.6466139142309004,0.31865583563946487,distress
1.0282538806182693,0.1910064133386966,1.015712367281614,71.84352000114121,1.4165993327271107,0.23542063127436696,5,0.08561146330518934,0.0,normal
2.4115937992591086,3.1028376157006083,18.112902116291252,100.29264186147932,7.040734357065453,31.501996008644547,4,0.06522824352042463,0.0,fall
1.8566352748711945,0.6611973960690075,2.9240861616160956,82.91418637009181,5.896427287398392,7.657240005435224,33,0.88793337144182,1.184935097405726,wandering
2.150832603956103,3.2848330920415694,8.654255719451873,110.74831178504473,11.222302363826978,26.004299737154014,18,0.4416460752895322,0.3531221139393828,distress
0.9434831279709052,0.17393432640770212,1.124253090853399,67.33689565218583,2.329566267332209,-0.8927681249329216,3,0.06014435084443446,0.0,normal
2.037822477373563,4.6243444192377945,15.523474246932455,87.62803829993705,6.547239830975217,25.644648088493796,4,0.03771162672014591,0.0,fall
1.9967596142202557,1.1758490506519494,3.8287441768148978,84.26983718504265,4.242977927042574,14.695778726567836,49,0.8192570056821975,1.2140188643164873,wandering
3.901631508298629,2.472336500957989,6.4280996831220865,100.30465131176895,15.701041474946217,31.41100227533779,5,0.613468008883501,0.3150541294657901,distress
0.9632402306221364,0.2113509482638664,1.4033516601265583,72.63217237418368,1.6603960487512663,-0.9449148412139969,7,0.14636232809536595,0.0,normal
2.381221969549566,3.7398279730367894,15.144458363452904,85.58492719975456,8.288929450168023,33.92588193842133,0,0.01351875440787752,0.0,fall
1.6575794496481242,1.077726112366153,2.24130922894278,84.35506653370105,5.225922440311038,6.45738682672568,48,0.9476425884379174,1.4269406698227594,wandering
3.822779342783897,4.055799934272349,6.657530152462906,124.06022882215052,19.007581658505,27.216690121873334,19,0.3614984780126529,0.32721047958607435,distress
1.017581890843477,0.11668085355836567,1.0399012728458756,69.23523256083291,1.7846220486462512,-0.5660003937713864,5,0.12610837217996954,0.0,normal
2.4809465332323377,5.02226655482537,18.624050889099657,108.68149885747019,6.595689744873604,22.32244074323993,3,0.09651483805758995,0.0,fall
1.8025746686408188,0.9684443979518474,2.560463683356196,81.60007569389404,3.483833495591783,10.933913136621001,39,0.9457339640775689,1.2837584250201926,wandering
3.5712533332745884,2.4542419346595024,6.004919256205916,110.35047954914708,24.02430602578665,23.13167601522262,17,0.39620489461933595,0.2509737541048227,distress
0.9799483874218818,0.13195295486047998,1.3365689643927803,76.11477051619569,1.6678868988405753,1.5168625257602661,7,0.11453365563848975,0.0,normal
2.7524714158206667,5.532999957921046,19.254890018060742,101.6559142223987,12.135951667347587,27.51218918106305,2,0.08102461234282947,0.0,fall
1.4631594267509147,0.5897624977125885,3.3641381149335627,87.87864078929128,5.440616936830273,13.273800400826364,42,0.9137792505940032,1.4365163991907934,wandering
3.5216062774265025,3.7809714534654493,5.081833774747908,117.09126294142268,20.509430039927175,30.044808270444534,14,0.43447950478773134,0.3329332335726562,distress
0.9685923621211806,0.07159717236391976,1.1258154223170345,71.2137678787737,1.0069691395400002,-1.1478889076267653,9,0.0855645283754158,0.0,normal
2.8999430266042507,5.743674997506332,16.744413926145192,107.9380138533587,6.702559834952994,33.9222748878344,1,0.04300896673418423,0.0,fall
1.4649689862290185,1.3967704028337777,3.9673077793003064,86.84378668902826,2.029497246855183,7.489085216208595,47,0.9235048942014751,1.413643856698677,wandering
3.8779044472010105,3.8458901441169777,5.890094968769582,129.7298957303177,24.675858886756053,24.58171293752148,17,0.3684541149400167,0.4566182867658482,distress
0.918546923679895,0.17400035037228767,1.4951557069374164,71.12647793299101,2.5943359700771924,-1.1588038090768489,1,0.18999147054675009,0.0,normal
2.9419119505872224,3.164400032794508,22.75244348484245,104.18326124715493,13.351669588088784,25.73710404560026,2,0.09248360281362503,0.0,fall
1.9212423724167096,1.322335703560219,3.1753054441101014,93.85095343784764,2.3717676794812386,12.677856786994242,40,0.8678274634315649,1.3138437656925355,wandering
2.459043981223996,2.438506679514686,6.332223479567533,128.51671245735685,17.834220430819354,17.47216025331306,9,0.4749874684537274,0.39488971699932374,distress
1.0616051097096944,0.2871775121713543,1.3811701121716682,68.27988125372374,1.2569909937272208,-0.8419116884400193,6,0.07072949660199779,0.0,normal
1.674270625913069,4.936000375320322,18.288023250819563,94.46327963401501,13.453598024425995,27.495279099661488,2,0.09917110459040789,0.0,fall
1.2508756916340873,0.5429154724473746,2.853819586079598,84.54756692135008,4.453515789822973,13.077510976157061,32,0.9491426035089825,1.2587207634454174,wandering
3.0282300994679687,2.6329944484525027,8.98382078071273,126.50867156437306,23.316386433029784,38.6421768296647,15,0.5080162901109286,0.3358693966948561,distress
1.070028375428102,0.24082990936883258,1.3198659966451165,73.63250501704472,1.016563462739201,0.19605261185819245,6,0.1930386899396408,0.0,normal
1.6436368504392689,4.460198900284238,15.295928756371547,86.9768528867632,9.478022056963654,25.926249191097977,4,0.021360212952348502,0.0,fall
1.4217141035799612,1.32755674858412,2.0236625197237164,89.90816308517708,3.565789863675441,6.571805849966392,31,0.8690224475184735,1.213674889111881,wandering
2.017627377365411,4.665995410401577,9.554704755621458,121.02033749566986,17.991202784509227,29.270876185384033,7,0.4488864475367098,0.4277081112862216,distress
0.9217505139843691,0.21563796397263763,1.3119302439439804,69.51781992470826,2.7983536550365757,-1.4611327902736053,0,0.028698577075843803,0.0,normal
2.918036506265786,5.997247846256375,24.43714174492191,91.79669040113959,6.079226668095855,31.768511713582065,0,0.0946514064834682,0.0,fall
1.6202398251609886,0.6823871786953516,2.519081755731285,94.76301683889781,3.184869430037877,7.79802024836556,49,0.8024790121753093,1.4745984794195226,wandering
3.0404343074697113,3.453038774458996,9.869599361178722,120.57425578777857,22.215729261149185,42.43731694393051,17,0.5045558825937366,0.20755311025491296,distress
1.021632466646236,0.060618237581679515,1.1847299382404113,75.19570309282858,1.188894856517956,0.9612655758676918,5,0.07327927873358529,0.0,normal
1.5514171250858124,3.8956995773027128,24.76189517663613,98.39482532741125,6.581041461200577,25.636361349456585,1,0.04259148204794233,0.0,fall
1.4253873482837072,0.806905728098085,3.695771385823427,89.69575412543817,4.50423616471821,11.174967469971865,54,0.8893202493295271,1.3406226722835848,wandering
2.2353670554547467,2.925208565611717,7.640054732103533,106.65509510029128,10.063324855273596,33.561292236983576,6,0.656674776511846,0.4447705845223002,distress
0.9171992902135909,0.09316156893438927,1.0718806061499657,72.29112987113824,2.2671142586031463,0.12466896792657334,7,0.18439016407990136,0.0,normal
2.2640006439694824,4.242084467823959,24.436868444979645,98.99435574217227,6.8136356134529965,22.56901667709077,3,0.07229566874168937,0.0,fall
1.8056922697564608,1.2206360389433033,2.6502352711015797,91.16253391420801,4.727460688513658,7.575157224867855,38,0.8736230729651978,1.227453312537449,wandering
3.442654008662899,3.9681586194191016,8.567778750951007,110.52801271911144,10.017104172824988,35.962696371537845,17,0.4563447520207844,0.17824208808568115,distress
1.0594854826205338,0.25220207446110054,1.4039747342014055,73.75796025663428,2.71138114841271,1.1828038161362024,4,0.1216750908646812,0.0,normal
1.8545176342488643,3.8721103964662382,20.997044635041824,94.64333165498275,11.229424413041345,32.240416484731796,1,0.016335883289049436,0.0,fall
1.387149442499536,1.485091068081869,2.280680324744252,85.52379550855976,5.833696279854166,11.296532832506589,48,0.8060686067074581,1.445572244289909,wandering
2.942157665666991,2.6063429541770797,8.572369052757365,101.19966631306384,13.56351822956974,30.43351739425674,5,0.5583711269518918,0.4462296442553197,distress
1.0690601950809204,0.07957452067446368,1.1589042540216898,74.64697001812762,1.5514814434962167,0.9875411608076572,2,0.1777856188091265,0.0,normal
2.927901948791812,3.0088914237548074,21.0770056729181,97.2495186158856,12.36769462690316,23.882994137644186,3,0.07962928039798145,0.0,fall
1.6578522505345863,0.8669485154696758,3.5912537353560627,85.31680749950827,5.129044211191948,5.957582198319558,39,0.9130216577569623,1.0507772595599576,wandering
2.1590665844220167,3.485121172745552,9.070312882563305,111.84303605726345,19.999304222949537,39.920535262959916,7,0.499857269298439,0.16966419827836654,distress
1.0205560454583766,0.1234377162413345,1.242925301809844,71.53946636837279,2.003498800130825,0.5857299524485837,8,0.15644472775525076,0.0,normal
2.2269034573827495,5.526492194593942,24.125088471641938,104.34690494245652,9.242070242016906,29.860699477852236,0,0.05363295346340367,0.0,fall
1.6705607707332013,0.9009109561807603,3.4637803307594,80.18705994534726,3.777508556238676,5.398345744136183,54,0.9697402668856184,1.1783098265775416,wandering
2.6323287749626205,3.811537157464971,7.867833468282252,113.02889434374755,16.634012499445355,42.28976372303212,5,0.4918886290488192,0.20231630515485133,distress
1.0107749353984874,0.15751832953787315,1.0044178780071542,68.25469069502559,1.8482951641135523,0.4293639955785036,3,0.1141154732673555,0.0,normal
2.792291059576035,4.986389850305485,18.138439505958125,98.61766356068041,5.6435872672485985,32.875244100934744,0,0.026663260388188083,0.0,fall
1.864067647726618,1.240282922489476,2.6070901123932497,88.01300993959454,2.34756618130465,14.152108635017962,35,0.8425114390865053,1.4453064304976868,wandering
2.1586161443748635,4.699135039918773,9.30486631456541,106.98909926288516,22.069711937407753,43.189219571634084,16,0.3002473784241527,0.4243147910662975,distress
0.990649031520042,0.17466371805082048,1.1544804877783719,76.59828876553726,1.6142912199383235,-0.44519070015665996,2,0.15359329432802188,0.0,normal
1.7739111107086118,4.182236315570549,17.873055300335015,106.14201401806767,11.03357768253522,28.593521806737044,2,0.0016007890070688924,0.0,fall
1.4544222420837645,0.9240332489669886,2.259451528507931,86.6403679900395,5.865184797097753,11.709942614409243,41,0.9847301516407517,1.3034733334878112,wandering
3.14144951646231,2.1967202613377435,5.129614129985739,110.20466621452448,15.197708564300285,25.34967742682269,5,0.4622080805224617,0.309349339350344,distress
0.9750105179321641,0.27165035976840146,1.260783677361935,76.6213919190568,2.121523489874565,1.2620692612071172,9,0.07284387099401242,0.0,normal
1.6455701883468632,3.4970770028761367,24.205236294143994,92.13204381870331,11.27902895522707,26.130753097825647,2,0.03144380202746194,0.0,fall
1.6912302626730473,1.0144648254376856,2.513202692445719,93.80659826359606,4.7260809084204976,14.753315081646223,36,0.9903640339431179,1.1929723427371264,wandering
2.602674657642213,3.7308117327487764,7.687503235696878,123.90372839607421,10.190148228639824,29.717398467644674,19,0.46924252797553356,0.3001955164846626,distress
1.0959878537505399,0.1910515118352406,1.3699428980656685,72.38964674058883,1.3240373509008774,-0.06056175636992345,5,0.08864138583080583,0.0,normal
1.6776805167911588,3.734171340335596,17.94136218608566,107.04335040946336,8.812824783543531,29.508892257159438,4,0.0966206865539711,0.0,fall
1.5050063236019402,0.5306517080715885,2.9049294689873655,91.48387393964525,4.458344282199035,14.848158539171981,34,0.8140227194513514,1.469925573870375,wandering
3.8874231985554943,3.559870175173388,8.29710017730288,104.42018153974102,21.260076561091445,19.887654137569164,16,0.5783423111857778,0.27087895504024156,distress
1.0491835491187143,0.067849698404071,1.3552520146511067,76.4801478051063,1.5622951739784348,-0.1534624533903739,0,0.17870791027817223,0.0,normal
2.235754470633595,5.690595066194227,19.380722221003055,91.72117823514417,7.005753765048746,31.21000512095027,1,0.0316983659194374,0.0,fall
1.7655346719925198,1.3859005127951698,2.401618076993344,82.87365953448918,4.1363157904972105,8.965591862421828,45,0.9442525794802448,1.0591003793589717,wandering
3.5405646160921207,2.3908634798198865,5.8867940592102075,119.1410779028629,13.175515072178396,27.859727235565295,13,0.5111712164337423,0.28188100098327423,distress
0.9821313012884583,0.29916531200422103,1.0707481308355538,73.71216325268979,1.451170611505634,0.04033560519421764,5,0.062438308465734685,0.0,normal
1.8425646054915856,4.326304591101008,15.834981074931333,99.13433424214558,5.876896914573072,21.944182312024225,1,0.04241209757950906,0.0,fall
1.2278737790454362,0.6785757339316497,3.065961155603925,85.42232753614405,3.646371374312756,13.285914949805344,41,0.9835780288990141,1.1353771684145924,wandering
3.926476771323296,4.559417636807895,5.189246150354547,112.21018984219349,14.724350240907695,43.6237903545004,6,0.5711547020225543,0.308006578477854,distress
0.9043337859246685,0.14990795968810566,1.1469643533443798,74.76909647205407,1.4916646362823323,-1.9852442207691778,2,0.08436046122783603,0.0,normal
2.78905691011229,3.236176377295493,19.78502006183941,98.84283550273838,14.680204173883599,28.74754335800763,0,0.056531824421175526,0.0,fall
1.474648345645486,0.7998553320997577,3.5418436455487345,92.62314627957134,3.61697471368952,5.677858016856314,48,0.8755945652366437,1.1548793748601747,wandering
3.536627629792423,4.21476488577649,5.939203029687173,125.7873299064201,14.588772991731132,37.92049939289744,19,0.468801229526291,0.007133086890372675,distress
1.0817625376636164,0.2701514334329939,1.0854678450591377,76.32516679240507,2.924858061346705,0.03558741853915626,5,0.07721154554399774,0.0,normal
1.5687275648046715,4.473522649586894,17.18638650386437,109.07232797187527,7.085224365712024,24.220329161330312,4,0.010675213022811004,0.0,fall
1.4545229474400774,0.7633601332943789,3.4388653399855826,84.15261037826923,5.299104210301719,13.161859304875655,40,0.8577986984008723,1.3176777608222703,wandering
2.6743603248516767,3.1171578650004634,8.011858002021324,118.41605334997809,23.740703570276107,28.37451871034291,12,0.5809783632415815,0.09844933936005151,distress
0.9955688524545896,0.15558523123424228,1.419041005390302,74.05788773969763,1.3625010048435175,-1.7217462790952847,7,0.16788813967493443,0.0,normal
2.8904702959058968,5.102597646698718,22.93370539981036,86.5400031039529,10.89856835856478,30.50666352055775,4,0.05104961131779693,0.0,fall
1.698264739207325,0.6646891521937991,3.295861862832187,88.97574025723841,5.144003238725473,8.748152186476919,30,0.9901568458359274,1.347768907615353,wandering
2.1565600407028467,4.512982786235325,7.178337991110357,122.0524703769411,24.516345754541227,38.44255764640677,13,0.32596066312118976,0.46499823841407334,distress
0.9558401168400535,0.0612856760068171,1.4886421393856066,67.42855301087405,1.180759679183436,1.8147468866221517,7,0.1075823654284907,0.0,normal
2.9307251213215872,5.262616413789102,17.799183209076247,101.81298051978663,14.503889365825417,21.505934412794804,3,0.03563072872763271,0.0,fall
1.8810045709830847,0.6696979309897749,2.353963083649878,87.46934095000137,2.418381832306583,11.19991075833158,46,0.9885513826944635,1.3901183042567091,wandering
3.4539566602187346,3.1181298353141376,6.906294379124797,120.5111133997499,14.75499578042252,28.12986379224833,7,0.5839981226299714,0.07541790175908558,distress
0.9907372076485719,0.11208653406301315,1.3544936313576272,69.83216096928207,2.6932843368740578,1.7519719862973142,7,0.17297893187797714,0.0,normal
1.5438538134068194,4.389503486860294,16.90761184732374,99.97438841709231,14.68056598940133,26.134363274163476,1,0.021612785779162105,0.0,fall
1.7911161331645125,1.3662068081833916,2.9172517324158265,86.61053379457454,2.9428328619047255,13.101454873806427,52,0.8590720438378221,1.0466742661309698,wandering
2.0447254506233605,2.494336576472841,7.823419025675445,102.12916136217687,24.09563320929577,22.77272054801215,18,0.4664403697853947,0.4027228512774808,distress
1.0062091570520657,0.21834090929584066,1.2417324007644346,72.07998304542848,1.2047626355334244,-1.3886821028734397,5,0.13763591933409977,0.0,normal
2.0685926066962157,3.3799034134503776,21.29317218590333,97.361260922115,6.151949239711598,34.2684093348658,3,0.006507624845696092,0.0,fall
1.6877035516923617,0.9574565721067584,2.3396280786263333,94.06542761351815,2.6202897786802923,11.36056427554008,46,0.906681720133353,1.4953440143082382,wandering
2.9161972258632147,2.105708812026191,9.862907154370932,102.10607763437798,12.37663245762227,23.008256921018422,17,0.6825185467814687,0.4547966142577069,distress
1.021802086787359,0.12778071510472944,1.2481128702568431,74.71256026567904,1.4084729096467548,-0.8117241224825773,7,0.1398673374430541,0.0,normal
1.741775175202565,4.104063601571259,15.617115887842402,93.33308559010035,12.179335638905897,32.055566599780875,3,0.08261674021099641,0.0,fall
1.6517637670386867,0.9290477022714677,2.0880574522567246,86.86264768524747,5.350168353773947,11.732746777384342,44,0.8300280945676068,1.0530674336414272,wandering
3.9122610973071916,3.9624812207123625,8.311166094640098,116.64691083235293,17.487915715593036,35.285762677774045,10,0.5894611276424075,0.38956951471580764,distress
1.0835671426118996,0.1937808273114145,1.272935150618876,67.80269545657144,2.9447068105959864,-1.1173767124955725,3,0.14077896089104863,0.0,normal
2.9483858094778777,3.5091253670909572,23.286718318799053,104.92355885954134,7.479534819965616,34.90908023282165,0,0.06384955080437842,0.0,fall
1.8572322452385188,1.2287825510167858,3.4015080763089465,83.00285480714383,2.705070584184959,9.634796423028492,55,0.9506938759217485,1.2544846830320078,wandering
2.0458113111578884,4.701608407349675,9.933643147520671,104.47351509246981,11.044244845131452,24.650153992091887,8,0.5496674526343774,0.42670100761523094,distress
0.912739333535376,0.2724196346797213,1.3728265942262232,75.2929964146937,1.1683726134002088,1.3323879368884222,9,0.13511707746798154,0.0,normal
2.493647419870719,3.726823528540941,23.961185695280626,99.4963585583637,6.412550819575163,28.2307515143971,2,0.031402535434617775,0.0,fall
1.5486691092391882,0.6389128799826109,3.366243880683589,88.32442428394073,4.023744305961893,5.6263707744455616,56,0.9274333491566231,1.2380656912585233,wandering
3.5257152363266977,2.662446048947091,8.580009622504194,126.03348109345292,20.28865874246661,34.59070965289574,10,0.5488210222286778,0.0077766778488504995,distress
1.0940558922548473,0.16607093864290284,1.18788945874353,70.07837544187491,2.883838120479627,0.043083848331711305,9,0.18386141853621707,0.0,normal
2.6197728376383687,3.8735669001884676,17.266286455451716,102.1662396503383,14.839387717302325,27.723259111125344,2,0.0073366863117019345,0.0,fall
1.9038644854985747,0.9792776712399706,2.539596303321538,85.16357789356948,4.357221300138977,8.499974924382087,33,0.8404234513164495,1.3477266453588288,wandering
3.8172594612770703,4.171297660729774,8.594633800609955,110.17492204322545,23.072451389674697,24.70632589731978,12,0.31617033056257365,0.07940056994619982,distress
0.9285211371495695,0.08789838690544087,1.2358943072294646,70.94809677331277,2.664619881984801,-1.0558796122565557,2,0.014022001661586582,0.0,normal
2.279843253462661,4.784203780661099,21.32722658607619,103.41346967737617,13.108395006454362,31.344157331412536,2,0.06842848105189729,0.0,fall
1.2972744942976289,0.5288961007451028,3.3722522399927097,82.7892386984945,3.6884481153162922,9.795567485624266,37,0.9484228012104245,1.0234998081016535,wandering
3.9166621546954468,3.6221247591693397,7.966382571315478,106.91270485437299,24.872523622447943,38.99319066464852,13,0.6249227883947703,0.4127512798598612,distress
1.018009927607504,0.16275910450841935,1.1890749315454328,68.77573434453478,2.249406321941286,-0.6616713226639117,3,0.0198240501506203,0.0,normal
2.776578036386009,5.026941237730746,22.1823649303353,100.9838432188554,6.151343014953858,20.64580938684255,3,0.007910140936157262,0.0,fall
1.3188775510331856,1.3233197900050577,2.9110790402012316,92.08752416645132,2.448337175718054,10.437112895202231,57,0.8539986056341979,1.447669693160214,wandering
3.8332725465480024,2.540810913627596,7.672191637656131,105.14612512671373,23.831328072571758,40.58205832996653,14,0.45002958675049154,0.49645095663459277,distress
0.9972575969944071,0.2551053485245614,1.4814795744066478,69.87859390726996,2.577529842418247,1.7437248259600504,6,0.08531509117219992,0.0,normal
1.8881372680315363,4.928967944662038,22.175441156660586,100.39244684386784,14.233642315771757,32.53767315206599,1,0.06532209002025735,0.0,fall
1.4309049271810026,0.8005346689046604,3.201169801272184,92.91931518177961,5.149818783511829,6.7364341378788275,31,0.8944354766787891,1.1503164446744982,wandering
2.385473955710231,2.0045192857380396,9.92510038656916,100.59870048625201,14.627992019599763,36.56516871946536,17,0.44297734398742256,0.11924398059140723,distress
1.015857527388179,0.2879145381223174,1.0721261651476115,73.70292006781891,2.7455586668680927,1.096702048413726,8,0.025459210255421416,0.0,normal
2.9822667741819844,3.5636540643006307,16.99267172766301,105.06546008192919,8.71288247177192,23.09231815519291,0,0.07581571067878955,0.0,fall
1.412441320888916,0.5000668394801899,2.8264533824459632,94.65054648571358,3.8153687140075214,7.2806802647109965,46,0.9057430083953124,1.0879543329208652,wandering
3.2575189415834283,4.004464900312607,7.382758630446122,112.39736282365156,23.900989331152527,41.19905706495399,8,0.32070046080246634,0.2766512997176635,distress
0.9987358705531209,0.1760193523901224,1.3246530905963447,75.73081507038525,2.732909234939152,-1.4651247341340188,1,0.01628191088556219,0.0,normal
2.4858565836322235,3.6366550640304918,19.250181063961897,100.4148819399824,10.315696301552943,21.444319702370947,2,0.05267015134963951,0.0,fall
1.343650517898259,0.9849007547992458,2.702967756809624,92.89236466071034,5.538843680164009,10.123470133344757,33,0.8197606731622722,1.1926067301754506,wandering
2.509924345893533,2.5111215281764654,7.050397173709181,112.67316912995875,23.069776037911396,35.322664459219425,8,0.5016711858874545,0.39205190953609476,distress
1.0489333028966128,0.05829054175734015,1.2192467938220348,75.49646854695544,1.855032597956558,-1.2903001557127816,6,0.07971990483152912,0.0,normal
2.178657064146511,4.674077757991844,17.04645058894353,101.19592962706184,14.90695148459579,23.80538686245981,3,0.012864800778468077,0.0,fall
1.4691022767542128,1.360733157775917,2.025640080534903,82.86909927164504,5.372173066127088,6.0290336340941195,46,0.9026953487570754,1.443949953249647,wandering
3.276424406427381,3.229483084014709,6.970146873311114,106.27031003552409,23.326696645203924,44.42859337205789,18,0.5883577594212082,0.05097792918166444,distress
1.0538526585052295,0.2285575284706266,1.4135933125784068,70.27776382513194,2.330444852917885,-0.7594441763080462,7,0.048678583081375494,0.0,normal
1.8459466798309863,5.556830635982815,18.36850121758379,107.70570995698371,11.235214636899137,21.397128842982134,0,0.0757880069434207,0.0,fall
1.9187101385747927,1.0930611713673364,2.0413252567703255,88.61220150241701,4.236520793400362,11.927949027359617,44,0.8076458663805343,1.0760645851873814,wandering
2.936253711442016,3.5748935698390754,7.637308990726061,108.0193582742533,11.843024280689399,20.562591527556787,15,0.6534079877494672,0.2742128687617991,distress
0.9664428416170795,0.10250696350005505,1.079023074781608,68.61664622496873,2.5699056455170832,1.8125221521932104,7,0.1686399369675401,0.0,normal
2.791849651671626,3.5103524022329617,20.841542696820262,104.70772067260049,11.121573814738714,33.088688847605056,2,0.028628649958960452,0.0,fall
1.8203878179121094,1.082931079166202,2.778075530045725,80.259797178945,5.366202085128405,11.931942382152007,31,0.8729789680472588,1.2424800810996541,wandering
3.189082851486159,4.49721679156883,8.921944802459032,107.6908460622299,16.33095744967732,20.91439653651568,17,0.44521811384650267,0.46430585944130665,distress
0.9519045293172704,0.09679734632884342,1.0461119182616352,68.83127116773153,1.9872022719345368,1.4776276364155785,4,0.19101413728177405,0.0,normal
2.3551637296390155,4.884708327664663,16.553321708867912,96.7795025281486,8.548393510135549,31.027519140148826,1,0.0359112319961738,0.0,fall
1.3746672215731974,0.8385067770664654,2.644530882283793,92.84257739302153,2.1468851800895115,8.51138495111967,32,0.956860416193515,1.3946034189594547,wandering
3.5848394416413027,3.4779183520151395,7.4879672119061365,114.526629679046,12.466593681084097,39.715740018266104,6,0.3713738021260798,0.25465436701435484,distress
0.9381046356996996,0.09150241053971205,1.0036751578093832,73.38954988074785,1.9511314006725786,1.585116047346581,8,0.1909384111288407,0.0,normal
1.50617212966407,3.2404426100514394,20.31308653000547,89.64787411011912,5.7744562483340065,33.45623239895627,1,0.010811089279111653,0.0,fall
1.5126028790737027,0.6221910906929297,3.4234274395226176,89.81101600625237,3.7109261988522317,7.2804426515279115,47,0.9473677896477116,1.4900281683396999,wandering
2.6781664626850517,4.2708403465015135,9.488256414210472,106.98041885365392,12.443286820006655,22.71883550044548,7,0.5531142666986606,0.2108331409254608,distress
0.9324131681061657,0.05478236375572813,1.0360815934060097,73.85941054739749,1.901693279260063,0.2690198520583609,3,0.12356432186338227,0.0,normal
2.0829712157941174,5.205099814618995,19.410496583750955,106.73192145064021,10.945266980550697,21.082571598937676,0,0.08170144865284898,0.0,fall
1.5449869806627035,1.4237503727977572,2.881182777487619,83.69772883272032,4.0195966401194685,6.566013317677223,40,0.8867363718830681,1.3582506079301624,wandering
3.6084139950492755,4.906878489332319,8.911050651106404,125.22135193913374,20.520383606164355,41.67472091845159,15,0.6023185066464208,0.4022948561526811,distress
1.0618983582374892,0.27457291883171236,1.4716306306313702,68.71666449345621,2.1713158601263594,-0.3754968590414962,0,0.08804446044341555,0.0,normal
2.9091523454377093,4.382342523855729,16.807653845157212,91.67694891405824,12.774932945106354,26.95070847117629,0,0.03487790624966215,0.0,fall
1.8600595595231229,1.1859758363497181,3.1229919878944576,90.454975816965,5.742078873849698,13.128907298689562,58,0.8595993893879756,1.3354187850736055,wandering
2.2544803201386228,4.347382874646172,9.716286862590124,115.0236987446238,21.914279029234912,20.683491759040614,10,0.37618243567933274,0.23267199797450627,distress
0.9171318059171156,0.2821468415688863,1.3251148654164735,72.0525202723508,2.604440342590071,1.152092201235157,6,0.008751069272203127,0.0,normal
2.7459888224200557,3.4557278478953126,23.42798407401287,100.93304558330925,13.968451732590822,20.150500266054088,4,0.08805664210672977,0.0,fall
1.8462587461029356,0.684925168423973,3.6260456388704396,90.94267371332364,3.022249847899491,6.482465943954887,49,0.8888259789098704,1.1751157173612818,wandering
3.5200619351325146,3.058551646767195,8.963089516234179,128.40603977955283,16.434592926031165,41.555194330185195,12,0.6552845502582008,0.3004208002215336,distress
1.093773359649631,0.13750504796626,1.3863519872422168,68.47931576826048,1.011492417961439,-0.7063529959894996,3,0.018705978112851417,0.0,normal
1.887519555252677,5.659490753538541,21.58157062503863,94.74976176722355,9.487511722576876,26.4132060252843,1,0.033562065336204074,0.0,fall
1.7093532472029052,1.2671560975600353,2.702572882158057,85.43595403383262,2.819211843001333,9.817274425973944,38,0.8070126859594998,1.3846718661494772,wandering
3.4380914877331508,3.9695134525416558,7.164172574397302,123.53584421225446,21.55804547004673,26.367781594114483,17,0.5774092827906818,0.048172885307577906,distress
0.9274095053885699,0.21829323355394215,1.015268575167477,71.43504538790965,1.598688563890505,-0.23130873654077,4,0.10267991259645462,0.0,normal
2.051172460516774,4.756978481273474,23.226788574451795,103.21572446780856,6.808535377191857,29.051830671215406,4,0.0745633087323553,0.0,fall
1.859207792624911,0.5830174884572175,2.1898859042082774,88.07362095500997,4.531831152945394,6.050436247606328,52,0.8060694326170629,1.484850758093741,wandering
3.915015888726577,4.445646563385287,9.857611025598104,107.36526026207038,13.204054616272513,33.31847848475163,10,0.4594805706447147,0.07799204201860865,distress
1.0722827371569201,0.15278468096731807,1.174119958925746,73.70364050963289,2.0189889754098695,-1.5504508666454515,4,0.19674900101587486,0.0,normal
2.3844509884911753,5.478677093085569,17.202195455708736,94.14754148426006,13.037951728563725,24.385816504902955,4,0.08608925318931837,0.0,fall
1.9701056027560042,0.6326623952169521,3.7856283033146205,87.4529565765022,2.856970123536365,7.042301055892142,31,0.9433362057315636,1.456848025493592,wandering
3.5735539972255435,4.783421680704919,6.007790973071632,108.86799432396234,22.190246886483237,44.99702299165871,5,0.6741714592884368,0.2999197930592002,distress
1.0055952805117465,0.1383288513053978,1.1395094653307558,69.4242396649334,1.3109349228725615,-1.5070462504657254,7,0.16398381409622256,0.0,normal
2.739157951856872,5.455548911249926,21.429499300824624,89.30238897603607,11.173505968458754,26.892596479134433,1,0.07634447505651981,0.0,fall
1.8509542231310414,1.1373027950130812,3.6102486838634453,86.70372501258605,2.903372495336005,10.11008029671913,52,0.8012460658496559,1.455649865035149,wandering
2.5320950550627277,2.436783381474813,8.594665046941074,122.54995900301397,19.773068339379947,27.966919287988205,10,0.5581786291476123,0.4387609737523665,distress
0.983132200785485,0.056148163480689614,1.4072272962924623,67.62138084955512,1.7340586638092195,1.0327224215457926,6,0.1617607254796202,0.0,normal
1.554820818935318,4.589183911588606,23.110275061501902,106.02037944380612,14.989621922805393,24.499752448482923,2,0.08297153844032039,0.0,fall
1.8105365754407963,1.4208805816541417,2.903959769313192,84.20024361287585,5.195397656390417,7.596275497096561,59,0.8102722878973366,1.0542859130980442,wandering
2.5459034446289284,2.7811073048475654,9.073541387536412,118.1170711310425,14.612653135410104,36.62856348994826,9,0.5533325421407436,0.0929540327405482,distress
1.0559951067501083,0.1420780459629018,1.2636229882376258,71.40194323793247,2.5680776373204353,0.09557452303207903,3,0.06632508007254952,0.0,normal
2.622893998622256,5.5308119058640575,21.788625044004057,101.56521519433686,10.32090112083176,22.20848022379515,2,0.05269311799624457,0.0,fall
1.4019335698065751,1.4404675011250005,2.916175477938684,90.75442582879228,4.659795058067425,6.965531473304692,36,0.9654562470135566,1.1429106633285426,wandering
2.349585331347753,3.4263136563164607,9.889971495102927,125.01800183763937,12.885219883924961,21.1235124098164,9,0.5836188875573519,0.28269032267471494,distress
0.9250180045641329,0.25872414186744586,1.2824583505485059,68.6116039210676,2.5461146072031156,-1.1492414127799564,1,0.003830495714764193,0.0,normal
2.610087398168752,5.342945938599827,16.557555619681516,97.94466847461038,9.357625718883163,23.825284579757877,3,0.09898678229515788,0.0,fall
1.8532052100916143,0.900015320611276,3.8721330847029387,81.57188763532987,5.238567417486028,9.386356612435653,37,0.9256940712445806,1.0680786211287958,wandering
2.0847112751330057,3.079668624655913,6.957614000163447,126.64381481818018,23.383620845778772,43.49825472532837,7,0.3950746842708962,0.24874687767973974,distress
1.008920276332751,0.1930556399642092,1.0075106354108634,68.70792275136091,2.802222352366468,0.9730852751232391,1,0.13968029504371507,0.0,normal
2.7120201181201335,4.118013984369199,18.810414208564357,91.2575070929326,13.15519923850245,26.600962060516785,4,0.026369848398611773,0.0,fall
1.3060039613527346,0.6696749919922174,2.1518776383681084,89.64694387334367,5.55591512463007,9.560526960029687,39,0.9451500986652386,1.2641821274455909,wandering
2.5350634729873995,4.384993035168884,9.022707131571254,105.44792097311277,20.456976391033965,35.23265479048182,8,0.6795955202927941,0.12335489321761772,distress
0.9695645435332746,0.29188791557930105,1.2333586489028097,71.29652496325694,1.8514214847740225,-1.3743764252699502,5,0.1649093151439157,0.0,normal
2.09582370307236,3.638245946210373,20.65611551141201,109.15730402769752,12.67921927860586,34.57475056761816,4,0.045456132455815826,0.0,fall
1.8317572242470015,0.5234602545123471,2.9520921145589485,92.47314944627401,3.9544989281345306,11.222372448934047,41,0.9542606870892091,1.2573375940807636,wandering
2.5135047871736615,4.264931591503041,6.971068849073889,110.40972168295116,18.110661858998025,41.902299330290816,8,0.3102498966032016,0.4343740986296456,distress
0.9247109032497328,0.08386224881952022,1.1368613237877052,73.58460591562024,1.9050043991873342,-0.9357395982903691,8,0.04023750829596404,0.0,normal
1.8307292526669365,5.274153954229827,21.749382001164392,106.15981367175303,14.129046308931109,26.172641501533974,1,0.05713375020605378,0.0,fall
1.2892598597592897,1.2023085722819205,3.2250665349793497,81.03731238489411,4.019101064777637,9.172859827429425,39,0.8682134745912022,1.2191396633771063,wandering
3.683902418525373,4.381342656502653,6.018957064719604,127.33891710993393,11.680591545528777,33.16397870776119,17,0.5988562378379334,0.3437154800333674,distress
0.9182047030267052,0.11295099318569628,1.1053844547816625,71.36096003790875,1.3171460965762367,1.4409969199806163,8,0.0902246775658895,0.0,normal
2.0774031366862142,3.0892719993586595,24.925529204878394,102.27316461996361,5.249262008938921,23.50321299709078,3,0.09048761593361171,0.0,fall
1.9945239996298567,1.4734761565233634,2.509104108900246,94.2453668058445,3.1118282257093965,7.283121676665489,33,0.8483870709418342,1.4456424980569753,wandering
3.5127820580716316,4.399746281990574,5.467329406670825,106.94396505747525,18.873929697890997,24.658855521191175,18,0.4551789469822509,0.1763583208994947,distress
0.9773279502807198,0.2882548793934047,1.1830263431877923,67.86987035443465,2.8473453841397456,0.5630940525388635,6,0.002931625695262308,0.0,normal
2.263925616414053,4.069925515694976,23.58794655727243,108.41992687159761,13.898773184850603,23.2408760258509,3,0.05589874507936324,0.0,fall
1.3588497439027922,0.886684696006158,2.7391370835231488,94.47280249019579,5.916303812343534,14.4488326010692,41,0.935419559781778,1.352002729042787,wandering
3.6536492640241502,4.9690871460026385,6.7522379648414566,100.666942640295,22.738231871804093,30.533267565807755,19,0.6414344685271304,0.47628533312969457,distress
1.0820649826676112,0.2639118454362305,1.0318197679270693,73.06299786089207,2.787955648823428,-1.4000967447534634,5,0.12627579587009963,0.0,normal
2.901568581290058,5.448519804300371,22.051456377646808,101.0413823035998,7.487609339720729,27.15703015488199,2,0.047545970602905066,0.0,fall
1.7130146410169753,0.5377489116927893,2.206883647150446,80.98373221245032,5.4299589819118665,6.07708618717621,31,0.8532603948207915,1.4664818206495913,wandering
3.3921262288220655,2.0963878034474916,9.966746818934379,105.47138682411045,21.579245537765196,16.19584202891394,15,0.5900396573168263,0.34822254552257104,distress
1.0502996687925399,0.23263379042965954,1.0442550584815182,72.58738376208225,2.4882281313822823,-1.8398083075218938,2,0.14583075853426816,0.0,normal
2.4689341581636204,4.907143140731368,20.294575097567645,90.51052845283702,8.015224667150576,33.34431412901247,1,0.09979494814887972,0.0,fall
1.3532921054687468,1.3520902277570643,3.297399077882133,84.76350063279922,4.159252527733359,7.527462936981953,40,0.8931903657695639,1.0132774713753403,wandering
3.5279168219584345,3.228762210497677,9.160418519736343,123.82045603116018,17.830483635389918,32.18468373734858,18,0.5515684704644217,0.21599003722506943,distress
1.0515666597561915,0.2523557060204395,1.2760045648568301,68.01166706136655,2.1929041261484192,1.0433360580351017,5,0.08698123188103085,0.0,normal
2.2395448649608714,5.253939721086809,21.374272674896616,88.92018520477602,12.710516810112345,28.675044275565,1,0.025772783015079594,0.0,fall
1.6334740364363143,1.4213071346762036,3.664485411204332,90.73365854845508,3.7885773464301926,8.120316656997574,35,0.8134499970638083,1.2502324507196445,wandering
3.73166181944395,2.9329217738672413,6.689919743157598,114.24269397696159,24.81614083750643,38.23414286924172,6,0.6632107130117497,0.4079545637963248,distress
1.0366462611317113,0.11165466027414757,1.2945743082604786,71.74533813329303,2.9586793794826365,0.481710006059632,1,0.13773702781289734,0.0,normal
2.753900781531148,4.759353336389801,16.49097694692664,95.2751174891352,9.989277730159749,26.496823836379345,1,0.04514322809916951,0.0,fall
1.4063063703916272,0.8670517285770127,2.529102319405886,81.47262515958656,4.647336158699073,10.708316576732322,30,0.8255228073522101,1.0511264089109231,wandering
3.2028534259836388,2.6669871274411685,9.055466794938345,104.91493472415829,15.647251657938105,27.654029552752498,7,0.4828821449228041,0.028897219118178608,distress
1.0473280931914841,0.09450970877132801,1.3716707595806878,69.30871904063562,2.870401606825359,-0.2771629336419559,1,0.05758967880980366,0.0,normal
2.7100180174003334,4.664941628098868,16.445149034464556,100.08506356160154,5.382071928895145,32.241165685789284,2,0.05101804561698617,0.0,fall
1.760331744137027,0.5927361073725772,2.29428185039679,92.50113478930633,3.730078860292586,8.223443075159208,51,0.8259560534593821,1.3660450597846492,wandering
3.2746123278563397,4.636142564914757,8.738453699769302,100.42488152368279,13.837460219650044,39.22146444646062,8,0.37134214200057913,0.18484715700262505,distress
1.006599776998177,0.102920009697494,1.1626578420838054,68.70204080731594,1.102477971142189,1.6681566312537575,4,0.06283931390060096,0.0,normal
2.8969813625906,5.372890517375353,20.805434614816846,87.7361332681561,10.036231646558909,34.43675901959299,1,0.09954765524489745,0.0,fall
1.6420858584558262,1.451290509357582,3.3539404303804856,84.57189218229533,2.7414825223128148,13.318651570185,53,0.914777457124115,1.4864386295700385,wandering
2.8072613370711395,2.2571786930213653,5.880863367695822,107.58388322983117,14.469957670345678,41.89225201074877,18,0.5506070049569427,0.24656746804445318,distress
0.9959877297841626,0.10810778585873378,1.0926625561109586,69.18059810653028,1.8925327884130965,0.5735578566422355,3,0.010414290551215434,0.0,normal
1.6523151250550274,4.658466727278864,19.701372608502574,101.9229139888368,13.898983338626028,34.81029713435724,0,0.07731411629080165,0.0,fall
1.7635250223896424,0.8312599321476931,3.3343432416778462,82.82863880657546,4.795667006916522,6.130321360624801,55,0.9114419268903053,1.0481888339667864,wandering
2.8385350017257744,4.2468443231740025,9.688396014672975,125.76773307985597,23.298260884765753,40.125947348231946,7,0.548762450262811,0.11393857012978759,distress
1.0624919308528242,0.12822643411807044,1.0614181387849715,76.9467950005871,1.1325606599739644,-1.0015058018033396,4,0.026090146233329437,0.0,normal
1.7041176399375177,4.735711934539349,16.850955459406123,105.09703248004611,10.830308486538645,33.18812951870088,4,0.0842416278090467,0.0,fall
1.6716213325710398,1.4153782246902462,3.5189029559457174,87.7193868166939,5.111897762906326,5.755017633566469,58,0.9799052405370441,1.1213470148144675,wandering
3.0005021475680653,3.3177491301538176,8.80047308528758,114.82457351563464,11.516885337947047,26.036459681554696,19,0.4065559705019284,0.4149960987109139,distress
0.9431721176980957,0.2802505431094833,1.2568034911872206,70.30153749510697,2.0985266229602226,-1.987783205467848,7,0.16597494167891078,0.0,normal
2.798197595078604,4.220982866087403,19.542928012372684,85.65091516405391,7.125654220339643,22.41113675072891,1,0.055837696119305336,0.0,fall
1.636258001155159,1.0672322323360532,3.472691296224748,92.96554857244433,3.606384726830178,13.730976695892425,31,0.8282588540778656,1.4357823634124367,wandering
2.9095274318483564,2.324133249040912,6.568815442002622,123.16635272277229,15.965404151112086,26.324414889153395,5,0.35704154480329847,0.1196932487382581,distress
1.0568724558426004,0.1701573808374195,1.3896625994241956,68.21220196405771,2.2013398718481403,-0.1574670377299885,2,0.11483827700466515,0.0,normal
2.4887198577946132,3.359700568645949,24.261121121321352,106.95811414794234,8.225575660352847,31.06469578768528,2,0.019527834083052333,0.0,fall
1.4186867048396636,0.7749407345978618,2.5808965903107106,88.77977434580507,5.49940265650292,13.572237716128702,53,0.9418014682831233,1.4889572664795334,wandering
2.6972386743834234,2.9781176122372637,6.276892271328107,128.71893370207448,18.958004419842837,22.6772619554322,13,0.31449614923594665,0.1987755690928163,distress
0.9419686188024342,0.160318053283676,1.1966308558983894,73.03962407301705,1.1154599787393373,0.04438491321030469,3,0.09312535791048451,0.0,normal
1.8373320058484586,3.137997324584814,17.27338677121062,91.55148631511543,14.29830401453955,26.066918889305526,3,0.07620444286743538,0.0,fall
1.4362974589136632,0.5027109523258272,3.99705973264874,82.09079088571299,5.261667135539023,9.77591692718466,43,0.8404433812280717,1.2210122449107337,wandering
2.3843272997801943,4.535745480563017,5.91733632819231,108.7038094929539,21.852363631132853,29.266306434938805,19,0.3438185418182458,0.06518068301750407,distress
0.949786514405969,0.21965594078306705,1.3396173156278524,69.89749209777845,1.4602703796915681,1.4876575197293804,7,0.05626262200474119,0.0,normal
2.635319261578794,5.418964638676167,21.843898045777575,90.75204242779206,7.890064283756569,24.65516447215531,2,0.0530691566870303,0.0,fall
1.3443014186731987,1.1639712650490712,2.1573595288757232,86.64053823916906,4.973078860897344,9.380468468090907,57,0.8908196401313705,1.0468305631008072,wandering
3.2801995299701,4.020451126876743,6.466443888173134,124.05778781921003,14.029015656912023,23.959550910815405,8,0.4187752073830928,0.4834568533833616,distress
0.9610094191070473,0.1550528212312704,1.0039510921337107,72.44969702800611,2.004287954104522,1.1067425279758734,7,0.06191893778087679,0.0,normal
2.2187578300964854,4.863859406912729,23.63948112621815,93.79235444814243,14.492385874711061,26.694274290985586,1,0.02683008862627544,0.0,fall
1.352804515495894,0.911602316185478,2.4079054132277724,83.77895170945479,5.195332672936065,14.410463103057285,53,0.9007003914907333,1.3987679846219454,wandering
2.9571546471656207,2.440172285393362,5.18362237262672,124.72090467044723,22.058810553125035,16.36514233987583,7,0.625844048008825,0.35581960713588356,distress
1.0051474840163277,0.1005097975969471,1.216354000337692,68.48100108535898,2.92928022828655,-0.06499364028014476,9,0.10041112086551474,0.0,normal
2.9309969788612555,3.5375655928299077,20.16376432020754,104.46196830421854,10.345725056434201,23.55164006918499,2,0.08629448406433482,0.0,fall
1.5888292526125878,1.0545097208212337,2.533893974189543,82.31903463959631,3.6151214694014544,10.080688429074309,55,0.8477892686323518,1.4317280461934918,wandering
2.234178486242534,2.832195496116836,6.420593712892604,116.98191814445595,22.934184753144997,29.430441811676904,8,0.3359011072196878,0.4671866436445447,distress
1.044110926198194,0.18508925660791425,1.1623996505528171,76.91875362078635,2.070828902561864,0.3788530466290738,4,0.0005931906874729665,0.0,normal
2.27276534863009,4.219931802566796,22.999663857835834,98.19062540220796,6.392983896018806,23.958946084899456,2,0.008573255888100196,0.0,fall
1.2169486551331674,0.6344318128603365,2.6120649842171924,93.56809238451355,4.6191337962048635,6.716212991119251,39,0.9533203978969333,1.1130931666817157,wandering
3.8046768351166294,4.22409468223378,5.211664963336721,104.2354317020804,16.790188574614287,30.320892731268373,15,0.47416371106425714,0.17396935159340698,distress
1.0662380519273622,0.12422668617945233,1.1525437732443358,76.64656639001689,1.6165397025046402,0.0947839039314271,5,0.0611658686782552,0.0,normal
2.7582398874318166,3.145908519570825,21.81026165936506,86.3002309080239,5.494882994493028,33.30848224861424,4,0.043243913213879305,0.0,fall
1.593346070554626,1.2210669889494534,2.7485258403954242,80.4675060983732,5.412587850087304,13.554668775218573,35,0.9512283394600338,1.0663054966849446,wandering
2.6437112056870147,3.9770811235571863,7.47242801255826,113.1486596222761,14.746123695780463,17.5235862073546,17,0.6944206255012141,0.026082344802221102,distress
0.9023018540645742,0.1747871346097531,1.0544963418605469,69.06330068546778,1.098667628000564,-0.8323448417771702,5,0.07378229184326801,0.0,normal
2.9491978175148663,4.8021227952576275,15.271093810382535,106.937415049491,14.573968652616053,34.31832356340921,3,0.023912571121928173,0.0,fall
1.2593967272597684,1.4096307447594958,2.708885601667019,87.27713435851527,5.354126379713566,13.257609859668019,54,0.8538714918532305,1.1821530503920523,wandering
3.4159266051783326,2.3456527416151975,5.135360412746581,120.96307038472213,14.616631195523228,38.051522280054186,17,0.4233973305723182,0.26600015142688777,distress
0.9910758476984535,0.2612163700385416,1.4571978584205327,70.727743113397,2.3069090530018705,0.9773487501386016,1,0.19378220495765,0.0,normal
2.231439250345336,5.326818760084847,21.599494924078694,96.35225700248539,9.380024234233652,29.075186725328344,4,0.09672274259670278,0.0,fall
1.998687236218247,1.2521898248321253,3.7001052165715147,80.19223648610013,5.685461571119001,12.620713544638573,32,0.8472436427357672,1.0328046967543218,wandering
2.591330443092073,4.197981258682804,7.390530850437216,109.03696476241673,14.861221129683816,42.003466610482775,12,0.337691723498385,0.15822532942715362,distress
1.0539091635965534,0.16236173410848165,1.3813576502034615,72.07748861665276,1.4140070959486324,-1.9202203054526241,0,0.0596354819319471,0.0,normal
2.9624760655364333,5.145397338597127,16.13224870635718,85.6644257758851,9.37902534040175,29.54502537234222,4,0.0523921189849771,0.0,fall
1.6466786243199711,0.7489987037834358,2.260785177521013,80.32563808707198,3.9207321808178484,7.7033137126756195,41,0.8698861782696742,1.2477547405613119,wandering
2.572470211027798,4.039900460266439,7.766026266949503,103.44206037839486,22.444665751662153,22.45634976044088,7,0.5552033627992052,0.07009047579808947,distress
1.051553697635597,0.08958245215848253,1.2285908196427089,69.90245750505724,2.9451405117671756,-0.12790531963921037,4,0.18280909635411988,0.0,normal
1.9233587293815742,5.656759961321555,19.024827206136926,98.97324243870865,14.948228870554527,27.575763121777833,3,0.08805868564674191,0.0,fall
1.8776653124859968,0.6470945681112117,2.517373716439698,86.84951711605515,2.952141563310351,5.246590337907227,57,0.8267535388340277,1.4521325540453098,wandering
3.0032631822101594,3.6161303087887298,9.599466325743157,107.57927000921994,22.723496699403114,38.33545221683588,15,0.6887428433767375,0.12085624427159264,distress
1.0585003591059554,0.1230609373484335,1.3552303803868049,69.57213859175917,2.0963288516276934,-0.028809697553875857,6,0.16004456880684664,0.0,normal
2.4776096779317873,3.508946142548276,20.614123250408653,87.60535298930888,9.543944795093275,27.538892755415432,3,0.018347902634819457,0.0,fall
1.5514043677391798,1.4346834189229745,2.43821177138497,84.14238558662062,2.983373085644219,13.256114762172814,30,0.8290129294846523,1.0265942537953177,wandering
2.2881621357990802,3.249256191437403,9.632718394872317,100.83256409632895,13.641985168259378,43.95393083829474,6,0.44335367404727466,0.033878376612587635,distress
0.9104978208445689,0.2516640768914301,1.4036916424325183,70.19126799794604,1.9292654882833788,0.1250226669858212,2,0.16233425338408353,0.0,normal
2.0597898122952154,5.117999900991145,19.48329158986634,94.22384648804729,8.922241495932965,23.506906512858958,2,0.06549983596171532,0.0,fall
1.251896675303006,0.6655969056382972,2.877216107996147,83.38062903499281,3.9001440245211216,7.355638159491244,48,0.8733655805786982,1.4283264590421618,wandering
2.924635407765339,4.131505144961037,5.771095418357934,113.41682234301278,18.572912229690807,33.40438331573232,6,0.6558398735917728,0.4366308262864712,distress
0.9260253489946586,0.20779534924948045,1.4903486753977637,75.90301447246523,2.332122675474606,-1.544795351513991,3,0.19081847499287402,0.0,normal
2.6816833274655565,4.663244355086315,17.756896566570504,105.24519930704068,6.895377442531142,28.839704601319937,1,0.04031554586457584,0.0,fall
1.8902369966511874,1.0924511887251889,2.8328534314502125,91.60861448563989,4.347077822515496,11.357188646122294,51,0.8147294062023622,1.1390730585572948,wandering
2.907916713885355,2.760417898098652,7.755266244395401,104.84378997021183,18.497724386845594,28.545103916777556,5,0.49201097802681515,0.032364962751449344,distress
0.9771471113992782,0.16746903620909576,1.345690529573945,70.68812900754988,1.4578798211860464,0.4591363544070419,1,0.005308877106400156,0.0,normal
1.826509756616122,5.449676999491948,22.032843591098086,96.38775537122042,10.361470154180145,33.60649527110653,0,0.023767014720495496,0.0,fall
1.2823171764837484,0.6588503981663535,3.685343463546495,93.7010242507137,3.0370791907975874,9.55832926467104,34,0.8840615482893808,1.2993224207235765,wandering
3.4897061950707,2.7663353898680136,7.406853706503784,114.04587621315753,11.166937811587637,36.13590714047298,5,0.5487667009185746,0.09568294577015157,distress
1.0384484526563529,0.29336047435459134,1.4894383448640076,70.51322403041362,1.042672666416391,1.1524417841259909,3,0.023895188618714272,0.0,normal
2.5114782207043858,5.485656270854415,23.15466582591134,95.78590002831127,12.783562677941768,24.794762655129453,0,0.033339241125459974,0.0,fall
1.5204426824808215,1.25679375763665,3.6108986766481803,83.69931026874659,4.4529717930580075,8.266153328653896,54,0.969614360971915,1.3776801786880613,wandering
2.7986926806099435,4.535304722809672,5.338918783109893,120.9703844595108,19.55060990649016,28.36471182953362,10,0.4614682947216987,0.424771655996978,distress
1.0114647771931815,0.12507948604783536,1.170209009819844,69.61441646952825,2.935758640886281,0.8854284889281576,3,0.07412171725772865,0.0,normal
2.521561705911326,4.696531705531582,23.37913473229093,100.33117131126272,8.836124204716894,21.872091686124786,0,0.009741781106826986,0.0,fall
1.9817830706817543,0.7091105379643978,3.792743203675715,88.47741582744175,4.593711812467067,12.688762928745657,36,0.9764388367086174,1.0242497450542078,wandering
3.386340401996086,3.083817114328435,8.025068926955436,124.44912767361713,23.148968183162296,33.83872732323036,14,0.5087393941463132,0.029466685872244824,distress
0.9127618359297157,0.08291686544204745,1.2011011984329485,69.0586910827894,2.431668829655654,0.785384801876496,0,0.13189861499178104,0.0,normal
1.663271986901516,3.7516404354742843,24.38739468728256,105.78688154979888,8.918175226962267,25.890032647751305,1,0.01225684898268281,0.0,fall
1.3498986286808996,1.3287506778882667,2.278156049286825,82.09095260901552,2.983249297103137,5.897496071122745,53,0.8229982665320733,1.058435318279626,wandering
2.1740329009233044,2.734927016510509,9.196675952909672,107.14072324200683,17.232304515031835,33.230778075966725,5,0.31326050525707133,0.236721270149502,distress
0.9190393803398765,0.10921659349929526,1.0545056712414387,67.73784601015343,2.6227664766133323,0.15359639086906718,9,0.1690343905235359,0.0,normal
2.631494767333742,5.837662080337036,22.781638847165393,99.8909721375116,12.056427395710255,31.786372369303336,3,0.06853367153079379,0.0,fall
1.8556107996734432,0.5144416990410995,3.86082591361318,93.43534170817983,4.469166138222619,7.028122242872801,43,0.9641929993243803,1.2944504831028323,wandering
2.107791180485623,4.081596275556589,7.4249711430028755,126.04585511122318,17.200045153144913,18.340578127024926,9,0.34100907535654096,0.04222010420376221,distress
0.9323107525407076,0.06439370407516597,1.0518835758188674,76.05870191088168,2.620483301528125,-1.8913905933832336,0,0.18632581130634776,0.0,normal
1.8266974530487112,3.010378704363964,15.260220750718524,104.5777459680229,7.323183742579348,33.57624931182445,0,0.09215580950075786,0.0,fall
1.6348653881504436,0.6648695316107566,3.917478288087217,80.52861717750943,5.088701118914232,13.47194372360913,55,0.9818841469730846,1.4188421750665694,wandering
3.5072169219388707,3.730809599111243,6.6546200947075285,103.04820397955507,12.178040721389957,24.17793723608515,19,0.30492117718455336,0.29910179430068107,distress
1.0221553781289439,0.0599754479155029,1.449825128232083,68.70114949015287,2.412471106374089,-1.9482211764836705,1,0.01172704987519031,0.0,normal
2.50162117202721,4.247513057799085,18.92226987157361,100.21639411895482,6.3820270252474165,34.05573017700158,4,0.052832616337522266,0.0,fall
1.7221821314132733,0.9452301118481181,2.084968453827234,92.49622687799615,3.13772653387009,9.125012902606727,41,0.9584265309467305,1.2613961751642042,wandering
2.872116132427535,2.6117617671460707,6.1830172554212535,122.67151046751687,22.38642281306212,17.275563167206602,15,0.6235772460388866,0.24830164907319607,distress
1.021211697378097,0.26075999218803186,1.3562345659799933,75.78573530608156,1.3571795200050165,-1.2771485497296946,9,0.17212093061081976,0.0,normal
2.5195865927468883,4.828287059445699,15.102786197094405,96.53417350278127,11.74838121116725,34.772164205954496,0,0.0018881755768813014,0.0,fall
1.6025382299241007,1.0461796892616895,3.8851021630856097,94.03625704697961,3.9645377017462233,11.10936078555685,32,0.9411257144950103,1.1759824563624028,wandering
2.1291305874844535,2.0370770522082626,9.48324048406406,128.13794944949305,19.530064276282335,22.890374078443664,6,0.5317072429612438,0.49489391725140564,distress
1.0084942143837485,0.1142308320761206,1.0600834755299335,69.7268147527799,1.115526422551918,-1.4020258648536954,3,0.19256496235445347,0.0,normal
1.921023976602474,3.718804209330758,20.73773265680925,104.61518717848179,11.153365260939427,25.85429833869626,3,0.021880918933102934,0.0,fall
1.981891261782117,1.2440744402922426,3.9167071210952793,87.30930492287145,4.583882403378643,12.791574763841261,32,0.9102723161742621,1.241616427696088,wandering
3.6116133317476873,2.3170216451833308,6.22501383863367,102.76212778269223,17.93458359279239,26.77249555475339,18,0.3506880210281876,0.22523931580912265,distress
0.9823901907702756,0.07056913687218806,1.0682835286723324,76.71301592081623,1.9577018919548652,1.7282884838973471,9,0.18421869932438223,0.0,normal
2.4087753874331463,5.613192372810508,18.620858950357164,94.21367831220506,6.536038370901669,32.4460338258292,4,0.04479462660020209,0.0,fall
1.5231190136850588,1.0874093283873743,3.9428482341997784,83.5538671958495,4.94841837733441,13.622552211803052,40,0.8398360638083228,1.3367998901820533,wandering
2.309733043164756,4.659504697665959,6.103995041616036,124.24476567311655,17.548854417857505,19.848303645270825,8,0.4100376787404118,0.21720040223322384,distress
1.0029987649520657,0.12149949471769024,1.217297733676156,76.57901227541541,1.2412742064365772,0.7182917478770277,1,0.11587817674227954,0.0,normal
1.5882516178027146,4.795029415908639,16.47668158391444,105.80758310587697,11.071530912460336,32.41427614172419,3,0.011544804207547789,0.0,fall
1.4816733299274703,0.9488349852254496,3.2057188967833907,84.18689525323148,3.42707840403376,5.477910446432489,47,0.9989787199035076,1.2045248163677242,wandering
2.392971972954452,4.106788818721285,9.813224219399672,124.34755523252284,14.602013402625754,23.03829885345499,7,0.6595818638172906,0.04924718772370834,distress
0.9950692208132856,0.2102575888026118,1.0100705725595773,75.79486801550465,1.601103073787808,-1.2831678557406976,1,0.06823263655274762,0.0,normal
1.5981439133971493,5.650423310937832,15.738752814282371,104.96446058123887,7.256788501307344,32.77060152737453,3,0.0917894044161537,0.0,fall
1.7769672567514134,0.8753105812519499,3.9979015857129676,82.35400931240106,3.4281651826152806,10.2007209348433,51,0.9499856403814838,1.482853035835911,wandering
3.8259159801912475,2.0729664722386305,7.070999465479145,127.29933366596967,19.58507091734017,36.59955938022766,12,0.5400473065991688,0.11099321051167582,distress
1.0817970954661948,0.21641084187576592,1.039193291071316,67.52334956897818,2.623856266242255,0.2885126086891141,8,0.0491214231321125,0.0,normal
2.4601773554972484,5.906401735400025,15.328323652169708,88.02394659364829,10.360828323079463,23.862637318173725,0,0.012266640608308422,0.0,fall
1.8403520144149628,0.7787156637230717,3.937747466220209,87.95642459362533,4.647164791577455,9.59751394144299,36,0.9861374572389485,1.3545993472539428,wandering
3.9493582087346417,3.208291000528784,7.288459967404452,107.78232202108049,10.976388016136331,31.39534925799136,15,0.6248190919877878,0.2373591757702317,distress
1.016711244376898,0.05615821247986734,1.4292648923665714,71.17645885130909,2.04621795670909,1.3546066941819697,6,0.19817630230295805,0.0,normal
2.29473290407148,5.565390844331729,17.525283005876318,86.30251557538914,7.481559005384425,30.758943764744053,2,0.04625580766450771,0.0,fall
1.5408249687401911,1.2089146372608777,2.1776782515263093,83.60808436939084,5.750124869427124,14.657168190553465,36,0.9822298062589117,1.2919075733038174,wandering
3.356901227111133,3.3991996880392694,7.942614201503139,101.15568121710669,22.861963428463298,42.76485696774104,12,0.5335944629474472,0.4140138041729912,distress
1.0584009682296651,0.29861096000146814,1.4047933556146883,76.20399228684066,1.5431821884900851,-0.061409564395191296,5,0.03985031384910449,0.0,normal
1.7511664630134092,5.834290588560755,19.572049854701724,96.31186543692594,10.402250597104683,28.746169240040857,1,0.06453533984538383,0.0,fall
1.9808613861274567,1.1190349802587776,3.943774349643129,90.16233460657122,3.14513247355938,11.642319339126814,39,0.813376969328255,1.1725138130278066,wandering
2.470495670624952,3.404746314860692,5.387573840934068,128.05966904697638,13.002445090430292,32.07253946438878,11,0.498018333574753,0.09931920066995542,distress
0.984923131007196,0.2960227929409929,1.1588368214505511,70.86734312740519,1.4605278998807893,-1.3191345301264832,2,0.06602865794798694,0.0,normal
2.638097527813178,3.505026139479471,16.545916425824384,91.38219012693374,13.068284423283222,27.2843189143555,4,0.0908471450327151,0.0,fall
1.3444349077453166,0.9586929829208997,2.5357338079368885,84.47149428927054,3.3998773455986466,6.533839773869964,34,0.8835037097903164,1.0513560992788735,wandering
2.943474399972172,4.098556490937197,5.773025166223465,123.09613805148123,10.255092456232008,31.21278671666384,13,0.6645420168015892,0.16958889012869965,distress
1.0626731378084775,0.23535870041274004,1.180883426639661,71.13951140578244,2.9920803428317044,0.03171578952790277,9,0.14148025970911798,0.0,normal
1.9083230220894656,3.676640589245272,17.150083426616614,105.70911650933539,11.3941562534672,26.05117935325396,3,0.005483055703447826,0.0,fall
1.593167937244806,1.249737481495413,3.5500660056943794,93.31319436177772,2.6982826818611394,14.808942298643968,58,0.873958970199111,1.4536307538361157,wandering
2.7750254533682073,3.934770365511032,7.143328125747352,115.15220654503713,15.037378713233593,35.191903228176436,14,0.5622176730060874,0.43611959403068534,distress
1.0804520939946543,0.0878621705476063,1.3926883531946492,70.38233505962612,2.269095935315503,-1.8102890639172644,8,0.11456982393360532,0.0,normal
1.5007958723771342,5.571570167581992,21.155409566129272,109.81656930882713,12.033546023396031,33.86517528679866,2,0.06101786717304361,0.0,fall
1.5958423192128168,0.5671251316893321,2.293762529508024,87.55772669566045,2.0178390483046145,5.866933044086366,34,0.8521169053586679,1.0139567731243317,wandering
3.018257084007422,4.180354410027641,6.058018655063238,113.67412672063266,10.422627522266342,15.090324968855699,19,0.4431676113186675,0.13918544997430443,distress
0.9994924554291953,0.19015251675095718,1.372071761600676,68.45594739762284,1.490715778128619,-0.4517630382829547,7,0.13372415906351426,0.0,normal
2.970831857796596,3.425473996927696,21.736506417676,89.45693173531359,10.35415330000579,24.55857609528465,4,0.03676703173395617,0.0,fall
1.9550967151040908,1.0243541778985699,3.6742427056119054,85.557209690272,3.689520737211032,12.948139636547033,37,0.8849411457709477,1.3793261786762852,wandering
3.7281918847341196,3.4354504061138087,9.456402429862418,113.36584203212666,14.47556136499134,24.69068278779249,12,0.32646231677523124,0.4775923799375018,distress
0.9087472682025189,0.2369666975635154,1.0888611395967747,72.04776576675802,2.2522913925569483,1.5565370266423013,0,0.05288216838208329,0.0,normal
1.7029614588598845,4.149722462258022,17.22887944547719,106.87529013512385,10.6883546889918,34.496105539728475,2,0.01503690650336953,0.0,fall
1.3929572862764956,0.698598619649919,3.150484363054152,80.0384577851202,2.6821134064004544,11.317126894286632,55,0.8170558015716273,1.3147650163107945,wandering
2.9215688324993114,4.82623794955558,7.6166987704893945,116.39307025092259,21.85983966561683,44.46232577851627,19,0.6919980324127364,0.2775941007366073,distress
0.9580548491202505,0.28281830177147593,1.4606612198527915,72.29516989882715,2.53370210414098,1.8840005424508832,3,0.1166288253097616,0.0,normal
1.6111625589427747,5.828701717105191,15.889631954822365,88.64435223922194,14.467680318581747,24.6795277240958,4,0.09434499843118654,0.0,fall
1.904398222070966,0.7808248181223166,2.373398561887635,81.77961284718111,2.869759179033393,8.536648767011904,55,0.8384930035528662,1.1596331260272574,wandering
2.8263941537989803,3.0288382053334155,8.14882997243281,121.66686301929198,12.68066635693001,31.649749918686457,11,0.6157241326328027,0.045376189080775675,distress
0.902314299134843,0.22069393302045476,1.4079577804996044,75.64272612745575,1.4954784887168024,-0.6034050390561103,7,0.10269630354960067,0.0,normal
1.6349283896895674,5.076586778588194,21.247666746188024,109.53248938023592,7.432215131117143,34.96026947229016,0,0.07659952539437818,0.0,fall
1.7280478150361755,0.9254073896415606,3.4159242820458635,90.51326628262534,5.54739678480364,9.388286589453244,36,0.9385757112485047,1.3244655088787185,wandering
2.715471564891798,2.992694152855525,6.901498537292374,123.53671425443096,16.82640320347818,28.184840734386007,14,0.3985830014813305,0.06497424231775539,distress
0.9642590451849521,0.21020731861729886,1.3382310506269972,71.12153296177861,2.6193350736934806,0.3734157683249668,8,0.18195012991035486,0.0,normal
2.566905676308944,5.779814502243327,22.777441934758922,101.59384121927881,14.263512676087883,25.718273508079125,4,0.04813530191278113,0.0,fall
1.5126752265093126,1.3708291999175368,3.8184492841394877,86.44049934565507,2.8785517299738563,10.163714208815911,35,0.8044332574382922,1.1884502284008407,wandering
3.3072896039990116,2.2013953234128407,5.24037114441526,102.35236350614666,24.426584705699184,37.60926516214393,16,0.38856136101378796,0.16111790004655685,distress
1.0437932603187843,0.17346041915509763,1.0946340928328844,68.76716852337175,2.3968906873832956,0.19554545001507506,8,0.16834866929090675,0.0,normal
1.6106251468203698,5.8393709337666335,22.212259542150925,88.09335118096416,11.706413914752515,21.29850152067205,3,0.08039486991623297,0.0,fall
1.4145088079527914,0.5969153832777091,3.2020027086025653,83.89101258268984,3.7241900136935344,8.977273690882146,59,0.9311377534358589,1.409236948828576,wandering
2.54082851154618,4.254836703130037,8.13521538465271,107.08120422121793,10.521724733286243,43.617715946944315,16,0.4874161306169075,0.28583765330842636,distress
1.015121762987443,0.07525320398572664,1.005658841037255,69.05242827596985,1.2458136475997965,0.866691346526804,9,0.040102556631421885,0.0,normal
2.7149226275891274,5.378902784421639,19.338299433589285,86.21679468702281,11.161398851991146,31.570547044338905,4,0.051275041266097554,0.0,fall
1.3737863826444494,1.4216800645981196,2.078731260244764,87.69040572077523,2.0841093825072936,13.449866455433844,32,0.8672041729535039,1.1248527297860427,wandering
2.227442455590678,2.8658163197664157,5.983910936901418,117.74615997912781,21.04410848393389,19.403625963049265,11,0.30457893246671724,0.4982824421830391,distress
0.9904861710319881,0.2765234225922823,1.3921509531869187,72.7406977121232,2.6725773291696893,-1.1123460478416862,2,0.03185447989490688,0.0,normal
2.4600164380486986,3.6839243120269125,21.856206488230164,91.88705454006148,14.835586853119336,32.70311327805301,3,0.09941521325942333,0.0,fall
1.7482640150108095,1.1627241650589433,3.603838309621752,92.99930580851807,3.8754734814696787,6.164214867747156,46,0.8891891764541681,1.2311887725946151,wandering
2.0813864833444473,2.2654473289539103,7.447961259917675,123.00547830658465,19.315330258754816,23.206057009577748,16,0.41454131761080526,0.016922077277419012,distress
1.092715585082315,0.1042157220091358,1.1886947525659985,72.27110261822236,1.5465288497467715,1.612408521565429,3,0.12487474432025059,0.0,normal
2.944109236907574,5.23276259353669,24.727804530431573,100.9100734889592,7.0683456519037176,26.78763898722716,3,0.0012891224629654752,0.0,fall
1.3600681349388286,0.863491284207142,3.5429310915107326,81.37019257667464,3.785413345369964,10.088008744794301,51,0.9103506263500849,1.2595671691329753,wandering
3.348666034722304,4.279113223851576,8.36722857355537,110.09021349218804,23.281058649432236,42.89041159193364,9,0.4582693689490296,0.4720477439458668,distress
0.9878901499346124,0.07018417086389832,1.0759082390985713,69.49703755217075,2.656120733357147,0.5979056184517093,9,0.19117345625732865,0.0,normal
2.3606595080430215,4.313820434207216,21.039720929881454,92.75566031638894,8.293915103798586,29.579205886984482,4,0.09843261729912306,0.0,fall
1.553691267567582,1.1283873852082817,3.8876508932932197,86.95701580623144,2.1494094274438553,8.53536282179764,41,0.9926605805347546,1.2708393713157962,wandering
2.3902131836851743,4.20319616019085,9.453263621460247,121.17500500033387,18.84206997433688,41.439739286821606,12,0.3284284009037556,0.23103013935720423,distress
0.9937323260789201,0.15172756276204874,1.2294774816208838,74.75842468553091,2.339383111188337,-1.5917711688950145,6,0.19174358563205207,0.0,normal
2.6684042908253387,5.307949083007842,15.319183791168967,97.01238884452201,8.955388945226481,27.590418537590864,4,0.06247375052817893,0.0,fall
1.4211622615892339,0.9726402632304639,2.9693224757819774,87.46416939098636,5.828463965945703,11.94545152739725,48,0.9753634773350977,1.4135316089865622,wandering
2.9093038563447866,3.515473606764494,9.593229035221814,117.56500006947573,11.785882150955747,30.096507777414466,11,0.3521042161575474,0.28416474189739294,distress
0.9473519033743913,0.2935873120935876,1.4695821034915584,76.46707018815907,1.6583208803270832,-1.5338679140566862,7,0.19214455565447996,0.0,normal
2.794728237163301,3.343737715329212,21.878361928927966,106.83080468494327,5.129355089837045,29.078043859179875,4,0.023658836701054366,0.0,fall
1.7552760752496301,1.1095281279811045,2.647364425660184,83.93523542742562,5.780867823125227,11.66887397283763,54,0.8724234559088672,1.3547695379431348,wandering
2.619750233405086,2.471169065434397,5.4821699893249205,123.89712598249695,14.56480871486494,37.34255074578678,11,0.6191525704367904,0.2479483888290086,distress
1.0133362510578658,0.08245670347757418,1.0496287531073023,70.97453905313839,2.5489634426860106,0.12657679769845043,8,0.10393720528465791,0.0,normal
2.823611630632871,3.0297966692415788,18.881095470016085,109.598942512363,8.988735663893639,22.572232600214697,0,0.034261855486476304,0.0,fall
1.2102432482483099,0.5658566798030391,2.525544035166927,80.43302954670001,4.465509088105383,7.667981343288529,50,0.9597954743405245,1.0242632133263003,wandering
2.037238454667646,4.741188646288273,5.4984443372038285,111.57060235998782,15.160044108089037,29.6626747212574,8,0.3319887917257185,0.20244643281389657,distress
0.9541661506220697,0.2636355059360901,1.091698912415568,71.25764447493938,1.0457512758868923,0.27503581306202785,0,0.11873036960285183,0.0,normal
2.0932926068975366,4.386675154007417,22.10422782139106,109.12286466376068,8.26546801286058,29.367283506593985,0,0.06613323691042215,0.0,fall
1.5342217809537528,0.9225433708926972,2.7259835472675054,91.50387310922957,4.393356513303803,6.071847448225725,34,0.8972321261320244,1.170565230213062,wandering
2.346520872633319,3.517371278708957,8.689436342728794,107.01000340346988,21.517057248935675,27.260251631558297,14,0.45290137220558285,0.27977126461567586,distress
1.0283255260420152,0.17966816699938504,1.0174944493199132,70.11315206321134,1.5493146415786256,-1.357744915676176,2,0.10245037772048521,0.0,normal
2.3301063057206717,4.996252245535972,23.02780538123312,108.85746315069355,8.80771858928855,21.13533673374322,0,0.051209397248508794,0.0,fall
1.8576486476504246,0.8804063425644864,3.411556537872291,94.5961389753658,4.675615225563458,7.462677403760349,58,0.9910661285388073,1.221442786068573,wandering
3.682709458746152,2.2563863640633315,9.872549820433859,107.95305489372596,14.574488330187808,38.308334647322525,13,0.38203321437052246,0.0831179168562437,distress
1.0670146299006422,0.26361578870388513,1.144223967883276,69.45643807213737,1.180029233617487,1.3725479043462623,5,0.1956798696832261,0.0,normal
2.2669916030575124,5.084850511582615,16.9058157312317,94.16822521517561,11.777390661959961,20.661000611518663,4,0.0865758592104643,0.0,fall
1.2900119820913065,0.6683114649170881,2.7017811576126567,82.5820486157465,2.6251482922159437,9.58656411324218,53,0.9376173672612568,1.4941027365095805,wandering
2.2352309804413104,2.747998099784872,7.996567703530308,102.58838483421935,24.361558347548467,19.8465999413742,15,0.48948726816588994,0.0746782927189365,distress
0.9490483951527748,0.14838498418255197,1.3484815506801229,74.9479275050407,2.917948901295142,0.37588297195480713,0,0.05585336956744853,0.0,normal
2.3612130505388502,5.612456986503315,18.634467068840127,94.53200988727713,8.701513532676792,21.6775089677676,2,0.0366952530322967,0.0,fall
1.7961951744996214,1.2490814653044446,3.325726950652639,80.8699848607248,3.1307412375906076,13.255211994600506,59,0.9973893943512518,1.2673063346464666,wandering
2.4154328937579317,3.5325046082529195,5.003237066608362,126.16278484385298,10.663138861381928,32.13142526462824,18,0.5071337307634489,0.08594829877262466,distress
1.0665344734319402,0.12044030869703425,1.3966610878294823,75.59722727508988,1.4917703726724099,-0.8219936947764976,2,0.08851870749787992,0.0,normal
1.8511640954126332,3.042156868067713,17.645607896457896,92.36312147405916,9.498497759973223,24.50277368584236,0,0.06607073887572217,0.0,fall
1.5709560316097004,1.0825312388846444,3.73531026614901,88.5617179485859,2.051197405022639,8.786088062057361,30,0.820383566734571,1.2703705293992966,wandering
3.808683374373434,3.053429489586275,7.267386759660485,103.11389344685475,11.320105626239627,16.59013208156116,13,0.4288389332139009,0.20320184903860916,distress
1.0778723300637263,0.15019294194393534,1.2711607124882058,68.65050475513118,2.595474935459353,0.039962225593463074,8,0.10681837950040685,0.0,normal
2.974345922978832,4.251954470299919,15.204960273882504,93.8005627600146,5.003552730678291,23.996861072108945,2,0.0014433833136483388,0.0,fall
1.8697564872185954,0.6304594513184435,3.0498268696217505,86.64534503790934,3.8085964439908024,8.404465769888356,51,0.8567534371853897,1.303049614325893,wandering
2.315883593096122,2.0056862196871537,9.123979563553643,107.74865897174004,15.192863963374643,39.664425754901515,16,0.47963595995357355,0.4270167306924549,distress
0.9297640747442106,0.25581948112626823,1.0855173685928188,69.6401545160187,1.4249969155252955,-1.7217198972800936,4,0.11999768898999799,0.0,normal
2.152918812115132,4.765436795220332,17.48481841124309,86.45893996444836,14.272367332940082,28.128107009961635,1,0.013017836735441614,0.0,fall
1.8150400421005455,0.9077043232646709,3.2667658006726796,80.04485539632186,5.8039653796342625,10.942297330212494,47,0.8709419388086314,1.2001506481943336,wandering
2.858082817541966,3.117516508225342,7.082382208773883,104.67632391005061,22.617073959770398,33.93349386419416,13,0.6391005583083216,0.39184602842116306,distress
1.0639422869885173,0.1816673039717781,1.300957361969954,76.27176553696293,1.7001045493918263,-0.5533953197984225,4,0.1911686634095517,0.0,normal
2.222555900646248,4.992729839543637,15.506971627321125,103.38186892178084,7.547604392173709,31.145780477242738,4,0.07892769717152795,0.0,fall
1.219588687571476,1.2070723631810152,3.072495955245403,80.71815913276733,3.2174030622140823,8.548188647094051,49,0.9744737624487151,1.2977623028373564,wandering
2.2353485927008663,3.3253791666956656,5.252647808928858,113.42444082707567,11.754311176154241,16.822146552842312,7,0.41856382507935525,0.06645752061885946,distress
0.9003415203427879,0.19632431353788465,1.3677371680929613,71.7160499722272,2.840360540873056,-0.16579708780139502,8,0.18272888512904384,0.0,normal
2.2985980816519023,4.4134082854608625,20.99804507377913,92.28595931580476,12.392970648445846,30.03742665273464,0,0.0651085232055601,0.0,fall
1.9138696074091746,1.47412982598444,3.632051590687778,93.15872725182388,2.4008167114680288,13.776157980860049,33,0.9610023255055483,1.3451246190550357,wandering
2.9844766762977413,3.0745048980051095,9.522612416183788,126.97436312087835,15.002492613524968,42.933526326518844,6,0.5505431910607042,0.12502946076923227,distress
0.963132626862982,0.06810887583660667,1.2048058688607317,69.87681947188722,2.6576780697841556,1.8219973380675132,0,0.06328045489016508,0.0,normal
1.7791794185776328,5.698920961262155,17.063090784309104,88.88002819344746,12.766666432622126,30.929832336243948,2,0.015175066090998435,0.0,fall
1.8437438728898259,0.9418218077894939,2.338958855269594,90.364117968751,3.3506152470991295,6.975304428325356,55,0.9657549554242376,1.4031823655517546,wandering
2.197236409086547,2.9901730021054984,8.905139933267836,111.21825080548328,14.859633359281219,40.024565300429956,8,0.6329572029004437,0.19600438569097606,distress
0.917314871268903,0.1916948076533997,1.3302596375305955,68.05387435912871,2.1269431713186098,1.4572883807137713,7,0.13603389511461672,0.0,normal
2.5246959888316836,4.78704898131129,17.37186046236498,97.43002606607163,5.714152750157458,23.113810257691007,4,0.05724076303828199,0.0,fall
1.8447175459160432,1.2668121479311343,2.0075196492203853,88.79821314829596,2.027655241369915,10.696659548755393,52,0.9972155424879017,1.2874282769348437,wandering
3.168310824990311,2.6059492621505855,7.158851365998309,127.47988812900344,19.37408421849941,31.94849667584952,5,0.3731543021114009,0.07366799235161348,distress
1.056230254030628,0.16628132496212195,1.0045398985808134,71.18489146355607,1.519097574563614,0.6135568502178574,3,0.08669328878653854,0.0,normal
1.842145603766299,5.66288086642756,16.909831378896925,99.35732226098449,6.711669759856824,21.193092894258033,0,0.04997764380256956,0.0,fall
1.5663851765857566,1.1766809297143648,3.5019988051289825,92.64025944632101,3.7494229464749735,6.3617378273876675,47,0.9584474272970961,1.1698633803065666,wandering
3.4122954099381744,2.651903569913239,9.659403571947127,110.07392028467827,13.641694718052934,37.15224351235467,14,0.666133716012708,0.49301337737652695,distress
0.9941265705014615,0.1287273422540377,1.3279257903283215,68.75282572556652,1.7640971042916163,1.7439502250655208,6,0.05071927565452172,0.0,normal
2.460460803993348,4.367480162284734,20.163880629309634,97.35435396626222,7.461674866392737,20.525884617596617,3,0.04500324542952219,0.0,fall
1.5731071096730282,1.2500239325257274,2.0946656870377023,80.74317222190244,2.0414685866306987,5.368751112227175,47,0.8668021258167797,1.4608169858759532,wandering
2.3079834077144934,4.515146739495268,8.523518550971101,118.89789078403338,22.197389537633967,18.790993395425545,12,0.4787500194202595,0.2960411330086309,distress
1.0379505979342498,0.12918992183390537,1.3613520767926628,72.98979298835874,2.888099225780427,-1.3591149664473852,6,0.16065941698898267,0.0,normal
1.921191777840692,4.883702903982902,20.17632811922344,96.77637372171417,5.7677802758297005,21.905579643502772,4,0.02433298264652574,0.0,fall
1.539723518287166,0.5237675390974573,3.0709070677327674,81.86442419992281,4.781330445643103,11.801195168299873,34,0.988320873660175,1.2982245310104157,wandering
3.4208172615823145,2.7224675497160447,5.729563556406371,116.13143296031623,11.138335678744745,15.35093493497225,19,0.6889284561037647,0.07332499330166159,distress
1.0854361028399289,0.16893197124369103,1.4030085572853674,72.64598201863711,2.2782054582506595,-1.1476874963361952,3,0.1886622384304727,0.0,normal
2.1769496970176188,5.0134114388328035,18.333427195495442,103.09317398724481,14.022257482825022,27.666484278834933,0,0.03644556182843989,0.0,fall
1.6140145520993474,0.8684095219048965,3.220146667518275,82.31938152780229,5.71357707237044,14.884011919122889,34,0.8284113722282768,1.0755871318215773,wandering
2.6722352136019936,4.0081700411293015,9.209396103426617,119.05548724970498,23.968005606900483,16.137383852759374,15,0.46479073052894937,0.26998023214548006,distress
0.943540343694423,0.21862522000807155,1.410468391207305,71.39440830402086,1.0830797488552137,-1.8116356010277022,0,0.0004526615234209164,0.0,normal
1.7716219850533996,4.108331011780764,17.707494585250494,89.45060966089495,12.356251636690507,26.338726305663098,4,0.01096533931345386,0.0,fall
1.8087730119458412,1.0453417078161182,2.411190611357638,83.43571503537385,2.234013749951653,11.250675174022843,59,0.8481487863683735,1.0437614466729874,wandering
2.1710289932323095,2.1670983364147984,6.715624097362325,104.94157266467413,16.66199787749644,26.06475001428681,10,0.4489247281448019,0.29307546108716853,distress
1.097557207761432,0.08717226782523001,1.1099107701963364,70.63313511496419,2.052099224400636,0.6892952188316994,1,0.16897761787190133,0.0,normal
2.338752547875694,4.782509681066167,19.31551558692848,92.15715706171973,10.493484707748381,22.257113496762514,2,0.09685536527458243,0.0,fall
1.6460087242757622,0.6387826630771972,3.024273515396157,89.25256817384317,2.7086915724765706,7.567746493384573,42,0.8411978282307686,1.408595144093504,wandering
3.6250390741631664,3.8136022636215126,9.07670096685367,111.09508032668083,20.939570197438897,25.936750373039022,11,0.4387448848880761,0.010699829062391197,distress
0.9462283988829867,0.08838238572915953,1.0298498310286175,70.57313308201486,2.203549251840549,-0.3825624178403628,2,0.18273192292806367,0.0,normal
2.68919555599579,3.5947131141766615,21.845008833203114,103.9817441385336,5.1903459154417675,20.388656200324434,1,0.08447865999396864,0.0,fall
1.8526678194110215,0.6439572405385368,3.3907554790971393,83.42931756962248,3.443116410778277,6.6069658867970045,34,0.9169036586161425,1.2459033163725226,wandering
3.0025826792362387,3.920327099326743,5.724945175356257,125.71302598701674,23.185168301307282,26.582927079320697,13,0.6415098287189701,0.4647284662466584,distress
0.9857933751440008,0.21934858449859462,1.237904613819201,68.71190822364608,2.2481613205536153,1.4333525775188178,9,0.13021409713146373,0.0,normal
1.8805349283401431,3.853118398813382,16.55017669565252,96.59190205199852,10.884230220787426,33.30086369295089,1,0.0545516457379187,0.0,fall
1.8922589539541546,1.4949866654031898,2.2272915083592872,91.84564058078848,5.330930140152072,10.97972465513318,56,0.8831365265772924,1.0793289711014142,wandering
2.6858721481251933,4.625172202185545,6.517234995682459,126.3759074435775,22.45833898465869,30.01545848196556,17,0.43712149346936213,0.32274661523895604,distress
0.9425314101538168,0.07610165680702348,1.4454970736245754,68.45833165904918,2.3062860967175833,-1.5440939940461451,9,0.15995360140506232,0.0,normal
2.444484184197904,4.051219684649311,16.161094059023284,102.9266239637156,10.619036124590805,33.35126669142666,0,0.04349918538231737,0.0,fall
1.9459137713396397,0.6430071505670466,3.7953015697868326,94.49290539516113,4.225146449381526,9.667494222362386,31,0.9366609775671629,1.4779829853798843,wandering
3.3994034211703847,4.029551670331077,9.081565232678049,111.01779804416921,14.425239920857084,17.19839355604851,11,0.46858466947574606,0.3295462274365103,distress
0.9202616208552893,0.22431277904606844,1.2010301131607264,67.59697981633268,2.920172527293193,1.5584894064171992,1,0.18565056369560626,0.0,normal
2.1288212556438646,3.197567728928965,17.3541009862841,89.65162786886279,11.607070280820636,24.938371141335836,2,0.01500790259446987,0.0,fall
1.592521998050157,1.494946345733736,2.3558404324154942,91.76617578401178,4.051756498830265,5.160499224366799,59,0.992936404397146,1.3865551773100275,wandering
3.344477039315769,2.103114728927582,7.903572629412432,101.03484536923249,19.404505297574342,43.16815190405251,13,0.33954101529132125,0.02342634142190919,distress
1.05233971324559,0.054415108894501504,1.3168045680223288,69.52021037307529,2.824223042484322,-0.4961091879351316,8,0.03424127215527193,0.0,normal
2.764448202079069,5.810124721039118,19.196111959532402,94.53863800503461,7.702685410641984,32.2310441504515,0,0.053600578078975225,0.0,fall
1.9910958290802379,0.8766911183478535,2.7403531138594808,91.42828189428309,2.0526265103699024,12.365908909403043,45,0.9720559340079342,1.2161104051648426,wandering
3.8904404470139546,3.462810422170891,6.71599964072609,111.94891290513256,21.8668932608248,32.44806316926943,14,0.5469947130983166,0.3247358659958439,distress
0.9515339665744863,0.1639697501509902,1.1661926815937735,76.00848944484716,2.024568657395556,-1.1013203654143808,1,0.055117645435561705,0.0,normal
2.589778089461685,5.029750972487399,21.12371434181118,85.7963157381597,8.158350780622476,21.037008287686152,4,0.08176536619792002,0.0,fall
1.5746329817965172,0.9599297336684198,2.590559519677443,84.70688072350328,5.139742175808944,5.092379874685825,56,0.8901346000952074,1.1548080651879893,wandering
3.1509014043085957,2.8549773378369236,9.25496030435158,113.07878716832604,14.674586164916679,24.30129224981323,14,0.3889002464518155,0.17530564222423956,distress
0.9297427498480697,0.05590732817999457,1.4390781007745996,76.1987914043778,2.496945997294433,0.656660271176368,5,0.14733710457509402,0.0,normal
2.118892383187523,4.614386481913032,24.185084970955096,91.31259538225683,8.65929121853879,20.09140390503639,4,0.05676301009676518,0.0,fall
1.8352524010005526,0.6851534672740207,2.7230456550871116,91.2496754609504,2.2788052240433037,12.436060519334147,49,0.9250595404168019,1.2400261175468832,wandering
2.006687653859207,4.020408741468861,8.620280890562084,113.92259658943956,14.963891647849948,39.6241688756414,8,0.5879610764122387,0.36768990538951973,distress
0.9427903323898253,0.25507164412890704,1.1099330063872705,72.56456097973066,2.6684134101280943,1.945758259450896,2,0.18136821091653832,0.0,normal
2.878359209350007,5.688475187481612,20.28083262667592,91.23593900332176,8.255675837749054,26.86774135580891,2,0.062284176010691986,0.0,fall
1.2812709786018202,1.1431463746056951,3.890325444777319,82.68950986116465,2.957921832334915,8.196383812060255,38,0.8444663380983728,1.2760088896656547,wandering
3.4762797405938892,2.3161857059785333,5.328422531450417,106.63585694734896,21.32308028455675,33.975080290312675,10,0.5163667766228857,0.12563519898258063,distress
0.9087500414037445,0.07728984873422894,1.2810852490172644,76.02672121740233,2.9417271351478744,1.9673827708548943,5,0.030801915097545953,0.0,normal
2.336999224490758,3.343703468528081,17.101611514242002,109.88329033256541,12.022774505413649,22.35211436938116,1,0.005870703205278627,0.0,fall
1.9327428370542856,0.7789891783740194,2.7356537030959354,87.00168762854604,5.6580318509124385,14.31308538215752,44,0.8574751451704852,1.3481677538741637,wandering
3.641765538460062,4.05026481854614,5.547534180753273,103.58106809999678,12.078329202166369,28.86234397365362,15,0.620909777066929,0.38794852136541363,distress
0.9332618663199068,0.2489317463773752,1.155079334632199,74.82451467822271,1.1174071521985838,1.8468160396091808,9,0.16242981384940003,0.0,normal
1.958677962820861,5.416487973823253,15.99035299212839,94.9517682605563,6.429351591595342,32.26919278065836,1,0.01700833725442672,0.0,fall
1.6105207620281863,0.7307504618339793,3.389919212646971,91.91152167534733,2.8747807791101834,14.131268467844025,57,0.8062095027665396,1.2920618229716678,wandering
2.9727993043645387,2.50168290852115,8.805817931972417,108.29045659071497,12.621711147085714,23.861578608762578,10,0.5013504148112942,0.2721727992591009,distress
1.0013456546550181,0.10778950083011542,1.421635295688154,73.39753375182997,1.8561565106172613,-0.1273960164241288,2,0.06454462216018253,0.0,normal
2.427911613324059,3.178390750804597,24.88716355052564,86.54524994631188,11.218120698178158,33.230754171934386,0,0.09204665122553203,0.0,fall
1.42723801333375,1.4079833307801173,2.6502050586712897,89.25552359570683,3.4469294696532184,8.346834646178518,42,0.9105119593286113,1.0561732106186787,wandering
2.998552967194528,4.618468877057779,8.565104480635307,107.4437219161497,23.553309485598245,34.900679345031094,8,0.5868249788359624,0.46437621783088495,distress
0.9726004779141153,0.2501549690368692,1.2027307677199266,76.21074578194548,1.9709705604346905,-1.9534534561021073,3,0.12215161324707313,0.0,normal
2.7315171246502365,3.889168029865091,16.82804911289354,103.03926089512495,14.048778596283162,30.737522498789097,0,0.0714446998491404,0.0,fall
1.2269523117920431,1.253848433292596,2.115812331082959,82.58737083751488,5.588728082759494,14.876631457012547,42,0.8627379149991297,1.4499874004571465,wandering
3.100571463617077,4.120622339862155,5.794347026664818,120.28263618725421,12.937771744562895,28.222403091437606,5,0.3664777136756924,0.2608442371945295,distress
1.0711756680832978,0.2596175534754922,1.239154840618954,73.0443996660833,1.4936941798007581,1.7741389763461601,9,0.12378576535438268,0.0,normal
2.3134881185269203,5.6302448787176544,17.396811655943864,85.51857348804454,8.645534192320623,27.835220635999622,0,0.07163343796371645,0.0,fall
1.7248957002249876,0.5058447106334863,3.9863599894532067,88.0403789424759,4.7688290448603645,10.503707074933775,41,0.8366507147281432,1.0969351359441508,wandering
2.663041578781823,2.108617179789612,8.678792725494487,113.53630219537206,17.34461442961862,19.54250251726606,9,0.5735939735966242,0.1797362355613642,distress
1.0166240853742825,0.12785107670041668,1.2727519497454047,75.13415223195439,2.5044806695693786,-0.6889888518937695,9,0.12441620307736062,0.0,normal
2.5913650313999996,4.279227291955232,18.46872733321357,90.91323337179828,13.371588773625215,30.513993759954815,3,0.08116612121640343,0.0,fall
1.3279585439705026,1.0430390733060622,3.4422173279215347,93.73489969646748,2.444265257930486,10.147344939192255,40,0.8838341147629549,1.0129675738817823,wandering
3.439424023098301,2.152478753153322,5.6369169289880565,117.42864710648189,24.769297210866416,33.69986599116244,18,0.6858700017957235,0.3004636733435817,distress
0.9494028150982711,0.17501830378220312,1.1623186137099735,70.99422677472914,1.637857138999119,0.06619296706570976,5,0.17939299619043067,0.0,normal
2.595838171440655,5.62034865847645,23.267507948478197,90.18872976982236,6.285187011573134,28.487793131177504,0,0.09501084214509146,0.0,fall
1.3813228404196023,0.9836658569405893,2.2138551880719874,94.9883511267531,3.736668473249306,7.642398575490076,31,0.8153702953254233,1.194006155520083,wandering
2.96483677116985,3.9174824645811333,5.617170027988358,108.23230209330936,22.073677458346104,39.88796289099493,16,0.4329775728389006,0.10800753538033203,distress
0.9827323076205278,0.11382996912827746,1.393560119165394,68.57624024168715,2.328890907163752,-0.7783015747105582,4,0.04727580283894953,0.0,normal
1.8739087270624424,4.969486621525402,18.161323653477886,95.55806618645086,12.607995211202216,32.56414892703336,4,0.033740141536138926,0.0,fall
1.9467729030446415,1.020211551760326,3.9801827175806013,91.08209388124519,2.6087073073674527,14.437569718594391,37,0.9975732143832722,1.3808259542264287,wandering
2.627966989783866,3.129637996743271,5.625078247657347,110.25633514938758,24.20499489007451,29.650268801903806,12,0.6657403914488361,0.45167883642349316,distress
1.0061000244615488,0.18614457871116646,1.4401445802540571,74.48054299942756,1.3324365837197643,1.8791056248793083,1,0.03335640828197422,0.0,normal
1.9898023284718573,3.251376310781517,23.545743055085588,104.19082614911335,6.782590867154842,23.763363161639486,1,0.08786305517220316,0.0,fall
1.3744018057449219,0.5321710319070321,2.6928147046987787,80.76375888455948,3.3573640464871586,6.315584303137195,52,0.8085203878269339,1.3296834728317763,wandering
3.3014909949178164,2.9102437990174255,8.89509559891112,115.74485325736674,16.866095096230772,18.340836836723874,17,0.37095198477578856,0.10948062692744076,distress
0.9449963703606976,0.15942960799673778,1.1642025005078025,76.51678530796951,1.0977598900358156,0.2848433187002417,2,0.04328112454648361,0.0,normal
1.7585774985459623,4.7882732174872835,17.206799428226873,105.6227839736893,14.122827525071356,28.008789462855116,4,0.019461629986629914,0.0,fall
1.344096275972201,0.7331671470465494,3.97743077777006,85.54327223315458,5.697352069964315,12.325814572220242,49,0.8322524310983734,1.3904618755510656,wandering
3.4165281364838282,4.5549762099153845,8.15020522490896,104.01436704210181,23.982821516345062,26.76519488219902,13,0.5030246635197548,0.45964525438982773,distress
0.9349317690026412,0.12745299452820963,1.0537069460821766,75.9847829289858,2.0408174813725677,1.372896692855062,1,0.12867909634823388,0.0,normal
2.018165157742606,3.9524150217182203,16.964498356488903,98.48650388812968,12.40010736684261,27.553782794669786,2,0.07047385471730565,0.0,fall
1.9086097421925312,1.4004601557287237,3.704112859695635,92.0416059772077,2.9483129576854603,5.256157712694396,49,0.9984132468570419,1.0041842835193366,wandering
2.6302650107046537,3.1468275935919507,7.237198390753669,120.15826805228946,22.805194921625862,39.40989751937117,18,0.5632959924427017,0.08426343734191138,distress
0.9300524539152131,0.14428203702511916,1.2964138491386896,71.16686399538357,1.0710007234933863,-1.7343934778340073,8,0.1313308657376365,0.0,normal
2.7444860001909053,3.5428299296680854,16.5235549656915,106.94114945006376,5.71962529248661,22.690177574399563,3,0.016294440051906823,0.0,fall
1.4886264079263751,0.787519064114447,3.8452242679398485,93.45423194219842,4.922303900328043,10.078770303764415,54,0.8725414105945724,1.3894434668672586,wandering
2.002832544937262,4.830357599082635,6.586210789642446,112.82674203768912,12.61920622022278,17.296036320833498,12,0.6018731998010723,0.30739949624650054,distress
1.0110162194660164,0.09709004085657495,1.4227003299313716,76.5113884865848,2.018348918835544,1.1488204151580663,2,0.06179358256661314,0.0,normal
2.107072760875239,4.607367378698123,16.14158348378085,104.07540113469639,5.737396523367915,27.64412879465464,3,0.025356090936622624,0.0,fall
1.2324205669067225,1.291943687757021,3.4309596921126255,83.56595225022848,5.120577983502055,5.4795489692932575,46,0.8869080022721176,1.0390112376917862,wandering
3.5520309011079316,3.847778141250429,5.7205771111953405,114.00327442677107,15.904901201268798,33.402012754244495,7,0.47819552837539225,0.37341467631371056,distress
1.038571444450696,0.07606614370988239,1.2181647195819052,67.501585712522,2.9810392259743104,1.090663504357407,1,0.1151082694777039,0.0,normal
2.715614770757075,5.241191489164119,17.859441718354194,99.1989289292562,14.875922590846557,32.15965571041096,1,0.08162939391615098,0.0,fall
1.677961195499997,1.0295974073984544,3.48217898360177,83.39943536299492,5.848977004686954,11.95819270185069,55,0.9342163500958612,1.3251388419459098,wandering
2.3000993623803505,3.0933417641846326,5.667480656098532,122.33293471341148,15.313191795467421,31.740999010680298,19,0.5416286165787103,0.01113372266901419,distress
0.9620053659594605,0.19497464527693642,1.0457531384689194,71.13170658026094,1.9209026341695499,-1.1589897711625108,2,0.14732454793330085,0.0,normal
2.4361224247283055,3.024375958698179,18.092015962281437,102.2548871949725,6.291778393745162,33.04569518903957,2,0.031066961635102364,0.0,fall
1.7386643583592423,1.1140439870949383,2.626548573283557,90.54831141527718,3.031066416332332,7.299385386349815,40,0.802959519235736,1.2211311951553387,wandering
2.240218435490226,3.7003702274969665,9.00750569785178,108.95420823091365,14.55259766716015,34.33747817484718,11,0.3385623699159883,0.03725019807977609,distress
1.0702076947605952,0.052491358891528714,1.178359694411228,67.05252730015548,1.2540217920780001,-0.14357061697821472,3,0.15469717347065798,0.0,normal
2.794484159681551,5.31221661402245,16.339074285889794,103.18846204361586,11.10555934955995,32.00198615170218,3,0.036450822614281196,0.0,fall
1.4545303628504866,0.8423243918569444,2.3515830184073616,80.12710966429765,2.3537110156234,5.48816960179419,56,0.9239753203488853,1.3618119371207962,wandering
3.004143118839896,3.822711135569761,9.421735457843848,116.81991944689236,10.598145465382235,41.49501890105927,8,0.3146130098430226,0.08694379880139297,distress
1.0205966356017218,0.06886283776159134,1.1502697404914928,71.6149807195834,1.6886898755812925,1.7121961836300956,2,0.003597736440092292,0.0,normal
2.5110223493178045,4.257072245080156,18.4785738956369,93.71619083217499,11.556277888033637,23.572900713036354,2,0.019470057085345438,0.0,fall
1.4032640420372215,0.6049211270652121,3.2225695148649676,92.21614957036735,5.020704544807424,11.177577411086444,47,0.810160790985482,1.4878677325041205,wandering
2.908318860118354,4.527956291434478,8.576813229628671,123.58842231934057,20.999097504469503,29.365473164017253,13,0.42352946098007815,0.036412105131904515,distress
0.9669545687169186,0.21855707977342037,1.0427884378312486,76.85328409953719,1.2661070930861495,-0.11166414196779817,5,0.09168676635007172,0.0,normal
1.7060889323494364,3.6788421238789057,20.713083477645878,91.54695694540781,14.451403048613006,20.504511944574748,0,0.035950434201455654,0.0,fall
1.6129623311319268,1.2363146326176082,2.819017523285863,80.66994192582834,4.385972247035117,5.133126925775988,48,0.936390807497539,1.2730139483535636,wandering
3.7329728349026876,2.3764999484141507,9.938387439626311,124.912394537982,15.670328861125558,19.46883109983237,17,0.423694520258488,0.4164919235771072,distress
0.9927048532751838,0.24585076995571475,1.010638356328923,76.39263928186611,2.2586212505859535,-0.6642481313698947,5,0.19264064791030533,0.0,normal
1.9590587643398791,4.007188822842164,19.82867907004354,96.64199587197267,13.59751699334593,21.839139846937787,1,0.07976866813699604,0.0,fall
1.3404929229494,1.4043687232751516,3.567860286077756,80.85318060407279,5.334769145597454,5.237350527740391,47,0.8730226324047397,1.0139676906241224,wandering
3.9346730084425356,2.5184824563424217,8.18990517424614,104.12992425654437,10.872423975819506,24.531926387216636,14,0.4486394087235659,0.026545695088169174,distress
1.0708147002294641,0.26963955748026147,1.1377545450439936,69.1228119114619,1.5209667974620205,-0.8710422729151586,2,0.16723181137316648,0.0,normal
1.736058201890641,3.3126688594322515,22.276539484004058,91.97038839376516,7.2877720648913105,26.550644057232052,1,0.05604557652623174,0.0,fall
1.7414549830124142,1.4726185636618871,3.322242738825839,80.35940836994943,2.1209866071593604,14.032611171149528,31,0.9213793525962348,1.090363685929566,wandering
3.854530245427042,3.2623780554912987,8.94694154000252,111.72824223703205,15.401616159698216,15.81965008446263,8,0.4319961106738983,0.2606958583403558,distress
1.0826328853089944,0.06828863997139199,1.2965951702325398,72.81625184328945,1.2470015206927283,-1.2627940076715993,8,0.08566129047215976,0.0,normal
2.7131235126640276,3.7533712271270616,15.972478090223523,92.05674939386878,10.803230180191788,24.492612250265303,2,0.07527807691492397,0.0,fall
1.815782999717445,0.6166920721480971,3.5655369801062586,93.56309236617825,4.059700685352876,13.774309103103871,51,0.9444980369794755,1.255751929873256,wandering
3.6103044972880296,4.813710393944174,5.711247615492293,103.65861242680093,22.918011934783355,40.62157685268964,15,0.31095791204046597,0.049421762768138144,distress
1.061697761957247,0.28086868100593415,1.4173934231656318,74.4087978799468,1.3787328552852385,0.049790413264404254,9,0.02910014931908498,0.0,normal
2.3072043643052433,5.908458055859348,20.676022889439686,104.15436905327272,14.508151851164154,25.89930603731115,3,0.013806524076602667,0.0,fall
1.7732559275840032,1.101861029970829,3.241020414502637,90.4322634185812,5.260028918642007,10.865857031802495,48,0.8027156338407796,1.140968289986952,wandering
3.2815896200604002,4.477486154463131,6.11168390034046,115.65008037754559,24.664386270925313,36.351041002340935,16,0.3173562312578286,0.4630630935577158,distress
1.0253627100041915,0.17748631147922778,1.458683649447887,76.81767453764759,2.3653142591023366,-0.7189421351881733,1,0.17498454725774243,0.0,normal
1.619063074295136,4.734583439679853,18.709185854951578,91.34537120935688,13.700718014179017,33.692277131979836,1,0.0321023331918092,0.0,fall
1.58984174567161,0.9613469610142228,3.885755546195114,88.41158974125764,5.358283608321136,14.338083904281127,54,0.9368058768948092,1.2715086454304114,wandering
3.0871768619500166,4.187350755052019,9.372322901151488,103.32561859637653,23.01086334774037,34.342124259499094,16,0.5866009134172177,0.3839269593461254,distress
1.0782678909161885,0.21212393955454062,1.4647974393825183,72.3021251553153,2.9806080095915344,0.7021970043113663,6,0.14730366561037522,0.0,normal
1.7555980811798526,4.628799794990846,21.56417244782668,103.68671548425469,12.280781648715529,30.28458168971884,0,0.0025274542363087904,0.0,fall
1.2731119039669987,0.8599564914611857,2.5532885480003036,89.00001898717245,3.7712197569579105,10.189627680353421,53,0.9875016426779613,1.137063140813082,wandering
2.2013262268205382,4.09866947568689,9.173341365254043,104.31825805742504,18.155048001869012,43.336856032897586,10,0.4080982804183645,0.4317425572201962,distress
0.9463649129073888,0.26567715959473265,1.2952368605363065,69.76961861005911,1.1882434542976363,-1.8537715644595663,6,0.02319401144887614,0.0,normal
1.8070095095871634,3.0700485713568066,22.659690392777392,93.26788709673693,9.148668468110513,32.3261962585299,2,0.04716450878914841,0.0,fall
1.724961565549592,1.3108643052481752,3.0393681676611424,83.2890352143775,2.3167337918181206,6.565967406514007,43,0.8513169626639249,1.162897715916738,wandering
2.203135815535279,2.7634135604718395,6.78758409765029,124.64196274921453,21.135401502443244,40.1111580006679,18,0.39283266008079853,0.03201189250734021,distress
1.0420561460982765,0.09948491219848372,1.4856716677500994,76.24190460187268,1.057905498560713,-0.11534068045435797,2,0.09053752251447078,0.0,normal
1.9660274378031142,4.593810053176646,19.35299594060225,109.19914915884448,10.373936911495845,32.37273213592607,3,0.07520697797792893,0.0,fall
1.9077289972908988,0.9710610283099588,2.540974756662971,85.88461039141117,4.1665969876881075,11.58794758988505,33,0.8077438304492922,1.149204949959693,wandering
2.0541191384617608,3.0261492761269357,5.649132371109548,124.7716590567056,16.587760010100297,31.82080798255853,10,0.38501197595058345,0.3644492552928504,distress
0.9999590025165634,0.26129160298118026,1.3680479285621627,75.15048693574,1.7789337119639015,1.8107950847317515,9,0.07426350892047391,0.0,normal
1.8491767544273552,3.557163931019929,24.58926106609442,93.94065233735199,12.28223124103443,30.78300576862879,1,0.09776815860846222,0.0,fall
1.4878493592179582,1.0229985791164249,2.188519820115454,83.40348111098966,4.071698300633993,9.55307863901485,32,0.9795204606955075,1.2176374538405348,wandering
3.2069763052178386,2.1496317243800016,9.97716903316388,114.37582808753287,19.42456482116519,44.45675927953849,7,0.3312517805115253,0.16449360284123143,distress
1.0477179827366998,0.06268707702791972,1.1343200017683592,74.07879739799071,2.801424051096016,1.5345990511612073,4,0.1526653887082735,0.0,normal
2.9673848045493645,3.2569238029591534,22.05770713782345,96.91695523163368,6.619387770720491,21.65449735753631,3,0.007577906487663855,0.0,fall
1.626406259488871,1.1042859440533088,3.5865608122539934,84.13731547887957,5.50168475966335,11.26154051072503,54,0.96770413043889,1.3290373055087938,wandering
3.9552473524731875,2.243125406088608,7.24614393705901,112.71861912283586,24.1726025921027,36.663568470521994,14,0.3625148645325626,0.34405555862684384,distress
0.9095081081673182,0.1203214388757471,1.2962179381984071,71.2917007620766,1.1758220353500062,0.1489266232569033,9,0.05351597894168003,0.0,normal
1.7045928831465338,5.247690189058217,19.103187835307388,102.17019100567518,5.544215362162487,31.42381053356909,1,0.019069287666096436,0.0,fall
1.754020242249339,1.208744347156967,3.7820384814951975,84.3072939538744,5.459514310101072,5.352111017594694,49,0.8345874904147093,1.2539655564487362,wandering
2.3157651689760503,4.91503717295675,9.843824489043941,116.25822735006518,12.404600101654557,25.663838314051695,7,0.5673763991706531,0.3124403405357195,distress
1.0186148743515206,0.19551270642077428,1.103965719812369,72.68357928172951,1.7300400724723726,0.9906930748716181,7,0.06326527484107199,0.0,normal
1.5626482433570503,3.0292583239532913,19.768979382172056,92.74196172065702,7.022384578864237,21.726629902754446,0,0.018650433083721576,0.0,fall
1.7445477440881105,1.4773641609354264,2.6076129404499753,85.84755724090613,5.066854735706501,8.422394803639891,57,0.8581140446295017,1.1391441192580163,wandering
2.917125718411297,2.335807082863321,9.077988262696312,119.15027798859578,10.250491970639255,31.525423627842617,8,0.5226270291510784,0.20324602815593185,distress
0.9033895352499457,0.061995395280758994,1.3430202686477788,74.0427486314424,1.9294449557789548,-1.4611944642690653,1,0.09518365531944913,0.0,normal
1.7070123218108413,3.6037973243710173,17.2983428663649,95.13970378503319,6.85041988586886,33.11451012931464,1,0.0882838126100487,0.0,fall
1.2735080358626736,1.37154810241108,2.7254598115152886,81.07762008780666,4.456104635428627,5.529426143659807,42,0.8130988034510479,1.1743570397834908,wandering
3.852926731122646,2.1308669952568597,7.256361693022994,121.03618801077344,17.380630069930287,41.41089713525619,8,0.6397831007042281,0.20894938325095852,distress
0.9206892995734425,0.18443077586020412,1.012163374858532,73.65135705260653,1.1702342525124143,0.25247194592054845,2,0.04510958327688539,0.0,normal
1.8022723439916375,4.298555010256235,21.402400313326588,95.95535871091471,11.115517169374598,29.45031760653465,2,0.09240140717650817,0.0,fall
1.5915425433145045,1.1583251116615663,2.571012699173571,83.49160763619,2.2129990233370425,6.165811705011324,53,0.8591410949680044,1.497577617951635,wandering
2.8965808347307087,3.7695731770418313,6.132463108413247,119.07789809693294,15.265160346270894,21.492777330515207,13,0.3384173605076905,0.39041094244319546,distress
0.9163925791530869,0.18276564350445818,1.4717063723995019,72.68452075224442,1.018730593741176,-1.425725004458299,5,0.06667514567153708,0.0,normal
2.0123238089310194,4.100438253319485,19.58020020799804,89.43446416361745,12.628316528318464,24.952915571281643,1,0.0551003376169292,0.0,fall
1.9453337951976337,1.437088088455077,2.129644650972218,92.77249023686572,5.245109626271638,9.627807919171648,43,0.8986334838379009,1.275359685039806,wandering
2.372213126646731,3.367532424857779,6.48117300863899,124.01275166851804,20.944117028684147,21.919958463200153,13,0.6448239655815307,0.2639166755842184,distress
0.924717558153953,0.057400234336363,1.3347154810656252,72.45803381071039,1.26929261721668,1.741670354981379,9,0.002297722640544553,0.0,normal
2.3479085568334517,4.2844853578521995,21.115435226183184,104.16426844080905,5.412429109593674,23.820784381959214,3,0.014238121368187652,0.0,fall
1.5000815640935035,1.4040698340740407,3.410343854097612,91.26753246114929,5.512183060776195,14.148770338732065,42,0.8066035138817554,1.0256948202686222,wandering
2.160983688363439,3.689757651696733,5.333900975125573,101.22022894948137,23.459617575292384,15.317196487156423,12,0.4254606010198296,0.43874912909319624,distress
1.0317767104506013,0.29407800144922686,1.094276274227102,67.27220590300166,1.504683949668282,1.104783551084656,3,0.14996104309009478,0.0,normal
1.6846452763150583,5.633957018202077,20.34265338051283,109.38890945766164,6.358187356115053,28.954617416791628,2,0.05906687799474637,0.0,fall
1.7526528433663344,1.0309163303051339,3.255814617732054,91.45337493441929,4.94030668352873,13.045451614673286,53,0.9202170708084345,1.0941458924232057,wandering
3.4926086924710047,3.577664656311534,7.444496743965002,113.56281775391697,22.689417906775347,35.445252748510704,13,0.35384119962556043,0.07386112748024076,distress
1.0538692696300944,0.13088243860886523,1.338089816738476,74.90247050467185,2.1244923202633155,1.1694761453923452,8,0.19823221934977597,0.0,normal
2.4800490633455907,5.3197464264943095,24.219678221371417,90.82288761592608,14.389255998456136,25.85637673247623,4,0.06103976993827927,0.0,fall
1.3834136774600079,1.2206833005883264,3.2616725304111354,86.37518679985845,4.158355309750125,14.216880310322779,39,0.8331024675988614,1.304916000782402,wandering
2.9379820601457216,4.410764251653488,9.492680668927884,104.59383367247324,14.919014169504209,33.652196353075794,14,0.4597904602188789,0.09210950926402622,distress
1.0944620538207401,0.06736377767437048,1.1326512038529986,72.40510153012617,2.027603968457761,-1.1780067792445021,6,0.09250823078426607,0.0,normal
2.826800034521925,4.368436490991446,20.687005157869827,96.21794228457154,6.180673289814278,28.185318982573207,1,0.06861342121234064,0.0,fall
1.9905465224436765,1.3925394820972454,2.3989029258303485,89.12619715348993,5.8052625555296125,5.977679048702696,31,0.9693840452437144,1.4963706896634856,wandering
2.495636149366759,2.4277192342144924,5.187482401037639,116.90663170915997,17.5187492869038,39.18440450424748,13,0.544456765034071,0.007678090437848062,distress
1.0959545277409513,0.056719984665058246,1.4060910085130809,75.69764525022306,1.7874056239122584,0.2008114662680005,8,0.17360275971124592,0.0,normal
2.6925371808906333,3.3983134484363084,17.501296594890775,93.00079120383374,12.506485073115234,32.34353600747004,4,0.09258016271753984,0.0,fall
1.6181250366734745,1.394238328669759,3.8098983444958523,82.10861361710973,3.6703813852756637,7.378292602173823,35,0.9684599022005747,1.3846603002265798,wandering
2.9720821430030773,3.1015839990933083,7.455712523405737,120.55280022657597,24.449867035340173,20.71519247257583,10,0.35847419578354267,0.1357550624288687,distress
0.9205171789521849,0.13318891219473183,1.4539071588246433,73.01686099667302,2.7967603702133905,1.5369207694659215,1,0.02548048093202491,0.0,normal
2.335208513849345,4.674087800462438,17.1791435926521,104.71092667320853,14.185197409027827,29.823281177399174,4,0.0796202064777364,0.0,fall
1.5409370246568752,1.4493869444372185,3.9625353780044263,86.2603280798129,4.750959783907912,10.539211955794038,34,0.9684884843074175,1.094446960351215,wandering
3.3126832887730995,3.5086691671904084,6.668571975794153,108.22730355830123,14.362064738402214,16.673203410447698,17,0.6078222120985493,0.0045929592347336845,distress
1.0753999637917993,0.20904503465518026,1.3288889389388916,72.25144006905282,2.1900765627363104,-0.9188145920579429,8,0.08164980546060369,0.0,normal
1.9897148962005717,3.5539532149835624,16.585396025915166,88.11650511740895,7.289736952599063,23.753769361907537,3,0.014674649239749883,0.0,fall
1.7503531728431887,1.0189735011876955,3.4885377902090617,94.94278192491421,5.962319920002359,6.756430003614123,55,0.8908363974708691,1.4508964859720237,wandering
3.807948622613088,3.113244623616138,7.100827636238191,114.08107834627687,18.315686739422475,19.740340656265726,10,0.6036556918798601,0.31802248245020176,distress
1.0695276341370175,0.29258694331724355,1.181145189037615,76.1230717098519,1.8653663311795936,-0.920246838017547,2,0.18803248432523245,0.0,normal
1.853924980574694,5.909506272573916,23.608996363892835,93.37553993160384,7.47582790925836,29.71409970901831,3,0.07001185762162052,0.0,fall
1.8750546617533286,1.2506420499264737,2.8671538187869645,86.6113687248311,2.504248361956325,11.084861615127515,38,0.9782979365960747,1.3522201440925015,wandering
3.8099338973056733,4.784138157451675,6.828604280751908,105.68222704118745,16.87387236793029,42.26116511107769,16,0.5510384153320576,0.24118184678352994,distress
0.9547925941110805,0.2664039536399932,1.2381039214188865,69.76955535771322,1.5752118230244034,-1.1833429013292855,2,0.1330141350076947,0.0,normal
1.819479490646958,3.3890343249710493,18.884915977781347,109.57723457778114,6.215401643601771,21.725208724370855,2,0.014052967622532121,0.0,fall
1.9068014447564097,1.2897160180951208,3.8389204819430525,89.71590668246365,5.402274985740635,14.513817012353867,44,0.9708580590688315,1.449635535170346,wandering
2.71686417667553,2.4080639681442415,6.5029230132900455,129.60447019243176,23.84931075672959,41.402946849609094,5,0.451707930142826,0.3863626897537686,distress
1.0287275421294166,0.16833132830383962,1.3845250425280295,67.6285793290866,1.9387126568413602,1.7380821869876026,8,0.0249106442178078,0.0,normal
2.0131217519714752,5.224102438025243,16.323985170750927,99.6039280441217,13.199817041871706,25.491253246774704,1,0.010717723112073797,0.0,fall
1.510218378211842,0.5549355931179102,3.8651775566830358,90.54669238499288,5.779067048182363,12.436071193092989,31,0.8586663734385073,1.3478547243671692,wandering
3.2159422694969955,3.9312549792342883,6.398932438112112,120.71903072298609,13.77347892675175,23.35553324581527,15,0.6035522968449447,0.0925994745032197,distress
0.9865910532716903,0.07621821823597331,1.4202404104890594,72.20809955506141,2.8594092319533395,1.1008760808657625,4,0.14158657902905325,0.0,normal
1.6747657976364303,5.31433829305745,19.67231646817605,96.28623856346351,5.1364087781756425,27.6869761976575,0,0.04554942258500654,0.0,fall
1.612028772310046,0.9408038186012921,3.8570918661309346,93.81655564589374,3.3481305271427626,6.956600336978634,52,0.8220398979295398,1.1383235247354473,wandering
2.8981391249776074,2.6515336606890534,6.161809086274639,102.68085552613547,20.76594911781784,37.211626089512,19,0.4012454084977749,0.4703654833926959,distress
0.9550742715132705,0.062086278745792214,1.3926420695654205,76.37056843144315,2.1048206330407377,0.19563931214390662,3,0.13897511632983875,0.0,normal
2.4885459437230653,3.1302707799934515,23.270863825611848,93.93802433968568,14.60687747564916,28.853289278805036,1,0.003350476879597353,0.0,fall
1.2617977259065836,0.8609926635259643,3.1654673852954236,80.03909607622715,3.6668428300937252,11.114745372313443,32,0.8640872259277523,1.0947958296719906,wandering
3.169183866094997,3.846297069093916,9.514778440035416,129.00593649908285,11.7102317596205,39.171598348521385,7,0.6683750739926988,0.47353922963498923,distress
0.9635190976648124,0.05324529001751484,1.151344360469823,67.7432397655669,1.8398926149864445,0.8972955545171928,4,0.05935631363029843,0.0,normal
2.8986860246211266,4.3812437899209,23.113570590076954,99.54830689536136,8.184616347942416,26.0187967681816,1,0.07418650014456712,0.0,fall
1.8988533863663086,0.8358222960975973,2.374600067475141,91.77582019929378,2.8631929043234328,14.052299965271963,39,0.8640535643688054,1.318815775472473,wandering
2.016911974527771,4.580439338093376,5.484803424989562,117.88571432349272,20.2550010972107,22.932731348841678,19,0.44390553945192895,0.2278007781137042,distress
0.9069743344877681,0.11869273099615894,1.094208536820995,67.35464881761688,2.782694843162963,0.30829805454974357,2,0.08438609891174237,0.0,normal
2.8431946742782754,4.927631334854569,16.825760539351368,105.91583120626518,10.75395298255622,31.280172972032176,1,0.09663266393984966,0.0,fall
1.648468093520139,0.5555691939251619,3.6452257414639266,87.58281154111563,3.9100257640189997,7.460745010114501,51,0.9514322105250188,1.2038492286682922,wandering
2.74764355908057,2.024852426840199,9.565527413284741,101.53526658284741,24.603250950148855,28.419740463223597,17,0.38942787213299934,0.05254369582040663,distress
0.9537211379383976,0.15595306363733752,1.0999096119728422,70.13121619902675,1.1792055135268942,-0.13728961005179574,4,0.1551845182326305,0.0,normal
2.3372646474157968,3.703877801700491,17.409370340631522,101.38851376346415,13.148168667810005,28.17627032211729,3,0.027585149758048724,0.0,fall
1.4252240723059393,0.9770022667386291,3.7115401663532266,86.45756995952613,3.7957732556721484,7.095682017320616,43,0.884427348868978,1.2515075773351327,wandering
2.564924278422957,4.50288461391715,5.546580108543719,123.95224997261741,16.220164098829017,39.514776742840596,17,0.5435412402602554,0.48060001169192684,distress
1.0498832573959898,0.1336072243757977,1.3567081049863454,71.43837772249327,1.951899693186892,-1.6180318029386873,9,0.12089100832845784,0.0,normal
2.108821123269113,5.6683164727416315,16.39156795535174,108.81311349517127,8.970849872928833,26.928734771958744,1,0.003188095389920431,0.0,fall
1.8054822019523213,1.3665233327775352,2.471843225781903,93.57758131382758,3.4937670859588876,11.971448687086239,59,0.905201810286932,1.219608415321721,wandering
2.966568699102825,4.343597150105298,6.924782325673154,114.91021630280261,11.406939520924027,43.09271514981393,5,0.6558390463429958,0.34013980466564614,distress
0.9863650135852562,0.28991283630011944,1.205190160570891,75.99680658912848,2.1421964093734562,0.09223140854744827,7,0.06856705192360109,0.0,normal
1.7266059894659584,4.000451471749303,18.87065044559174,104.47010489395913,6.545480416005743,21.16231844548693,3,0.017876822330024255,0.0,fall
1.389306278656049,0.6433581166676231,3.4062164692027546,89.85074273752215,2.29963930010588,7.580737323133853,51,0.93723139624548,1.2403219740521894,wandering
2.4814648762022387,2.804064803201533,6.113004367610171,112.58087057162449,19.495885272671305,23.551796133854726,19,0.6828693837940413,0.1352868608700541,distress
1.074025646681933,0.12098950262917534,1.4947212533995513,73.29915151522141,2.048769908463793,0.17433834635202095,2,0.19985978180222785,0.0,normal
2.869740578363376,4.612366125548466,22.033266185095368,87.7435541689956,5.098056999785108,22.35603870233706,3,0.045741708362016735,0.0,fall
1.3987310477089623,1.151620010872401,3.1432505694376163,89.3595342829422,3.6475156882503836,7.539656850906725,33,0.8035734998603317,1.087235311300395,wandering
2.02455242341117,2.560930627766992,7.019075542916878,104.3540491177788,17.573572421757483,17.152085435412218,12,0.41396704136704066,0.2326037832474906,distress
0.938129015574993,0.14225184375656624,1.4034095242240778,67.65418501155064,1.62702752006079,-1.2115242335294365,1,0.12938389761693594,0.0,normal
2.1570694006254403,5.835083691285123,24.367095005512844,99.6567355778188,14.187294839473665,32.60084816094762,1,0.004465054266813129,0.0,fall
1.6814922514658597,0.8865675921453899,2.254536184794309,89.11012965664858,2.9852656833064004,8.677544482460569,38,0.9491018077354413,1.1062964959090338,wandering
2.035271606933296,4.701339215991371,6.614304784085032,116.57064378377943,21.6246652592355,22.262057079493438,16,0.49011538320019465,0.0035218011219131373,distress
1.065335215471034,0.0762882997413953,1.020242959035044,76.69613668793752,1.7660675167811104,-1.134213442688734,4,0.11852232843999107,0.0,normal
1.9372792118207853,3.8065382366734535,23.71535542053724,105.01437623316635,9.43137186569514,21.140412421698844,3,0.03969222454214525,0.0,fall
1.3924045530690277,1.1391380959045543,3.3973666971079792,90.03994201261699,2.647710837045618,7.205068342744681,52,0.9190312510711014,1.2655068280634594,wandering
3.070943448904914,2.9522864126378745,5.294938901559966,109.24402806689713,10.769724974181344,38.71122365252795,18,0.39383621880203334,0.3483504685848734,distress
1.0869234507579038,0.25448532927837847,1.4361334766386853,67.97206192731961,1.15860617357338,1.2018735570773043,4,0.17810051606754934,0.0,normal
2.4179047085578373,4.235912591702873,16.64894150794759,91.6215735623242,11.581999873637265,29.37057212749555,2,0.09335991268117932,0.0,fall
1.420289941989526,0.9811858178192613,3.2993975141616154,80.94881039191264,3.6439451731501804,6.363237070526279,51,0.8630859342352465,1.4531935385486463,wandering
2.7845003963492525,3.9632356481014446,6.529962949822307,110.08680317922378,19.405304235043456,15.27881467127512,18,0.3982317187902489,0.3164783585023863,distress
1.0379054943105577,0.11004504361557209,1.20203984619397,76.19560652485353,2.590706702770756,1.0073887314709897,8,0.03865697786537203,0.0,normal
1.8315694847190394,5.652323515299999,15.908064445860425,102.44034884900246,9.477557136995667,25.80232140510723,0,0.06397690273153141,0.0,fall
1.7520778522248925,1.1702711882534516,3.131060646139659,89.06466336535811,4.795412999404213,7.822050680109511,45,0.8719318455840458,1.067691787973646,wandering
2.557132999749152,2.415173604052148,6.747715826049307,127.90660601391649,11.639270592877107,32.90649047852651,6,0.62748108198801,0.3409327175279854,distress
0.9798340658352486,0.2329392488005374,1.4322819825348683,72.85324774814701,2.4400327287740087,-0.30407616187003095,7,0.17251573766062747,0.0,normal
2.6567979056794844,5.079690438400841,19.90370107782777,92.15270665783993,7.396262117661658,32.89039244153126,2,0.07999267475723153,0.0,fall
1.6436814311521342,1.266208168552899,2.090439405609025,92.93567354734982,4.896232867682962,14.29041535960694,33,0.9108438254555331,1.062130046222462,wandering
2.7376572788859943,4.763490838085494,6.982285628380067,108.99787525985546,15.965693472733864,35.901222369840916,5,0.38871662189180156,0.1237543157214,distress
0.9174073931367114,0.29679035743075494,1.3552864651756433,72.14822608783298,1.712885425018662,-1.2187240479740096,0,0.025311177927075913,0.0,normal
2.8211520375171446,3.8105045419646855,21.243709931302757,98.92884059004058,7.512316416013867,22.468760142512128,3,0.06057059517444851,0.0,fall
1.4626817863454789,0.5006993313473443,2.3850632892761316,93.51383383482745,2.1161265929431896,10.016862749913354,50,0.8459712517564836,1.4295779163955613,wandering
2.448369936962793,3.046864531388858,8.868937294568944,109.68414241450006,18.514711604336533,30.432509901221305,14,0.6860614951805644,0.032348502497427545,distress
0.9671901468889288,0.17519083028613275,1.493140495926932,68.75609968839053,1.2563987039594757,-1.281667321421759,6,0.15280069177812092,0.0,normal
2.9340728008327144,4.963617558313089,17.15258918426771,99.09394405326651,10.353219863305497,22.60183402398516,1,0.09610301326209784,0.0,fall
1.223260204387777,1.4440117921012339,3.9942744789422235,93.9014321893671,5.645746666559692,7.637809696040597,50,0.9496469688606812,1.0314859510992864,wandering
2.8067147066239766,2.3614726597482374,7.844909401094936,107.13533829687475,12.500449696780567,42.07366757255933,16,0.4875862380716708,0.36881703579221503,distress
0.9664290418629764,0.2071900151521972,1.1559079860730725,75.07181806145671,1.9165995791757267,-1.9678033917448308,3,0.10143069731153559,0.0,normal
2.6573949802442436,4.690847897344545,16.833733989537357,103.8916140692265,11.62542931603107,24.094552081599492,0,0.060611007071825755,0.0,fall
1.9350977950931714,0.8745196742134452,3.9106469478221753,88.18864219606533,4.884865133143533,8.407188892549708,52,0.821987805008181,1.169662288196938,wandering
3.4980520104809,2.839814265368177,8.598960850641987,104.43301567454121,19.461374962793638,29.457167890427478,10,0.47206598759180773,0.3013026505375851,distress
1.095126593597212,0.18455989141100693,1.1996690685465394,74.7085276691767,2.1481742251908003,1.173842798935686,2,0.12712390668740273,0.0,normal
1.747851608782767,3.2194450515102395,15.084244753668601,86.29955534671838,7.840705271279292,30.11328578357699,3,0.002700176013944922,0.0,fall
1.5540893321008853,0.8470729092346098,3.511466553774135,82.00266381081879,3.324013018785208,14.909078719347633,34,0.8471846282830936,1.0680540995791554,wandering
3.023461547750502,3.7524061154709827,6.275913108997524,127.72361941589587,13.45746576299172,29.033671959341696,6,0.3199701150296131,0.4390701569691702,distress
1.044043237280561,0.26767270507725305,1.3508780019907307,67.58626266193849,1.0947929006137613,1.9082601071540921,2,0.09239456803518759,0.0,normal
2.512168038531946,3.3124824091303706,23.38302112944666,109.23457934522399,6.815068596124636,25.02284325876129,2,0.005874067838364083,0.0,fall
1.3305706397124786,1.4302999975213522,3.355317676643405,92.94745773400189,2.5980494453733876,14.812214696548818,43,0.8202876927575196,1.2956682282090832,wandering
2.873975095561212,3.5290198586640518,5.102846462632144,111.51549866859278,12.523317707247072,43.40023131503867,14,0.5969603010325887,0.224660010004874,distress
1.0970807529871027,0.18537226949432584,1.091233034713352,67.83107243687927,2.947198468797809,-0.6896102435991263,5,0.008673093691360712,0.0,normal
2.0551492520270744,4.271746135094517,22.539672485819935,89.35709782839798,7.810274369290911,34.68815509429299,4,0.01615324878776572,0.0,fall
1.6659057510520883,0.5383143416529224,3.429675269038071,84.14302615688413,4.1099379016300475,12.309306352039528,56,0.8900819374355314,1.2013481348564414,wandering
3.7931154715493856,3.51812920515541,9.637639874400666,100.25610659560951,17.919921978198552,29.88775400329942,10,0.6840951095868906,0.3965543967234687,distress
0.9328396731917794,0.1120916830588589,1.2254471021325597,76.67122835685953,2.1561626474434323,-0.48851821037712284,5,0.009552248338067781,0.0,normal
2.1620952937959417,3.187127048745999,16.952010091725917,108.85631908781582,13.196730882661072,31.346491637883254,0,0.05646115564620181,0.0,fall
1.679368711447451,1.3650236144147483,3.781396829632241,84.07278818946614,4.568564767400037,9.185399410662374,58,0.8143375004449864,1.0106797329421662,wandering
3.1516793660183087,3.4331413264443604,5.489480827118514,105.66414277144588,10.647232584285106,31.980360657946065,8,0.484018232883206,0.009494037635326913,distress
0.941871107067614,0.17568709028659107,1.4583026772581156,74.97807652702416,2.453645695105816,1.7875134694323824,8,0.1608470061565345,0.0,normal
1.818056004710268,3.2525292623433737,15.407031131845372,91.03922650187934,13.233033560317368,25.246899245806198,1,0.018009301306806526,0.0,fall
1.3676513533340067,1.4381212274289732,2.0869835391125067,82.32784959296241,5.573614667124234,8.362218249557706,31,0.9959942481583518,1.3137323775780834,wandering
3.6749395644206317,4.384311382396542,9.764049292536646,113.74616463293425,16.38848155096948,23.47215215833925,8,0.6086813766059311,0.4597951622707399,distress
1.074665782826322,0.18944866282371886,1.3430999441155205,73.78781234095831,2.681073657242487,-0.5821068597975962,3,0.15064536292017675,0.0,normal
2.2387088427971262,4.953240845115126,22.30538712320127,87.90132973670265,6.503184688416587,22.975271275274903,1,0.023396164954833255,0.0,fall
1.4517041019697299,1.387378798263387,3.579467555444422,94.53733927944145,2.0567497201540785,6.043776674829367,46,0.9211204702330893,1.018540192781225,wandering
2.9421960414735056,3.9171205830389133,9.26072854128837,115.75662578941788,19.946837218442646,19.38190517424912,5,0.586322383298827,0.04346449925769319,distress
1.0056027304266775,0.20574434442348183,1.0178031651016854,68.64208983651591,2.721401864836989,-1.5401824505453288,5,0.1488135806141684,0.0,normal
1.933840781428183,3.451360343487381,17.82439985992645,87.79212487057745,7.013288199199276,34.139203735463866,2,0.08804573695770618,0.0,fall
1.7379869036961715,0.5828387069453319,3.50869237139608,84.17233316776542,5.651129352004148,11.096019450129072,44,0.8364475115323602,1.2840799919783497,wandering
2.0626500155909744,4.110467898927734,5.230846820920732,115.74123532963623,11.114948214437096,26.34885898436371,10,0.4452493146546731,0.37823575480558075,distress
1.0899259116849989,0.1785769466318986,1.010106838484076,70.04940615580642,2.3089948570070242,-0.02887733781318147,4,0.07212992620482499,0.0,normal
1.742321029321148,5.848337161748339,18.846590565061824,100.39942968265962,14.609663317496878,34.12184985077606,2,0.08424336816478897,0.0,fall
1.7823660193962132,1.0316227445323092,2.7239860983696143,87.43445148525656,4.037476232630953,7.113495388488013,56,0.9380420030497922,1.3963092040033118,wandering
3.767899854793918,2.3230863779867468,6.325142881497941,109.69642563990993,18.11779337409782,37.916475824736814,12,0.5238805565306229,0.4753488399522617,distress
0.9889814630563549,0.19145567973795902,1.3765313283310516,74.82913874796147,2.066084907327161,0.25748620090452157,3,0.041334414339108366,0.0,normal
1.754269182835857,4.555457443519732,21.064836608437048,100.58084308346939,13.598622108682388,22.607016786818704,3,0.062085373083631136,0.0,fall
1.922745544589441,1.4114126278638097,3.3581325281759296,87.28867096317735,5.453540763610734,13.903302898869669,53,0.9211872002088846,1.0902866716537867,wandering
2.8006657988081898,3.509591607580721,6.278146134098157,116.68923724473755,11.340027862754756,32.72786024106981,16,0.5596231279952154,0.357126784746016,distress
0.9957108148478782,0.1096483329567922,1.173259113771584,72.67263818210421,1.1760964439252801,-0.8763415746646221,5,0.11522389199289668,0.0,normal
2.7450564255246075,4.393693891508249,18.735331575802366,104.75152998669282,14.291866909073198,30.805309791893393,1,0.048482864914988336,0.0,fall
1.722905007108936,1.3496493148543376,2.4433345700194127,92.15452263725504,4.460826832845879,11.420022649669232,49,0.8222999656917629,1.266867193762335,wandering
2.3265790909907604,2.6204172207901335,6.66625327038843,126.883693404205,10.491477917442516,22.59835062648559,8,0.6526683735807712,0.1788259231746963,distress
1.0877077758236593,0.15150050766562534,1.1187895967929102,67.02204133754572,2.774894922254715,0.05630035548835366,6,0.16019899828683903,0.0,normal
2.7799213744474374,3.64542456928006,16.449319338567623,101.29998304476581,7.651656707205147,29.221930335915264,0,0.010981700720713007,0.0,fall
1.2705585037772154,0.7333335700693107,2.479905760458502,87.92440285489815,5.219838822259867,10.006714318560178,58,0.9417521850657113,1.465013640140217,wandering
2.7714842020546415,3.6563232652692674,7.956248127513707,126.70950156616978,13.16323633109175,28.981553235074905,6,0.45189526819972725,0.03103308759495238,distress
1.0682465264137162,0.09285603299846594,1.396948118530464,72.58650784766935,2.0814738946329476,0.8361659875970013,1,0.14975062712354112,0.0,normal
1.7715066621415996,5.164445843775267,15.872210113241035,85.10030959256792,10.04529661259648,32.91434797464811,0,0.07327791858217182,0.0,fall
1.5082011398430768,1.058995690270293,2.515240751234,94.9395398427346,5.64044049693638,5.717719725752133,42,0.8825098053928153,1.218275233671909,wandering
2.737651868157544,4.612641609349085,9.866194907032972,124.85385724349243,10.019710052191298,16.210189282815275,18,0.5470275232186905,0.009998206186596137,distress
0.9189978653032064,0.056319252026713465,1.4748494177975182,71.8093045188446,2.4976167045952895,-0.1024542746813144,0,0.09541365849169461,0.0,normal
1.501443780727832,4.210481276270164,20.60537016083024,89.96668950653931,10.585764880180806,23.868719503585858,1,0.06217122296201515,0.0,fall
1.5231364806131267,1.254046370549732,3.0405934434627904,90.27904610965776,4.718679807780207,5.393386282062681,56,0.8503266338516378,1.2754124813742735,wandering
3.482542774861807,2.0030605822444683,9.89976309334449,108.9001799836388,14.974385952687452,27.078892136862667,10,0.6765299374711919,0.018764013541596458,distress
0.9049222453070679,0.2195388757412608,1.450253557240051,68.45900540315431,2.7030086885567375,-1.6120792119883265,2,0.09052598573611613,0.0,normal
2.9761224013880327,5.377523091753675,20.242733110925524,94.75024765615338,12.44383585654999,32.61445976554728,4,0.061105450913591056,0.0,fall
1.287978721070586,0.5347611160115885,2.2762405653907782,89.8882787072271,3.840920993385582,13.988014099631958,48,0.9640748788477066,1.2251502957491789,wandering
2.3981562145547333,4.027966495764737,8.840024238012212,102.92007881367505,19.530726349855183,15.545153604509604,11,0.6722787262975692,0.12426152866612805,distress
0.9382879616138962,0.25262600060477014,1.3128827495960178,74.3919221283876,2.14355895415222,0.6060273947498644,0,0.09206314295593282,0.0,normal
1.7771913215621185,3.829385855293144,15.031778857043038,93.1935253812778,10.980351986168344,27.307116062530042,4,0.036193784788201636,0.0,fall
1.7084813203657614,1.3231783440171963,3.136260768490837,91.97846729909725,5.386580019735746,12.55177156640909,42,0.93057595471217,1.1337277053046892,wandering
2.2498842878962213,4.590739561198346,9.680980455656886,103.7680400238054,16.572294046258943,38.852591554195115,9,0.6907550301364025,0.16626888668741757,distress
0.9169311544802757,0.06892253452137052,1.3113406053656145,72.00797035617728,1.5669415352587117,-1.2306198276856515,4,0.09347066248262897,0.0,normal
2.6039916868185053,5.463612360662015,19.012803843504415,88.60468662478208,11.274220689352854,32.314082445498116,3,0.06187219018368961,0.0,fall
1.4851273474644393,1.349758768927176,3.5846719660964292,89.3281071701314,5.3510187927724,8.721085663204265,51,0.8877104495155331,1.1204028853175736,wandering
2.208974956597788,2.3796343923266656,9.087857969853326,100.24905104886065,12.489959072734788,43.47240348223497,13,0.3751919573428205,0.43208196844241586,distress
1.0739959220275768,0.13080743292464558,1.1091586979754684,73.10947683013745,1.7460603116049236,-1.9028193500039325,8,0.010295370968375473,0.0,normal
1.861304016121637,3.017274440623637,19.973786140675138,104.87965858258808,11.281595389551196,21.357985476403105,2,0.025700260493569896,0.0,fall
1.7951605253614624,1.0143771380924502,2.3167184883670933,89.64237810456282,5.589117773776208,6.497584363454253,48,0.8984435000576858,1.441783955777578,wandering
3.6233570630849594,4.088118725706617,6.220648064016387,125.14795567347296,16.061191072243822,22.603509937803835,15,0.6496777021199873,0.2440666982811706,distress
0.9575224823848262,0.22631401172567772,1.4525207838472793,74.29870132160251,1.0529704242582851,-1.970487295048824,6,0.13051282067059308,0.0,normal
2.9623018188995567,5.475569213925532,18.710990996649976,99.3334004005184,9.15526255730763,30.626050439680554,3,0.08187721449612462,0.0,fall
1.4350374810022744,0.5207812430662156,2.3456277496960705,90.67102140887707,3.256422634414627,5.408592859905447,36,0.9703171300142315,1.2659850118114802,wandering
2.6238367405095264,3.2625242418013247,8.939730198529482,117.87028586196612,19.502274408085636,23.164624422947597,12,0.5122088837087845,0.37832460268787715,distress
1.054611138542547,0.11419347401316747,1.0213823408711702,70.4851654376249,1.2784760152838184,-0.9134119398027991,1,0.0028663733995592635,0.0,normal
1.592300178238082,5.509643213585372,16.046940133488743,107.83456778389288,11.660336243852836,31.829294309075568,4,0.04216684802442321,0.0,fall
1.8493746033895473,1.1272216291544193,2.849705741055078,87.81921990480045,3.558862281609595,14.17732892021965,39,0.8827060862656566,1.332174986717522,wandering
2.168774716660841,2.5773669920576374,8.377220303596088,125.17273057531705,24.86860653638767,35.151621929949386,15,0.5363256919331458,0.17843935806745753,distress
0.9099091852380052,0.12903662590878384,1.2925796439539563,72.20078543999814,2.1805952562950726,-0.5646132852635883,1,0.11200709809937891,0.0,normal
1.7432222548208718,3.7018704103381084,15.365770916524133,103.27499030471915,14.159868578778068,30.19735804121091,3,0.039572128178102454,0.0,fall
1.5090332670352957,0.9415252701334533,2.3745179249970896,89.24560450098403,5.612543562181102,5.869680171702278,48,0.8794827709297055,1.4673612798109377,wandering
3.9220592123654874,3.4075380249777965,7.107937787661266,108.60214720360892,21.00214266693353,19.710007201402785,19,0.30380777211703075,0.4378612118134773,distress
0.9321892788227776,0.12432158726244973,1.0556316731778068,74.51733978191926,1.9917950656218588,0.4864418653209248,3,0.11472348578679914,0.0,normal
2.4624729869773967,4.233637165816898,23.835503191470114,103.02019185416452,6.110846752812358,30.205410560558228,2,0.09040355537066677,0.0,fall
1.6538806891032185,0.6669887339133168,2.392348115984526,90.04970796529382,2.178912873206503,12.07344108507358,30,0.8477584583950182,1.267995211889599,wandering
2.5674747438193433,4.996269563935067,5.860795426074029,104.35380291408075,15.50740055952722,15.6292959875662,7,0.48605436554466674,0.4147025890554569,distress
0.9909904831653946,0.2839976386400288,1.4768552851330898,73.52650827856763,1.6297650215544461,1.7170331858331616,9,0.0602132402845506,0.0,normal
2.8068227391266913,4.632341897024356,21.91011293788723,105.95673869961288,14.569088408993506,32.947865465559,3,0.0141409328328011,0.0,fall
1.8572274236108033,0.7938640032948612,2.778696964112588,90.68112217809099,3.9135844964610307,7.989165550133652,43,0.9914035646586175,1.2586055009162334,wandering
2.875098488222771,3.583083987483028,5.4732053879377665,110.76748968587249,24.811409883034834,30.794437623175845,19,0.6945275010447933,0.13054493149781327,distress
1.0460216331462755,0.23511222639446783,1.3166385576720014,68.4558213124579,2.3992243602516616,1.539123150873492,9,0.18711788001477203,0.0,normal
2.516513386950842,3.296638819142585,22.530266536662083,91.83982851541502,12.518032916112686,31.680590407091195,3,0.035255451181109086,0.0,fall
1.2610333391136896,1.3778166048507983,2.1402163620848285,83.50140475345025,4.194272007358116,10.515280221919905,35,0.856689453467282,1.4101193525163083,wandering
2.1969216819098154,4.694259188191992,8.28453129622753,122.59809713833948,24.75871888029452,37.650052385996105,15,0.3163668569211213,0.20593315699266546,distress
1.0016097756065272,0.28535337925083754,1.0552147014819895,71.06979980320217,1.279575687855745,-0.18430073529603463,2,0.18597128624543488,0.0,normal
1.7126845155840646,5.056075589055245,19.82719084465498,107.88982491263758,13.349783157526605,25.881228056068387,0,0.06072412654821079,0.0,fall
1.6346668752676674,0.5260467398721909,3.4421386536881906,88.19562046648751,4.729772102174392,7.465831258043725,44,0.9319538564775766,1.092185214309335,wandering
3.6479457849047403,4.444901176687808,7.067659631244753,108.90659937984567,18.839576743122404,27.947060580822665,14,0.36882634259903946,0.07690347044954904,distress
1.0807419292426057,0.16754129874984286,1.1182912052539753,76.77733320474385,1.7437275937535788,0.7061430422895048,0,0.113641703435379,0.0,normal
1.9942012826649687,3.076633216214829,16.41925893637303,100.3637429669981,13.045233081265817,30.870393548333976,3,0.010546985612211558,0.0,fall
1.81148866120428,1.4973625991176314,3.7482358748242532,82.47106938698863,5.6193219360426205,12.953791390306336,40,0.9312086787258618,1.2280756429151511,wandering
3.1864901335984115,2.058697212059372,8.307839737300908,112.17128485379965,11.396207408948575,35.4741542676671,8,0.3619197309173187,0.13448028052211813,distress
1.0890789039604323,0.24934896371307558,1.4927753312019034,73.16353803394787,1.7129569796933506,1.538345458040724,7,0.14496532521953634,0.0,normal
2.0990015632145895,4.337842676532222,21.06635141518439,88.91941775021257,13.797265001898998,22.03089144405684,0,0.029240893557567506,0.0,fall
1.7673068801745284,1.264166899604677,3.7088890420405836,94.35194226407003,5.207444942681701,5.805539435082131,49,0.9727052446802225,1.3043886691640687,wandering
2.1990875205347944,2.8011054627790593,7.38639225912655,117.63572219255853,20.25349114235792,41.28408574471968,6,0.589229222758844,0.48644458408865215,distress
0.9573072194144283,0.19740398192459174,1.061196065691602,69.58594301898395,1.0837578927181064,0.13444404467737625,8,0.18935052005950714,0.0,normal
2.749394144193032,3.3591970099201878,16.40251955061952,89.6153013890345,9.991908661979629,32.50019001172737,1,0.05910266829567791,0.0,fall
1.7685721044662692,1.2138864838479186,3.9797094055891744,84.20769121336727,2.993547907302053,13.694738168071325,39,0.986782218819421,1.4300124509707286,wandering
2.5955755247836105,2.7100303194621898,5.321326546185377,102.7836131838775,16.197283772353558,27.226868043968558,12,0.5621410435361505,0.1035870129412661,distress
1.062378124953519,0.20257652751307692,1.0370178200637548,76.70174244140114,1.6597147998379336,-1.4498566949413059,9,0.13538913094832403,0.0,normal
1.904683206847678,5.542266114373028,22.502614035032515,105.21811132814264,7.0516416351781,25.895425840630445,4,0.052080308077400876,0.0,fall
1.935830505155038,0.8752728138169009,2.9900276584388212,80.23784144260813,5.476513229970838,7.003893155742784,50,0.9718548799131973,1.2456870533954387,wandering
3.124551781112926,2.950517812377776,8.218037062657647,122.51515204385942,15.28746764349911,43.88511069285201,10,0.35146267888021987,0.13443559703659114,distress
1.070208246448268,0.2688286730774816,1.4208720785320104,75.16251674054092,2.5700122165657495,1.3185276460406743,6,0.09497497901833418,0.0,normal
2.649586810104334,3.1617352313365625,15.127347329109105,100.53626576214256,14.977407161667763,30.800352266820425,2,0.08025875553231457,0.0,fall
1.8095270665162653,1.129026676569159,3.75204209975045,81.25947829466539,2.4482627513272,6.255769221877018,33,0.9129975086670568,1.1309534467373599,wandering
2.9619755770188876,4.487024592065158,6.9308338091796635,108.34523206738123,13.304891795839698,27.26935753797637,8,0.47055437704649306,0.011789807217137405,distress
0.9110818806197174,0.09004549360354243,1.1886361777272179,74.42089333250992,2.2156195899136764,-0.1119265556274045,2,0.05555453685347172,0.0,normal
2.2742073173112876,4.885323001767006,22.172985723524654,92.56257384496554,14.720874277753271,22.30270591092738,2,0.05899020099534629,0.0,fall
1.5019255965951253,1.4479567868634637,3.5937887517028075,93.02997062923625,5.369139024221518,11.579808563781732,33,0.8116853549969647,1.317804584288182,wandering
3.5180904975021123,3.580571077201779,6.634048002067225,100.34924481713183,24.981808539084255,40.386633928664,19,0.4865494270650813,0.15318998106957465,distress
1.0637204390663997,0.1328484370686882,1.4579530608259978,70.06157748399254,2.636915755560003,-0.8564024539794133,6,0.029603851111792312,0.0,normal
2.7724102433509117,5.4089548095783115,15.9989445796574,91.68914672974523,13.541436440209955,20.95161928088764,2,0.09174425183708673,0.0,fall
1.3688379854180481,1.097259053984431,2.524946607907906,91.98323009207637,3.4056859557985986,5.577307113525299,36,0.9506023461415635,1.1574387789525566,wandering
3.595477387433143,4.928933751902581,6.536436917379994,127.4836745955261,20.64066221525657,30.976871931011942,8,0.5581990286665761,0.46927307732119256,distress
1.0002338739135406,0.28325605495618233,1.0563124407146014,70.68759259333562,1.440258213141677,-0.44339356803531427,2,0.055180146176493056,0.0,normal
2.1790694497167227,3.6743943280916507,17.07504143341394,99.7555432391049,11.001304515547659,28.97392428126335,0,0.07228300069509645,0.0,fall
1.6127872317387697,0.920324407325744,3.9596078315762986,93.69978770928375,3.8428628797400095,12.629676824826722,46,0.8666351732939928,1.254804955013084,wandering
2.7802528174172907,3.482773393695426,7.200800915769588,126.41824708734063,18.132773419999243,19.88040165838078,8,0.663688093013748,0.45506113847799085,distress
0.9788743872051343,0.2797011190807142,1.0103851984090624,69.065258312349,2.379952697245704,1.402151653843243,0,0.022953913434923746,0.0,normal
1.6746460268837453,5.094390058055064,16.204926491407008,87.66025858726418,13.848034073396112,21.796771767063074,1,0.033678723805745936,0.0,fall
1.3749374847692797,0.614693301829155,2.0230729175304436,85.69323765573546,4.281842280824504,13.160883184645296,58,0.9232894948109216,1.0462203956970737,wandering
2.5941196112749494,4.057876672805686,8.477418805105957,126.133980060195,19.545418074912522,21.784522906606085,10,0.4076599250337194,0.18295251097616705,distress
1.0905530286026313,0.07492298976125893,1.0963748312739106,72.77303355043611,1.3439530484284592,-0.45974735840440895,6,0.18124724088425906,0.0,normal
2.3742816139510863,3.0202432338042784,17.506895715351867,90.60157333160868,10.64390211739676,34.3402938579808,0,0.02857483067371133,0.0,fall
1.9439889940050796,0.7285134636837671,2.6676964419988716,89.30028711626454,5.5491091455114425,7.888265676740226,36,0.9037554265310073,1.0762341952541261,wandering
3.648524295272309,4.4524584907136875,9.968565284056476,118.69749318396859,19.605137296273018,18.10696688245611,5,0.48283440942781075,0.08979215002027408,distress
1.074921234189308,0.1910984741281993,1.3430322630223874,75.25992909620547,1.69547203675488,-0.14357794760146003,9,0.0036480489143763343,0.0,normal
1.8010718758363649,5.1888975651753935,23.649141056104227,100.5577787362073,9.995242171269728,29.657472558590285,4,0.002551215264407114,0.0,fall
1.9722106423222012,0.6762118018668775,3.4937518026593493,82.82959973903316,2.220614973324585,10.570933880656721,47,0.8473765207533424,1.259974101925292,wandering
3.5182058196119517,4.927832660264093,8.631359469784512,100.02802304550619,10.032245191788109,44.54287978242397,19,0.5174128183366964,0.17357035446103025,distress
0.979830212979409,0.2717478375457919,1.0414015045159726,69.37137692540611,2.120271189120376,1.1502413317967664,3,0.19046177066068315,0.0,normal
2.682239739909237,4.379332737953182,20.128955992557064,102.61896971491981,7.611942533047761,29.88848053747845,3,0.03319527973457619,0.0,fall
1.6150693810861154,0.7574566318373049,2.3681712975933875,94.5022122877339,4.813895789824947,11.007471003778083,56,0.8366015579411832,1.3235724249965108,wandering
3.2145025476758655,3.464649907900298,7.758255428843265,103.41917162865815,18.945111200884888,34.00826344740504,7,0.507502969041887,0.13153779136968685,distress
1.0781146253983063,0.28057951534006426,1.2503730394008021,67.00121587102097,1.710706622795448,1.64030303231494,1,0.007017452325507501,0.0,normal
2.832892087940306,4.941210046392502,22.861690532287035,85.0021819471704,12.437052678402257,21.30642609097464,0,0.03251116523608854,0.0,fall
1.9866564352729088,1.4454345282434606,3.2778162538725684,88.83157148295044,2.6379635213137775,6.977269589018107,38,0.9759864900309334,1.2682047257405595,wandering
3.8177428867698664,4.823664601711992,8.330024767451512,105.85968139897682,21.69000625727918,28.776003803816966,18,0.42887241861170233,0.415193890776518,distress
1.0223402346147075,0.17621354420738988,1.3209024356285097,72.51848929337886,1.2068826220262616,-1.9676520651444354,0,0.10675875858877658,0.0,normal
1.8497463083649854,3.4341804672423293,20.76023796521363,89.17275415111258,6.203834007006445,21.387890655131482,4,0.07040559328336983,0.0,fall
1.5864957820670145,0.5045328024424163,2.751349375658277,83.58873172501998,2.6238342190428603,6.7458544852405975,55,0.8708855727406198,1.0463513268328513,wandering
3.646266106699504,2.7480930896847884,5.413002186694941,114.771740067748,17.70432421980387,25.32927757536695,10,0.6876414354010169,0.11661738415117479,distress
1.0261161371660852,0.08121219416928736,1.3224458007385436,75.50038945745456,1.9942482750845616,-0.13825884839701397,5,0.06932810238111879,0.0,normal
1.7170134049600099,3.4148953235843282,20.95853216893488,95.47082483417493,8.131073125810072,31.24317143315345,1,0.019689000579596563,0.0,fall
1.6798452849139722,0.7570458208635208,3.3480492553392063,82.7516370453679,3.862271823008264,12.076108855470176,50,0.8360914408172883,1.178749477503743,wandering
2.3361132946071126,4.687197329468591,9.67664209227419,113.96952129601925,16.13975527766184,35.9275068685172,5,0.5938379071705756,0.07053725767070029,distress
1.029202058997599,0.06013127029453137,1.3610016438905723,72.68640914030121,1.952709178299232,1.8173116942295668,1,0.11105453194055873,0.0,normal
1.5124080523406749,5.478835609164683,24.221999009484833,104.90074554532244,9.382629424173231,21.081793895603006,4,0.0677289142628437,0.0,fall
1.6324475553558142,0.9963800858444346,2.722894811309473,80.52806637567905,4.065933805819598,12.7178515175101,53,0.9848200500937457,1.3537018358219006,wandering
3.125313801296237,3.5636819864122997,5.100229576224145,110.16826145348162,17.090821536533326,20.666960418835522,6,0.6103493298922473,0.16013943940957565,distress
0.9750733310774744,0.18022976899594967,1.4381651697546851,68.5394714547431,1.9422150144309684,-0.995433683277577,4,0.16325639801850145,0.0,normal
2.6941893917798367,5.32138668390525,19.826016662150632,105.30778205126063,13.223060996620932,33.436287873742444,1,0.056704762556572696,0.0,fall
1.4763274464347353,1.0049936572870035,3.8265009988905945,90.16582056202353,5.9701620554335975,14.98070145626113,36,0.874894516621228,1.1409248271121513,wandering
3.252783040795272,4.018150788465787,6.899605479889077,110.41978741631493,16.563845076850427,35.387619935654534,12,0.4100367650761064,0.4655173499090363,distress
1.011066235104018,0.2751138034482124,1.0181986383006485,70.48956578992124,1.7667959209227897,-0.9935187514808255,8,0.036627280799051025,0.0,normal
1.6557503762953105,5.944467325040544,17.090800723259637,95.20104282085309,10.958546701942513,33.80848580235977,2,0.04468500104629106,0.0,fall
1.815174510495091,1.227545536049304,2.6583931619815964,90.84347809584447,4.881291653687312,12.941557739127457,36,0.9691085410033669,1.463805484466828,wandering
3.0606134145263186,3.319141836572392,5.842298037895565,118.06692159250454,17.039008435693653,20.989443581535618,15,0.6190789462066318,0.13289324554353948,distress
0.9596798286613323,0.1419867622518891,1.268227466322712,67.21468632564412,2.2017640960585254,0.2300644971865018,2,0.06433394285926468,0.0,normal
2.3374019893838014,5.593872486460306,23.09592163025698,89.69687591643591,6.467956512217748,32.5456416810488,3,0.043622769863051275,0.0,fall
1.3245772501592865,1.4458640690238225,3.63532017091027,80.45322314574877,2.0194351603851763,8.380359504200724,33,0.8983870610722601,1.067353920946526,wandering
2.5362414956155934,4.144960368541233,5.990458107364049,111.74545506596256,12.437933627636573,26.251183090142725,8,0.4133342946579488,0.2071373454936603,distress
0.9833014889141323,0.17059103989741292,1.008953856316949,71.87853651444601,1.295446975912871,1.841274556909677,5,0.19035890614983794,0.0,normal
2.9807749805964354,3.0293311008762567,20.08016837248528,93.00044354303134,14.199541409396106,26.060996546842585,1,0.020949725250287654,0.0,fall
1.543427491015005,1.2052404824568903,3.660972670913841,94.41551372697452,3.5416602758713704,5.680620651582324,47,0.9677832044778514,1.0776430244582116,wandering
3.8445060753235225,2.236121923375742,8.134839265498876,115.91011363469141,19.51367608107985,26.24690157302538,17,0.35966358997114967,0.3082574852795339,distress
0.9289892691402519,0.13565418972613924,1.2484289900487466,72.15232258085798,2.2398128364816525,0.5468993546561074,5,0.18326721920943378,0.0,normal
1.9627672539670589,5.196053572276083,21.67922417370187,101.42548835102991,10.691967099086195,25.003334436105632,2,0.07032640372374371,0.0,fall
1.2257856780716387,1.1566590903049614,2.804089023909807,86.29393183349326,4.771186934753498,10.752946572972299,38,0.8979443020874794,1.1867964613647755,wandering
3.408158903995231,2.5909478049597308,6.248741603563544,115.54523305755319,15.825528791549551,39.804781530848004,13,0.37949213729962605,0.05511511762901339,distress
0.9299862602618879,0.2804886274019725,1.039156527263904,74.20698589300888,2.8389343591947362,0.5497926651904579,3,0.03608574185306115,0.0,normal
2.8918220871852,5.857473045523689,17.865395845111802,99.11769914483665,14.576985425315247,28.828531178379826,1,0.08577030410144064,0.0,fall
1.8045151618561182,1.1694430748684184,2.268866802276719,89.53441846297022,2.384916550320662,13.580653141705723,38,0.9344947294969124,1.4017653076663505,wandering
3.2417456530718516,4.123965983169926,8.987049201366165,114.07078744686676,15.350004446146038,33.04466520701632,15,0.3339516058730919,0.2644821276535766,distress
1.0374485707131587,0.260637727429509,1.1972045156652773,71.80476879976956,2.8431921735273424,0.065747395933613,7,0.1423708679057677,0.0,normal
2.55719785049956,5.208831456853711,15.620683576997799,90.89333644616721,13.91431105550231,27.819470812119196,1,0.027662821005515672,0.0,fall
1.8561645180918798,1.0116185599130942,2.561231320912185,81.74247793151034,5.067811234777598,12.377481334430472,45,0.8325316339158433,1.4579496435927466,wandering
2.0695651322309114,3.399264061145791,7.455175016772613,120.58713195873818,10.966839336361517,24.998197510580248,13,0.4558430839196578,0.492747224953762,distress
1.075909407785649,0.2920427048082069,1.1507828932745183,71.59967064877601,1.6094353122257765,0.25032338084472894,2,0.02076854718094503,0.0,normal
2.198550821267004,5.273140909562825,18.422714762843412,93.24697058525717,14.568637646966414,24.678930338213988,2,0.04249344831976522,0.0,fall
1.7303119289509459,1.4756774110212105,2.524710863828026,91.95844142735776,5.868455737093473,6.637470589313892,57,0.930066669398086,1.0349694202181516,wandering
2.87552909981684,2.3476162485270757,9.890085500883375,128.28350299068717,24.313292510966136,22.698051903664588,9,0.6191735624169346,0.37188189043404224,distress
0.965794656269207,0.07805110166843536,1.0790611077377519,68.61200965028671,1.1728059939656539,-0.8028144596819509,9,0.1726549180160108,0.0,normal
2.9136022361495777,4.580777994797233,23.110976737150636,102.28815377081158,6.221800003659251,31.195846438463974,0,0.03559000383086325,0.0,fall
1.9818798738763421,1.0300357900197046,2.483021632844154,88.48037378043183,2.928149382547614,13.135060476117742,35,0.8675437966430232,1.0244851205737031,wandering
3.0122887318049956,3.2475682873577503,6.602113654020165,108.24325630214103,17.10028317904957,26.63186929650212,10,0.6110100106416811,0.1869225480703915,distress
0.9103926162480972,0.2718461833840995,1.3469017816650952,70.51653418359032,2.0942766424391825,-1.6675634507407051,7,0.013516865129879041,0.0,normal
1.5716901809024688,5.216535748947777,15.878048851301095,100.77540792941224,10.58006490817759,23.240470838578986,4,0.03313049815720224,0.0,fall
1.3242929835006398,1.1198370643355646,2.6233295014489677,88.37205289295721,3.805889267495373,12.938331714034312,40,0.8849628943281322,1.003781548598591,wandering
2.6248500171226823,4.210449993233599,7.432486658209047,127.08323671166463,24.85675956152998,27.974349892368625,17,0.4620679213246375,0.36536258702980745,distress
0.9156839135906114,0.07338640236940151,1.4302546700964645,68.06700887494861,2.44916253704603,0.41697516478987495,0,0.18140100367384301,0.0,normal
1.5162666078772684,3.4388455175683537,20.351982014734332,104.02212312841127,11.415066840223052,27.020502646141907,4,0.061058463771802476,0.0,fall
1.2266384934895862,0.599048976465047,3.0534953290150386,84.9409538331968,3.122503862670614,10.835459769253715,52,0.8019231879536154,1.1839303560785555,wandering
2.3397628811706186,4.337362979241508,8.832544685128578,126.08618902184588,24.478344640999833,37.53824483742751,6,0.4951415291745811,0.36437084739572395,distress
1.0590687138978563,0.08988946104384209,1.4120345272269132,76.42167412041557,2.1304482398123716,-1.3434015387444416,5,0.1513358071424916,0.0,normal
1.8284441611931292,5.546502752519943,19.72582666568918,85.7788628138934,9.28119545808277,22.60853899483828,1,0.061376789086253804,0.0,fall
1.4177988571277447,1.398151212828647,3.7028350251733575,89.21708543879858,4.757539247397322,14.943117412019413,31,0.8862349109083154,1.1987189900945348,wandering
3.7882761976106583,4.597794349342232,5.787819251373151,114.41136206845417,14.02833422388089,25.515242647991894,7,0.38533341688372974,0.3536273984161106,distress
0.9819998431795922,0.06392773732566749,1.2729984790843012,74.98227819526248,1.0802154215459938,1.4402335842646563,1,0.032062210192398986,0.0,normal
1.8551953164156818,3.0411430375056163,24.843858396363704,93.06206681939145,5.388391674718886,33.21189240767936,1,0.01601186721589313,0.0,fall
1.2816827935415502,1.3210259360925574,3.139271792794241,83.26330803781032,2.960060941607539,5.602905001187528,39,0.9956903940384167,1.4308051043908177,wandering
2.682732748236,3.7814248418839096,9.329081358364917,119.94823361760344,21.87983131815117,39.04474339632419,15,0.6362171045824055,0.34173699035746913,distress
0.9369669540344052,0.07222192879065052,1.239739423424695,67.13949945132696,2.5151553518449603,-0.6905895408766338,0,0.11694537658273292,0.0,normal
1.6366064822295638,5.167598993949744,24.53594076296509,103.42309178646025,5.394334501371341,24.805119593489575,3,0.030947845712121336,0.0,fall
1.2035828051282718,1.1457786480107721,2.168811601256301,85.38860796574987,3.352400490231074,8.124379582012693,52,0.8831137428477143,1.3928704051415373,wandering
3.148898825883891,2.2587231493073685,8.995507498947322,123.02703810208627,10.523089986400432,18.41104724951306,8,0.4000171996086612,0.20388855311445153,distress
1.087740212718004,0.13036727213672633,1.0947233073280023,68.26202447128927,2.6198898346968633,1.102168897979534,8,0.17138862862625417,0.0,normal
1.5801389392736624,5.597853815347573,19.223927955389335,109.27252107199594,9.05024432366793,20.861677302743825,3,0.060804183089865065,0.0,fall
1.7269890628351616,1.0101156074828512,2.127456502716394,81.05434160860969,2.3351219330599933,12.722845277804385,57,0.9292299320324915,1.0060225358255892,wandering
3.86954349157125,4.913525845436324,9.758650797461737,128.49244780784034,20.39697539667631,18.342315263955435,11,0.6575930633100133,0.30357961053524884,distress
0.9442900311772766,0.2653118357759952,1.4908216976160373,70.7543883614853,1.977950014302058,1.2629388005598496,1,0.05877549126932518,0.0,normal
2.3992770638808647,5.41312238445692,22.602853819008146,90.59514665136051,6.548462384173077,24.89693065906088,3,0.02920747372674397,0.0,fall
1.740509606226274,0.9214590258109506,2.4244911721612055,81.57884188007111,2.0599397497479552,13.381285350587113,57,0.8544735534670512,1.4606417138976715,wandering
2.320350505371306,4.419897251099213,6.958321629233195,118.20454351116894,17.241230121578788,26.3048925173105,18,0.5359427953378781,0.05684591768325786,distress
0.958089581088841,0.15172869794011695,1.4984888475513096,73.93023783996064,1.3258633853574597,-1.9278886412295253,2,0.11401704710919375,0.0,normal
2.593494550596822,5.476498999955528,19.384391284466375,99.80900076796976,10.902040656310499,25.241102345378795,2,0.028963997048789738,0.0,fall
1.415810377010072,0.788683173545166,3.839138792369523,81.36465291003584,3.030834549447978,5.031110305793777,55,0.9106764187461279,1.290063674751757,wandering
3.4246473290955795,4.723064106581964,9.165221439803657,106.91931276474742,12.726595318792153,18.50997735530838,13,0.6314529645558218,0.358773318410471,distress
0.993754101995348,0.2724574798461713,1.1853652170837876,76.2609252170418,2.595579815244898,-1.429822871697441,2,0.0633808658783838,0.0,normal
2.515547058123659,3.110100401848676,19.325369984860377,90.94037378444565,6.719493229902663,24.742612309087967,1,0.06700200669888881,0.0,fall
1.8848334182033721,0.5513871512864555,2.2349867457400525,84.28917604225768,3.94552268882368,5.037576344949559,53,0.9676928661256001,1.2589216719960055,wandering
3.225295144571331,4.603967640296166,5.498395894130038,105.28550216269508,21.867474955735204,40.01341978202429,8,0.6167065493078379,0.2929595005322929,distress
0.9377567005623751,0.2889368927311806,1.3006520219932125,70.00321684780401,1.5663707598422458,-0.24798978705721453,2,0.09970486772822362,0.0,normal
1.534108770037805,3.3675510110815474,16.903309450321878,95.69563741720651,11.525430726239797,23.480922553596656,1,0.006356413803705741,0.0,fall
1.6911119859451227,0.8049225241082643,3.2848602142346968,92.39003598857789,5.632041251091593,10.29448843847953,30,0.9997434742279845,1.3047992969461015,wandering
3.8935230812768284,3.2893590029956936,8.60510317186451,127.77122472526813,21.199233691597705,26.258039029640564,5,0.5151997770251147,0.2850795218192766,distress
1.0591064768668401,0.06805750838555548,1.488002241905861,69.17004550553398,1.3197512812443075,-1.16520626385942,0,0.04757904705274052,0.0,normal
1.9199559321452928,5.065453572974333,20.059699848598566,85.61301540827309,5.044632023955983,24.82564994561373,3,0.058958569696610424,0.0,fall
1.4232216083430318,1.3221134789634506,2.096959400435286,82.21005588583618,2.0459486661715864,7.5555784399191435,56,0.8461312642633398,1.2197881199600868,wandering
2.526756568251585,3.429806320543029,6.262268458679637,118.06583027465402,13.047089398031064,15.037890161469498,18,0.46516408764980555,0.10562464988225201,distress
1.0485513137131324,0.264933249927049,1.1406620027633814,71.30163461754293,2.183400776337641,-1.2167718393815634,3,0.002290588945170313,0.0,normal
1.5035807073182479,3.189872833441551,18.88634184181816,109.11029570341216,5.162927616755754,34.10075414601836,1,0.004151323852317557,0.0,fall
1.329257232087804,0.5189665821685349,3.75964400047957,86.82101136974558,4.751728158875085,13.424847435558977,58,0.887941695014178,1.4627663539534144,wandering
2.6360250354932075,3.2649346594382953,5.811997655240748,119.47820322106409,23.47824213198266,44.83333713063104,15,0.42149404395232776,0.3999761943706204,distress
1.0017331948878274,0.23429016388052865,1.239453618123919,69.21936733905383,1.9285640041160461,-0.35924267160991974,3,0.15447447513091872,0.0,normal
2.774546290006538,3.3120877869813796,15.951917520419645,106.29326899050382,12.50561177924932,33.36636168650466,2,0.039016119082009096,0.0,fall
1.7756567984464695,0.8006352512914089,2.550277930683764,81.13817209324549,2.2448398900518813,5.694759827875241,36,0.9525094269677685,1.1638626991478362,wandering
2.6199412945386245,4.650405233987328,9.003191142895933,100.56158905178737,19.762136895414013,32.231063077896124,16,0.40324884994909316,0.2639421464297472,distress
1.0620339774608822,0.13395424515327498,1.1729286041532119,76.82751803481703,1.0318919946409442,-1.9081945766612773,2,0.06767175659002223,0.0,normal
1.670916658121333,4.196384480331756,16.1503228000488,105.75110724322985,14.067486916976618,34.03151721786557,2,0.008322803191488337,0.0,fall
1.2285560736773897,0.8757180390194305,3.70279650056018,83.11810364322825,2.450759173646145,6.747280174461086,39,0.9495876059519776,1.2651908853661833,wandering
3.3052619739459344,4.263702570480828,8.517712020122243,106.66185932093494,17.025170722407115,41.42408668512446,16,0.39266057673293964,0.35386261732154833,distress
1.0541400893093884,0.08249782689849859,1.4790567460302388,69.1771391918774,2.6524465036402427,0.6329682196351452,2,0.1697336144604064,0.0,normal
1.5615355202916985,5.197365657270826,21.750218788757596,95.16870125614122,8.289845245500697,21.72458675803546,3,0.036740976568997,0.0,fall
1.4412682928280862,1.3427441629033305,2.0479854450026407,80.40300024149158,2.231679230847746,11.798410634306315,46,0.9530246111739168,1.206260297435552,wandering
2.0144095005597746,2.639771021823671,6.831864243097106,122.69645469576801,13.096207917757283,31.142420000328443,7,0.4965836326398889,0.1362600538895865,distress
0.9030603838424673,0.23587317086190657,1.0081709674852466,68.44671805072159,2.9132669740066257,-0.8725983084756002,8,0.04751547870918458,0.0,normal
2.8177189059812076,5.751005775720598,21.643271002292675,104.22373442895072,12.645070798627614,30.832145657173502,3,0.06776608606161778,0.0,fall
1.2687818388164496,1.2777955139806458,3.280320683190916,82.02852361640726,5.398569499882299,6.6164086042220704,35,0.9186151243231216,1.4553784343773255,wandering
3.825020932408906,4.002288003034244,5.222335606864648,124.34132544570431,21.473864755343186,15.021360239961792,18,0.4152157421319301,0.38116282102140414,distress
1.0922000373402057,0.14995303346671668,1.0425270041283106,76.72429586754082,2.5243120533751466,1.477688585883075,8,0.035436338918106734,0.0,normal
2.9408708194537243,5.422585368965128,20.391414596372712,109.52812640200243,14.280405448883965,30.846325343910518,4,0.0971748039190786,0.0,fall
1.652628089272444,0.9791172007909498,2.2775941848349452,85.7381622351756,4.568772367550141,13.329373022712193,36,0.9505292583152811,1.2466816409583592,wandering
2.4761031915188783,2.3270605652702767,7.1004027147202535,111.25742924502853,11.156529176877095,16.483864719056797,15,0.44811302072233444,0.1548652737994194,distress
1.039053716390352,0.19090909574891896,1.3827363998231117,72.2320148513925,2.3395198721232706,0.5211663431072062,5,0.05140174206100898,0.0,normal
2.249667560474368,3.9472849440295388,24.200465781749195,100.25232669267183,14.498848678053873,23.7827761598466,3,0.07328189964931768,0.0,fall
1.4123440673764804,1.4683762092210542,2.7074552779103658,89.58595585205346,2.057554233689282,5.259107942366765,47,0.9711689463971992,1.4961896251595652,wandering
3.0266145682977825,3.21809660688947,8.098532482338173,122.45425973443724,20.666704446481173,35.83797133279576,8,0.5472037931111615,0.08012380325610285,distress
0.9376831846411702,0.2901467646107841,1.4986151142922017,76.98746342668562,1.6312468415707666,0.773597860469839,2,0.1504833378693894,0.0,normal
2.227322141197643,3.5087903749301987,23.38406285492688,101.27609937395391,10.311851642949541,22.700221442768232,0,0.0024542196342808966,0.0,fall
1.9627097891576404,0.6304770559002632,3.7270530456580904,81.12350333032114,2.876615473373617,9.245132797710397,39,0.8071836055872276,1.1512318019616101,wandering
2.773432110259117,3.112308757347085,6.730934104917971,113.82183422800344,15.780607598563513,42.17346650212933,8,0.4967666242101332,0.33844083233648076,distress
0.9627384449058253,0.2650908481398312,1.014523513601065,68.5915078812569,1.3941705626115193,0.2206592945613175,9,0.1524600079550928,0.0,normal
2.112427594770894,5.979989394547259,21.340748808414315,103.35603919188087,8.457078842107187,29.828491989795992,4,0.07439978550908026,0.0,fall
1.2721178985940413,0.8886250164430373,3.8539174593230863,84.59353725804735,3.058464640143159,10.830906933289453,41,0.832883629683423,1.0250412627904983,wandering
2.9659672850760472,4.523722069067011,9.336321168066,123.90573248191413,10.27962429655464,44.69593554079787,16,0.6714808064402921,0.1458570706807495,distress
1.0084099489259666,0.19358816068978818,1.377558769604375,73.51661550313533,2.7477545674704134,0.4049773970601591,6,0.1652209714068857,0.0,normal
1.9361060343176901,5.278477827768711,15.22197045537521,109.80708016350594,11.016880527847054,22.602082854823973,2,0.07465435591557691,0.0,fall
1.799007566500634,0.5652273654482066,2.9234945783733117,92.39745117917535,4.210261530618957,11.570132628898047,47,0.8028619619646887,1.1112243480452042,wandering
2.408933372860136,4.789933767076771,6.479775273769892,103.7683997434667,23.22030460066007,22.14359042477957,17,0.43740921191407284,0.20384648236492958,distress
0.9814743252121891,0.21625529527108522,1.2034177962118984,72.30762267372741,2.9428888636323363,-1.96829172461256,1,0.13971957653267905,0.0,normal
2.4634232120424313,5.526708298650247,23.651814357301536,85.78493463886458,12.780833244118641,24.878223298318584,2,0.0860155783383455,0.0,fall
1.2789833767722154,1.2543789755312922,2.669375131445559,84.17920483734399,4.579782495780327,5.931942905090861,48,0.9872419690593451,1.0656488681088527,wandering
2.3464935234056417,4.255274849225222,9.329815165505348,117.61330239768415,16.673125256277025,37.663640720865104,10,0.5602542313528671,0.41983388346646466,distress
1.0091798773108724,0.15138947949799197,1.2900566255825652,76.36019647802836,1.1618160428400617,0.9718079896977114,3,0.14225541255678922,0.0,normal
2.548538081235961,4.9708767610512945,24.01545092199568,91.94174138219492,14.082168498605366,29.57921337474177,2,0.04099979885353466,0.0,fall
1.3233393555269737,1.1374280031268513,3.4521666819988805,94.34353593152845,4.604564854750891,11.075577785570175,50,0.8713104396359165,1.1342837238523962,wandering
2.4330893860888008,4.8802866476399975,5.99624658188516,117.4776185241912,12.601331786886965,33.47369862167292,7,0.3587615424791799,0.2233730439106219,distress
1.0108700725065891,0.07373438912704976,1.3667573588537447,72.46758991919195,1.0387919471421565,-0.13099256891857136,0,0.04185672962924758,0.0,normal
1.8356568323815154,5.120288718515392,16.532951216598835,103.94979663671,10.149876366554315,23.482874023377732,2,0.03389049133063895,0.0,fall
1.9813322016400154,1.4421220303488635,2.455539218762873,90.3694746291135,5.289419856624356,10.826957535893756,59,0.8802460459423465,1.4308406081047909,wandering
2.579576999617287,2.327615393567761,8.492175358199978,116.48294663743215,24.294056388530354,16.878545181309068,6,0.6236430916989883,0.21938311627397988,distress
0.9064999545225058,0.06004947852597027,1.226383043443323,75.90947489945347,2.8593779541937834,1.0238077746519907,8,0.04021381288939627,0.0,normal
2.7390427204865606,5.36282114682272,15.065074399393167,86.82767929510386,6.395176696784816,25.658328183808496,0,0.0782206226598788,0.0,fall
1.2278029567673177,0.869214081858119,2.5059837421230764,93.64982918515206,2.621292163471561,7.558050544714689,51,0.8658718799339906,1.3688785344824,wandering
3.3804507815316387,2.841882627955482,9.68660451993357,121.3808553513623,19.987466412585846,35.16598615360561,12,0.6245175037146858,0.10036527270871964,distress
0.957108792109867,0.1913419362969208,1.0143453969344831,67.16929345860774,1.0424203874136901,-1.2049012067191578,3,0.1512985615144945,0.0,normal
2.59369331071552,5.850420552373489,19.20977170980556,104.04728063706708,5.4293603729635596,32.45489683370807,4,0.06076582963271468,0.0,fall
1.6812502946101653,0.8153950457632886,2.1588664747371995,91.57788873325504,5.0668695689642576,12.378688027874034,59,0.8489682699726175,1.4845024985672195,wandering
2.4229505922602277,4.108996000563812,7.740195510159403,111.4136348380055,23.071065401264313,43.53014690995467,8,0.4501731506797518,0.308239570023989,distress
0.9331256013182241,0.22423865267749304,1.0047253541341459,75.34032854827588,2.1216587738747084,-1.9000723375319142,1,0.06796401042625087,0.0,normal
2.02124358047485,3.968699788045619,18.29615921047919,102.02065358695619,6.251141082630522,20.32742289039045,4,0.05263332044257635,0.0,fall
1.8045373529068056,0.9433240860632607,3.7222566796491585,91.23610324580645,3.6150534164237613,9.539845512379411,57,0.9490359630781349,1.4547110106744214,wandering
3.2538647347901355,2.6563497981959836,7.538102651925241,123.65103181847319,13.688990697903595,15.411501105318647,7,0.35698604619411073,0.016345744355822645,distress
1.056548790416742,0.06841885933511614,1.3135877840810746,74.52989958220107,2.7200665876503627,-0.4084112054105842,9,0.014685414690945732,0.0,normal
1.7187629315523223,5.914702086144534,18.048109587586787,97.7133949091473,5.473927986300935,31.17592604308459,2,0.0008382672988476947,0.0,fall
1.4247877891940244,0.6303628642198208,3.4672055525999146,94.91686199599988,2.8304073238139855,9.818565769083236,59,0.9877729069084891,1.2741913973797665,wandering
2.776035776554382,3.216720116996661,8.97517641457696,120.90841845722991,19.4471041093783,25.27609748284396,14,0.3978276997966208,0.09522302922530934,distress
1.068256899602661,0.1097229541332475,1.2304389941433438,72.90827547535997,1.7360645932826488,-0.959871918697428,1,0.10707707843330738,0.0,normal
2.6931167037428834,5.595591659163339,20.02726707590937,93.102722872004,11.14093575272931,24.024180201282885,0,0.001114591287066058,0.0,fall
1.2022744967756858,1.443121761264918,2.208658745201838,88.1915260170408,3.0484786407497144,10.152522961123381,32,0.9013859792497063,1.055971282420996,wandering
3.711375715819204,4.218110646620497,6.260758683048356,108.79017172841542,17.354828224946225,34.02978926091566,13,0.6123587822406515,0.13034071864902363,distress
1.07111603508396,0.16734953026041077,1.214901133807524,75.01255278751954,2.645978007091613,0.8121832234095216,8,0.012935341303161386,0.0,normal
1.7484192900534696,3.6192724357303847,24.54916917508548,87.49484973840319,7.596953070684207,25.41154436895499,1,0.023697134107886555,0.0,fall
1.9096178847615917,0.8102855428483984,2.545532390975598,90.17402138957078,2.294168270000027,10.287268854698194,52,0.8812860614708328,1.2668599197538994,wandering
3.260585809962506,4.330911312343227,7.998086354690875,107.68539227635128,19.68011126178995,44.45878056304261,17,0.5295845370663539,0.25962643141823977,distress
1.001044319569623,0.20268259134986938,1.4162951383699207,67.45075541741359,1.3391772202233263,-0.3697461588584958,4,0.19654542742148837,0.0,normal
2.299325019454839,3.246959795055231,18.77534693881334,96.26596505851478,8.80657734263318,28.783525173494024,0,0.036604064038290175,0.0,fall
1.2535033677541034,0.8950817098200646,2.2433372493598016,84.91537966297737,2.9996225929426057,12.212864999678194,55,0.845352413818379,1.4726019314997392,wandering
3.6124841004965003,2.1725731454520005,5.436481736346771,103.53501335093594,11.327461547374062,23.731037341219896,10,0.381668737358688,0.3200036631560355,distress
0.954979523325928,0.12385534535886393,1.3677754603642014,71.80397389683148,1.4825157047840025,0.3248085220872432,4,0.10405111157205821,0.0,normal
2.4507611995851297,4.37333769867573,24.39963549425865,97.07746588059561,6.10482167900554,23.681867052612127,0,0.015372119758513526,0.0,fall
1.7052994321836983,1.2885134410670058,3.579791279117164,86.93634556591404,3.5231336442272867,12.552469058526214,49,0.8735390962657437,1.2557961492146812,wandering
3.1729800643375485,3.488261754991991,6.82719226972616,110.51742076801446,11.132412509734667,42.72301952503693,13,0.6829164635617098,0.4222950997939095,distress
0.9148674480407936,0.27475341356674077,1.263924748798405,71.82920452331255,2.9962955338706276,1.91561771174446,6,0.04910682545957976,0.0,normal
2.4855757564659546,3.9943141211523012,20.890292828451948,96.17082392222109,7.231470283875353,33.42901181069226,4,0.07891481213908938,0.0,fall
1.8981245098659103,0.5860161179537612,2.533817928980997,94.01389448145926,4.303758331969855,8.585439747916189,36,0.9861555659057185,1.4455221521771902,wandering
3.6197522386972656,4.705417968755764,5.798237004183033,119.13133061645158,22.004222650732505,39.22898778192645,18,0.4755591265378637,0.06728544402311926,distress
0.9680922823573425,0.0894689581983261,1.4423428161602965,69.06019431885439,1.5708786429320585,0.6797642868045575,0,0.041705066994352086,0.0,normal
2.9006874644156273,5.9113981329798415,21.179802475172384,95.7702244612116,7.2199132975295575,28.798235094734824,3,0.0316519873544312,0.0,fall
1.7845561341801046,0.7692717040651411,3.254208079443195,81.6025003963107,3.982203322513003,7.072868169652327,31,0.8909611304183285,1.3644839400779896,wandering
2.3722529015600404,3.2616793441666667,6.256354289454223,119.83657095537319,23.535124593186993,26.575724579591146,19,0.48158285826026204,0.35302798752239145,distress
1.0692951631030128,0.18087566349426587,1.4437862885113877,75.43732334908414,2.9614510779607084,1.1348260020915966,0,0.059479104608069155,0.0,normal
1.7185217750535593,4.213435058283348,20.19018682868862,86.23659142293548,5.376965619190575,33.89770160780654,0,0.09437144483781289,0.0,fall
1.591159836424332,1.3205933785402983,2.3184941948852753,86.71889029605056,4.489182635020969,13.676014966346342,32,0.955324005513102,1.155510295146091,wandering
2.8149114923452743,2.3279688743672016,9.107203171895069,103.44058860183142,23.396981358306384,32.519071937623664,19,0.6564111958903015,0.45029238373709846,distress
1.0455433247917674,0.29571646866390394,1.0515779475519447,70.86772362334521,1.6044721487236333,-1.0211592774204634,6,0.13888430060086204,0.0,normal
1.602063890057643,5.87588223688989,15.87768225123466,101.46483899603031,14.620984849882287,20.24834397390959,2,0.08258186725193067,0.0,fall
1.5952928148254388,1.1476145791147698,3.185546583263903,94.53057031073183,5.6259473139489895,12.16389000144787,46,0.8346602121141807,1.289546458643868,wandering
3.121641052924284,3.451257159255319,6.1786686609861,120.81914512441423,18.179100798703857,41.68613735400413,12,0.31458131816421897,0.27483725769841894,distress
1.0607761136996927,0.08201870526923356,1.4650966848138642,75.07328973357598,2.5010209786844637,-1.9868460575870435,0,0.166430170956871,0.0,normal
2.930987382600176,3.6728713064680836,21.397073487835026,87.23503579846792,8.742615049713422,26.90496029454217,3,0.08234484111785194,0.0,fall
1.8843353326033203,0.8162253443200372,2.185673354880585,81.97327132815681,3.9475329271848514,13.14370276001679,40,0.9753349001705148,1.032764613531584,wandering
3.236923149914536,3.3315958647117787,9.831120754190025,101.4504707788069,16.746060191341353,44.80045107953447,6,0.5435734028718258,0.025142521590775457,distress
0.9039996573919559,0.23117419643553366,1.031790153346306,67.61340552419834,1.6415289486702587,-1.1780712037023413,6,0.18243134157799357,0.0,normal
2.738565597237086,3.2524906113429086,22.88522792042581,86.82201998642624,10.818836619113515,30.539004068774638,4,0.08213150297926652,0.0,fall
1.3778749321056436,0.795336182005966,3.2826442259817643,84.31701527353327,3.338433673262814,10.335761084312715,46,0.9316299057420537,1.412553190925339,wandering
3.879873506596411,3.9981044519087097,8.6550484440499,106.89069080321688,12.034477985698082,23.3803127706642,12,0.6609191084530848,0.07617355775454676,distress
0.9235042719191869,0.22643672896283373,1.344132863034869,75.67819360528134,2.329661545145929,0.4842291631903217,9,0.10814513642614763,0.0,normal
1.9698429964029471,3.983460785853071,21.54598224879619,94.3361106137173,6.994955859775899,28.854056405356623,3,0.09545630010928415,0.0,fall
1.8018244218991906,1.434609281314234,3.627858503624638,87.4848766243619,3.8017572021570927,5.423495698927279,36,0.8072659740563285,1.1026701933043768,wandering
2.533728138780313,4.833562208887066,5.251518817425324,115.30322538211308,15.618186552786293,19.492809623748457,6,0.6949052476997934,0.36997530707397536,distress
1.087453326041522,0.23700112070239593,1.1006755722538393,71.31941269548514,1.0713551845351041,0.5873901271921653,9,0.03861755547502741,0.0,normal
1.702349530165824,3.4018269258542526,20.691191909510405,93.96761409612617,7.690916003195442,21.78060876916186,2,0.092029082566235,0.0,fall
1.9126618017459884,0.9767548760788183,2.6375262866782148,81.52029149251257,3.6836930274253734,5.603822154867283,45,0.9204494959756827,1.019205878251244,wandering
2.1437925801783795,2.49301208656081,5.931812121588494,121.01816349499202,12.08732492107312,44.08701772843787,18,0.6804529852938819,0.2725947179531251,distress
0.9264445293003808,0.10794518590590181,1.3203588935103767,72.25103234057485,2.2697828007888092,-1.4982682228220865,0,0.17637723265644828,0.0,normal
2.4175881138958983,4.096840588944209,17.65870384120924,91.66356370116098,12.975799133748735,31.03545402067524,4,0.0958492192449303,0.0,fall
1.3226756491729115,1.4416247923206233,3.530170735925485,84.49699905008953,4.8241488284848515,12.42927559912591,56,0.9440803973192118,1.4537516347748989,wandering
3.3664739047544376,3.090353036262655,9.622780503444785,128.2114094545868,23.589030384490123,23.588017096214603,19,0.4743662515966714,0.2544640495054473,distress
1.0016432636200443,0.13112642655622936,1.1108022229029024,75.67003053672053,2.5331701512531666,-1.250381594583244,2,0.046285743585646105,0.0,normal
2.786944750890281,3.5881318603216674,21.090627772671667,103.7953690286014,12.582272350376442,26.030639984575657,0,0.09992540604705998,0.0,fall
1.7419769054825873,1.1005955127742104,3.7542293634953188,92.95136801013305,3.546720249390289,8.450471463211512,38,0.8894040798749673,1.2079651624201575,wandering
3.744631417809148,2.683768610570652,7.547141068505612,114.5289284548981,24.382692020855124,18.19542891781131,9,0.39319998417558255,0.2062799020250864,distress
0.988087711818634,0.09881599113027102,1.4827486436324724,75.312568806017,1.3016558677482322,1.4766505955106446,5,0.015873525691287173,0.0,normal
1.8636624940096755,3.6193495240475553,22.206526074419813,85.54214174091227,6.052763828415783,27.06310342664993,2,0.017811333664078645,0.0,fall
1.9373328149124573,1.363492013568476,3.469588025093395,85.21148433055237,3.7912656218906275,10.259194584984252,45,0.8172895136646638,1.3664939545715669,wandering
3.913380300079142,3.608182982437728,6.497940406289431,109.8664454142629,18.525789009806648,35.91621600692325,17,0.48588129875930053,0.18996031893212995,distress
1.0198891128669139,0.10293580412117402,1.2646310712832058,74.54208207825371,1.1924325054385994,-1.4414010352670958,2,0.07704568386150984,0.0,normal
1.5458387538340204,5.712367632028809,19.54802518577358,105.30280898858577,5.741183104913333,33.908165599736165,2,0.09886429848604576,0.0,fall
1.2450659371876442,1.313394080419402,3.801826451687094,86.54668677970538,5.990197363725631,14.970320910450605,54,0.8907492528093522,1.2108821928003486,wandering
2.652854425877085,2.5328223290159375,7.327653613353554,117.22591422674935,21.706818841793055,30.379595956752077,17,0.6677568173294666,0.09448058520001773,distress
0.9176644768457702,0.2758276116106112,1.025628867506557,69.23379288836016,1.771874025942923,-0.07224550720126599,1,0.03967103737422622,0.0,normal
1.9074837447250088,3.901519368667388,16.219575538671215,108.89111047954503,13.833285865179908,22.335010825299616,2,0.09732464963911144,0.0,fall
1.7040179968340792,0.8025492036391787,3.8747815705802857,86.7150346830786,2.831319149306527,8.957962975986513,31,0.9763231940750826,1.3689577972414122,wandering
2.721673330513749,3.8514228663039773,7.625307422235503,112.6985637785927,22.430894153495622,30.400830566080863,10,0.5102647966391568,0.13143099383901774,distress
1.0049463801481966,0.1820160466909409,1.3464477878045749,75.45512327740366,2.8072239678792896,0.7819967053769021,5,0.034353798560894336,0.0,normal
1.7596525757265256,3.020099618889219,18.105243452130246,97.45495985574435,14.477394269237504,20.29376883722164,3,0.034902103415298924,0.0,fall
1.6778146799790838,0.5603596136677271,2.2077110263251285,83.05186743702873,2.0455680614978955,10.198622761251784,49,0.9461825264847631,1.3992525406853527,wandering
2.967760784568572,3.693187676302533,9.082904606818097,128.84784928118046,20.085729082080256,40.59133530438946,19,0.6375668117342854,0.288399403973606,distress
1.0130965999897956,0.2753974799258759,1.2582216256535532,72.5294471374741,1.89672866087515,1.773273257431271,5,0.029502287085103742,0.0,normal
1.6673955074942728,4.744196665731721,17.927194182681063,108.43079033749979,14.972677571182274,32.24215136139031,2,0.05498089645054491,0.0,fall
1.5567622297413757,1.1416080278430818,2.241293027398359,90.14883553765348,2.2724052522107367,12.08277866048574,39,0.899651810330355,1.1230367987995113,wandering
3.0996951949211082,3.2972932069742327,7.601833094195737,119.24736696963473,18.3437636152558,23.271943596740584,13,0.44974195526459537,0.39653540017011557,distress
0.9306492824581952,0.16665452765610567,1.064155978219019,75.933443261415,2.5509909316812616,1.0632701097407091,8,0.07913873595897106,0.0,normal
1.6672602681908515,4.086874066416047,23.01687986316589,96.10550812265802,5.019357253350577,22.95260755942871,1,0.02808179520651334,0.0,fall
1.3202824059715719,0.7316397492079042,3.393338459288703,94.32755802722723,2.3531427394028714,8.845951953169317,34,0.9990618500430211,1.1983077895842178,wandering
2.0857155599889934,3.70077903982615,8.778431452114509,107.05290030457368,16.813401779006565,31.613093360890765,8,0.3365952340509459,0.02281674248913118,distress
0.912057740023363,0.0544187797490953,1.3242936513240984,76.28990163225777,2.2361637025951784,-1.8427450368527323,4,0.06558718141049395,0.0,normal
2.4661091798404002,5.684506664578301,18.07451547768406,106.8640501211758,8.99865153993791,28.792716802200758,4,0.0352196543006083,0.0,fall
1.539813094816685,0.9676324550029465,3.1600377967087203,90.34503885101721,3.9524556056670033,10.073490737187537,56,0.9022260441670898,1.2700403678476948,wandering
3.2367430683846776,2.8308098482534074,7.799813287009138,125.90417484289706,15.822949633627587,20.450550518361958,12,0.578741787691101,0.14483589663528684,distress
0.9769507080585734,0.17595134933494117,1.1548918816031333,70.28387749093127,2.0172306272495053,0.6887808625411651,3,0.014512063896908046,0.0,normal
2.7431132507435567,4.0488612219651525,22.533153365211746,86.85753126348958,10.023386828960009,24.031019403314943,2,0.008503254628416201,0.0,fall
1.4741861141389143,0.7404636198725236,3.7783652242476498,89.61762384185963,4.952184784670356,13.847124442214001,34,0.8506494392627482,1.0847519366048028,wandering
2.120911145293947,3.5211845338801915,9.637675975685525,119.70937642125523,18.73752808706013,39.06921749962112,6,0.333770353001788,0.45298181948259375,distress
1.0936193341608174,0.0884117582802167,1.030218712353682,69.38190533676938,2.7020874296976634,0.5080825524526213,9,0.06247989147891329,0.0,normal
2.8142799466854473,5.861390641872603,22.204887596183532,105.23145753882834,14.32504377759502,30.44192757394827,3,0.004138802653381269,0.0,fall
1.9779354989376363,1.1458644507989,3.5368591504706233,81.734010638357,2.106452436353228,10.439860932595103,49,0.9162152371598601,1.2399652933508063,wandering
3.8821003747351384,3.740455572345951,6.857841230207757,129.8100928250143,10.78306940396729,22.276837397387737,19,0.5814223988989667,0.1768076952216357,distress
0.9714308683195654,0.21570922284083516,1.241747406856874,67.17661037961942,2.246283600558036,1.8460297931564993,4,0.19477462200558868,0.0,normal
2.573349191693848,4.594732097094017,19.451855013963844,91.72478756898339,14.687545616424044,33.214693688274,1,0.05161010494222697,0.0,fall
1.5288662020658765,0.7240169046871591,2.725382209164281,81.23839396836155,2.226214990429496,9.318593420133988,31,0.8672282407784757,1.490965041212239,wandering
2.7232884458858875,2.991651436381699,7.254360348662729,105.73644754089979,18.219701567632633,29.97448295475182,12,0.557268477322411,0.15629191201378828,distress
1.0579848010830355,0.15086511637162103,1.325721145298039,72.41637490541083,2.125049981202415,-0.17268195457178281,4,0.06570470625840193,0.0,normal
2.208625470034034,5.986563592051311,24.983969507058003,86.14107907704864,12.283522810200916,26.15453692383386,3,0.04176856211694018,0.0,fall
1.6528982794024,0.7165693036792112,2.3166126969965175,82.77395106080213,4.331944326894405,14.534735075806847,42,0.8943283445900302,1.131540074882512,wandering
2.933299388515704,2.715109731462937,8.17253992859519,121.79457180151083,22.75492690784153,26.992305694374192,8,0.44207978124610414,0.32725897918914976,distress
0.9623710690014372,0.2952713812467478,1.0683141067693245,68.70224287792968,2.196214209739961,0.36812545857089285,8,0.18761645224770976,0.0,normal
2.759760150594186,3.1164669241175424,23.115356013089762,99.67174314923209,11.311937800244028,25.918940599978104,3,0.013313944734218021,0.0,fall
1.3382955751361085,1.1663142899917647,3.2803297932548556,81.95513099632139,4.4044164491390925,5.00631518167021,35,0.94606721440267,1.4677750542871997,wandering
2.9369613883672487,4.50027269482236,9.843781563244796,124.60048110334044,15.836770467144493,40.64009344743022,15,0.4393366080203437,0.2900872571242341,distress
0.9808214148600175,0.1380481618991336,1.4345221865457152,76.75283878350479,2.227549711179865,-1.0628161423805245,4,0.06123042302920554,0.0,normal
2.767363815689311,3.662880212819944,23.23347197524329,86.71684371846197,6.904868066058998,31.622586584908127,0,0.050823274607578905,0.0,fall
1.78931275034389,0.5190163590989474,3.176651669042773,82.25803568203001,2.618618639086199,7.748487244928823,37,0.8011454372744301,1.3277202829233712,wandering
2.1259357502044676,4.726342638181662,8.399012313624869,106.99659639073818,24.67528278102062,36.87797799656967,17,0.4289513353037093,0.06874673057544761,distress
0.9986304977504781,0.16062029957647694,1.1267350717345472,72.02572747244584,1.6844271106818403,1.7020217657357226,8,0.1709875609431597,0.0,normal
2.5086154398583025,5.022419563671198,17.558484868228895,106.1076686777393,14.525893298693507,26.440849899261984,0,0.016108350257378203,0.0,fall
1.5505116799090612,1.401072015631406,2.263981060014519,81.41648517051799,2.7453629233576073,13.642916542453786,58,0.9569280571073973,1.0388843906142058,wandering
2.130802880994405,2.8508333116071,9.970853121550611,118.51671362839072,20.466460220586626,32.83039890479397,11,0.684128086050781,0.17784826301470658,distress
1.0399666419329678,0.09769873426254998,1.2650555568051276,71.7687235725792,2.9671378017120986,-0.9111674992583056,6,0.09789988116169063,0.0,normal
2.3598764022208454,4.578754095995534,15.990004368106549,87.38537037327082,6.652454450268303,21.613479354970966,2,0.06471174218197469,0.0,fall
1.7239623729034,1.0624468703956929,3.2852895452935513,83.51273152292336,4.043991233909294,7.8643213049951735,47,0.9968738105821136,1.398927942084926,wandering
2.374977241650612,4.679500642551483,6.677914583856509,109.6219110522353,14.424859511995258,27.09973131460157,5,0.3972985290876327,0.10808158888372321,distress
0.9229488801370145,0.08305028189749157,1.1884606012937873,73.75123135703939,1.294616993731012,0.3497474770619009,7,0.17572392641655823,0.0,normal
2.614336030021813,3.083702763929224,19.641620517092925,103.72009219959055,12.574784141347303,34.63497784770166,0,0.03301971972334945,0.0,fall
1.8369464731735492,0.5036426843124611,2.5377036411956775,82.39194735980473,4.42956315777587,6.328459570683508,51,0.8053327440825504,1.395377001514992,wandering
2.6650673118536443,3.038622030708185,7.933829456638135,112.51725499556181,24.04925425612609,36.744354812255295,6,0.6088344137746395,0.15657831974999575,distress
0.9476640136510897,0.20449279040741636,1.3768441692648503,67.7103769148771,1.856539016894127,1.9672293458420032,4,0.1473871765016674,0.0,normal
2.4576703844601733,3.2590224137225317,17.299563291864185,109.97231487216155,11.682065746762772,31.609654549325946,4,0.06574488827951677,0.0,fall
1.4466139999593304,1.0461671803952206,3.7007601968629436,90.0831245451589,2.082314804087686,11.63962586816848,43,0.9473802241793712,1.0737564793802026,wandering
3.429851500582158,4.165346587441356,8.357024780563716,105.00205818608391,20.57544425360831,38.92578883331572,14,0.4883418733778101,0.2251981473802745,distress
1.0886788752915,0.24679280346587923,1.4474369998009138,74.71331356952084,2.671274365434454,0.06069602564377119,5,0.14669365096860099,0.0,normal
2.173934647012105,3.246866037607511,16.93616112022675,85.25748088041233,13.838653062870181,28.278030850363965,1,0.08374602448159778,0.0,fall
1.991796017351979,0.7201142316700847,2.8421272353931943,87.67668864751803,5.5229968870851796,13.794030908164848,35,0.9946874075057063,1.1239500428572406,wandering
2.536206597654253,4.326059348372895,9.345139643555243,124.21325441699577,21.57235007166419,17.622069892657127,14,0.4948704957674176,0.4418005733128181,distress
1.0344157918035708,0.2173716217676258,1.3378118917879085,67.57613574621398,1.1988167833837922,1.423142304780301,9,0.18952612895052545,0.0,normal
2.2704193145070777,3.6592975534719256,19.59667794693673,102.97947545414283,10.476130924330306,24.979850621852577,0,0.01453914795411997,0.0,fall
1.7115774058401294,1.2639632702161945,3.4537279010029422,81.5284608309574,5.157417335110009,10.332274093221509,37,0.8202168878579569,1.0654729557856295,wandering
2.9262720010675918,4.392232376208371,8.704125490172792,111.8087680624727,16.021813286545985,29.877477043388254,5,0.47376580332557305,0.3507711420051364,distress
0.9598305941524486,0.16675406472482152,1.1833002577140674,72.03057024654181,2.2596886335295583,-0.6446872141567872,6,0.11395488685432878,0.0,normal
2.3438516761670667,4.755307722054431,17.27627155248609,95.25165863592154,14.966364373143712,31.129142720893665,3,0.09849772761472253,0.0,fall
1.6111828380556856,1.287081755335643,2.351609646348591,80.58761599431038,5.454788568829263,5.451378257033703,45,0.8132698103732598,1.1048278031167718,wandering
2.968956633850312,3.7593611927382935,6.80397938086408,101.73988338365635,24.953724940535167,37.868718330233506,15,0.38174888914924215,0.1648938409031423,distress
1.04568407591991,0.29336903341988624,1.0918169293589608,76.17155054847859,1.1104912416253405,0.08057511942312479,5,0.16948061249992244,0.0,normal
2.3602651622845494,4.427870458962825,23.767874688609442,99.75133221463737,10.439665380084847,24.99411573898723,2,0.01745393408565683,0.0,fall
1.411489646102523,1.352070664013369,3.126469883491581,82.11383939328218,3.7081189574575872,11.981299859390834,54,0.8112240528115399,1.4281327272148263,wandering
3.315907329738323,2.848016042137187,7.019311081758414,107.11297134416715,14.739358009967118,25.77333573952984,6,0.6210797375405842,0.16843099125798344,distress
0.9275298937452131,0.24150114734059347,1.1057354751133743,74.53337740406643,2.7008709638497477,-1.963707754465315,4,0.011255334200342415,0.0,normal
2.8656798371121814,3.452886343010533,23.060276469348842,87.6197355500945,13.942614559391439,33.447533674774526,1,0.011213898192750461,0.0,fall
1.8973266160317295,1.4303451738789101,2.755414084013346,88.58129777724137,4.299695282392703,9.379066239583986,34,0.9245641384695279,1.0269388266799737,wandering
2.7177029137429574,2.4978570450673203,6.369325997491368,105.02115062034588,15.81141442195843,44.47362155887652,12,0.3603715016838718,0.1419166160230918,distress
0.9256634998524613,0.11215319497014233,1.00514283703745,68.10478481732433,2.1210970609662843,0.7787131194013637,1,0.03872339030535106,0.0,normal
1.994016239028985,3.0563814305981785,17.883453228383463,94.28108097685396,14.579995697481145,24.442999036828954,3,0.09520572352802902,0.0,fall
1.393196766417242,0.5326436181619588,3.115699684332455,84.32687639892079,5.085358850481676,12.35320922605327,50,0.9769676062466467,1.303694630159387,wandering
2.677059218451692,3.9021817366806792,7.516504765451835,117.28610522331991,16.753112259337122,41.210223893847335,13,0.6570559725765631,0.29111228784378906,distress
0.9499730304955796,0.06931567637932574,1.2151754393990806,74.31843025280624,1.8861307138417756,0.32280807348008533,9,0.007586607853734173,0.0,normal
1.907288905511017,5.955777028268024,22.455501349908964,87.12084077778991,5.2179649846152545,29.615590086805838,3,0.022486227629966306,0.0,fall
1.5116764527346813,0.7247634771238763,2.4929070687573502,88.6116325791802,5.785453354617053,12.814378965710073,35,0.8568181737852807,1.3383158337437084,wandering
3.459187743712428,3.3672783662453885,6.958752788575753,100.80229035707,21.64437779605939,29.796983942523458,13,0.5795973505033994,0.3823054268572428,distress
1.0296368232561444,0.21312972010822284,1.232182110927866,73.29882079873998,2.7439613808005356,1.0509237106071425,8,0.13295666956782232,0.0,normal
1.989568858978541,5.047423970485205,20.267989099322286,98.767185365955,10.846286802983403,28.963995209606587,2,0.004630408043303014,0.0,fall
1.391146694135939,0.5935273239589609,3.6126465566308905,81.4219376792194,5.0038181391558085,6.111048031188178,51,0.9516458669433085,1.4885553618341287,wandering
3.8272842347542992,4.9447289964464165,9.34385764647553,127.95999350307379,21.763361648529912,22.55034256694892,13,0.6359930223668765,0.33737928352841406,distress
1.03384919450903,0.2926267316980053,1.1655359474003935,69.58818683326687,2.454208856289996,1.4999735409471748,2,0.15804393465969224,0.0,normal
2.0723736156851604,5.334135806218153,19.59082190511195,100.3270659958075,13.884885636842133,26.68506783408432,0,0.08118941409758919,0.0,fall
1.6032654703155316,0.6318419727299132,2.3879547034750432,93.51298897090578,2.1022801561582605,9.31426680487873,46,0.9297732301361032,1.4824193499869163,wandering
3.653049670575686,2.469540594699847,5.9551626806579385,111.26819757451685,19.973680270700072,40.13552285398127,17,0.493129548533196,0.10028118885652348,distress
0.9756265994214346,0.2734399206290199,1.3292097268134482,69.27904558161576,1.8971395509241322,-1.7353035591750419,0,0.15235696879991042,0.0,normal
2.360237404084346,3.9019958729300077,23.71880437940331,103.42334000883154,8.009255169217628,22.3422007125685,0,0.0021531741823797024,0.0,fall
1.784409153493916,1.1602733733462984,3.0705291508714185,87.95039369051419,2.316336567844624,9.357003851126981,48,0.8307917989539895,1.331558210494045,wandering
2.2518773095128575,4.165570659589315,8.290720562082983,105.26332910609426,20.732678165906183,22.86277580082244,8,0.3010212309159406,0.06777641380489696,distress
0.9932316407984187,0.11443137768155821,1.188830365995011,71.66003098025627,1.9866458127064026,0.15059737052539468,6,0.11328335199549291,0.0,normal
2.1284706414695442,3.8572430083182967,16.905355461853986,105.77420321077355,13.741210488751257,27.17082811813415,2,0.03409393304060994,0.0,fall
1.5287196175137858,0.9078266839473397,2.7573281416962727,84.32876873205439,5.805494892326472,7.89497265303638,35,0.9589745520402645,1.311776705703649,wandering
2.900900260090045,4.851240506779702,7.129734857674844,111.77506325173023,23.1743548998569,20.123649676277157,13,0.6719100231070434,0.3121708126311294,distress
1.0801997908057601,0.2677219068450169,1.411728624795019,70.8963767909098,1.1751894772208518,1.2267078276607242,9,0.07644313304898193,0.0,normal
2.100936549795931,5.166649650355494,24.569811820228814,92.84815023877582,10.329971039649603,25.58258918663048,0,0.007947548203799627,0.0,fall
1.2274491741810696,1.1365441844565223,2.557806087486565,93.75646669426233,5.2446980689221565,7.099576089564299,41,0.8063302211741179,1.2751647061695186,wandering
3.6784005093024437,3.684067514457637,5.800873073213543,126.03494160159453,16.414157660828167,22.657267042016446,12,0.4861137692673175,0.3474812331913491,distress
1.0650434289577788,0.26479995099203996,1.4499443789528663,75.91901408669449,1.1089023358670842,-0.8215021116474803,6,0.0697924211549551,0.0,normal
2.6315472050012545,4.846196221911486,18.882798037743417,88.9912251324618,5.564066321488315,24.01200810299491,2,0.08276539715947454,0.0,fall
1.8003743977703364,1.420138120700946,2.276839377179747,81.55231008251818,4.4115991498466025,10.26788496082266,56,0.9510247846231051,1.1356848198476213,wandering
3.1400306058189935,4.001178810150529,6.378953385875104,102.77875990338883,23.897614039907634,26.50567554577807,9,0.43579090233539786,0.3504882382841362,distress
0.9618335468544483,0.14943787928411445,1.3879769710257797,75.06718436868246,2.5904364385625316,-0.18324023622637364,7,0.10330542427492545,0.0,normal
2.5289649886258485,4.4724637458369605,23.21267680587069,106.1914433105557,7.817383799293564,24.725202206176863,4,0.0722787882573145,0.0,fall
1.255459201783982,0.8395562766582485,3.6163508925838497,81.9574275541662,2.253342397322303,12.410020039109696,44,0.9423847456728023,1.1757514176680668,wandering
2.0837569666979543,4.90017742166793,8.686699941083864,108.05061767931075,24.412963368207794,15.651660393333364,7,0.6384647391607879,0.2703242120393791,distress
0.9191999097756585,0.14637909755703404,1.00023231778425,69.70946739809096,1.3002989093805823,0.11932035664268348,6,0.06878142830864813,0.0,normal
2.1120019316796848,4.998890835057555,19.010069134349315,100.14652112949938,13.55461451305099,20.214047853737522,3,0.07546487800724805,0.0,fall
1.9571582336052105,1.3421990552743472,3.8019715137759706,81.91050848867346,5.288471728131508,5.13677763255965,37,0.8775190293428768,1.3794674717250759,wandering
2.3736174682766413,2.832805124959244,9.979676288687457,104.63891428703279,17.768017212856773,40.87832017622274,12,0.5841991175211565,0.27141225292485416,distress
0.9823400590134626,0.25624515647008095,1.4091971216811099,75.94507695746238,2.4920435197540174,-0.7133903096237533,0,0.025692188245869274,0.0,normal
2.1717149504359203,5.753131496191171,15.442754619799494,86.4889869309731,5.710274315137646,20.051747221217234,3,0.04266856983090163,0.0,fall
1.6084907012437388,1.0425400833174696,3.0180752221343194,81.61867105056774,4.055705175100801,9.706060467630698,45,0.8917660966188063,1.0321863445552348,wandering
3.6648563654733235,2.879832051515464,5.131697282590046,126.81601087187849,23.773242664746405,23.200254479205896,13,0.5772680891261875,0.026374399950785,distress
0.9755819603384129,0.14317846728183303,1.4988607417290782,74.92471222905833,1.6971133131371856,1.8460210916710849,0,0.16314158561205275,0.0,normal
2.1047423628709283,5.069122443635656,18.08075912747033,92.64247304859873,6.732143210542122,20.371187083923676,0,0.0527529386830263,0.0,fall
1.5659999006971632,1.180357562265841,2.992923643112717,83.31515473339513,5.7830794797460925,6.9053271053065775,42,0.8785468727360565,1.1639176080660527,wandering
3.5694543324907526,4.941382088936749,9.991862382333611,109.6646689600648,16.444340516677663,21.332096487781197,18,0.5192295359331545,0.22188303890300343,distress
0.9628537558285386,0.20546587572903297,1.183432124372637,73.71361450948237,1.1596911515200188,1.6940925802652855,1,0.09892703099482561,0.0,normal
2.7010370464823086,4.679878444401963,17.719151953370584,96.39807923241341,11.497646218243387,24.94764619896491,0,0.01387436066660911,0.0,fall
1.7782027773089846,0.9091718147949479,3.757433370558231,88.06810225910351,2.16782025357777,14.115670053147898,35,0.9741852397407108,1.0491075972690924,wandering
2.5194411271163357,3.6631713556792276,6.7340931233683445,124.0129719908199,12.754438647752707,29.481428894535995,5,0.585738793395808,0.2532741691382826,distress
1.0627005869301727,0.2255170651947116,1.0434816383169623,68.10708386169667,2.478406366745398,0.21384433301977568,1,0.0641204911206162,0.0,normal
2.5759825338174416,4.479306384287018,19.995184139503234,102.07339890479052,11.964730317348817,21.920216257229786,4,0.04643590562614666,0.0,fall
1.4865177410979706,1.4011920436318137,3.9509825827025074,92.44896262421013,5.049069269481616,11.255539103621324,35,0.8358630948818824,1.0905992886028468,wandering
2.9112930401008454,3.834350422053747,9.882680184024048,124.32901898398406,19.14952409450056,20.311472348274947,12,0.3173323060460667,0.13562060550746013,distress
0.9605201928758784,0.21819330572691853,1.1180391020040086,76.38456182275492,2.533137579707465,1.2676077691573937,9,0.15110057190352422,0.0,normal
1.5422868304278565,5.357527180503253,17.715541688923206,86.09401536826034,13.45375268356136,25.91912978860935,3,0.07556886929157153,0.0,fall
1.6727916428564438,0.8956134119993796,2.1987519260627852,94.76508364997616,4.635384222929639,8.067899211479284,59,0.8006706348666355,1.4346665711429254,wandering
2.1161957263127693,2.7365325978523387,5.2122072265479735,121.55260862180324,23.12085593777497,35.75484979982362,19,0.3471074616010428,0.42028718467888265,distress
0.9173391711257811,0.15550080063178368,1.2292296823283615,69.25554670248117,1.1243510410846516,1.1148583832809718,6,0.18471690360434564,0.0,normal
2.2529358465223734,4.05506198891897,24.152707158119146,99.51261159748846,8.973662043272308,32.28488284103217,1,1.7082027130366218e-05,0.0,fall
1.3031514136808786,1.2202672504164744,2.9824069563830458,85.24003086175861,3.0867299208706007,12.499616491122245,41,0.801018863264622,1.083765117238343,wandering
2.1380664873470803,3.569922642234447,8.402933266322638,117.80222076254579,16.19540120100458,16.636612116840073,15,0.47502408381369593,0.28268882776406173,distress
0.9379186907537402,0.2834047303606275,1.2220441415361,74.95995914528352,1.02420951920786,0.9606336295443292,9,0.040879311034098455,0.0,normal
1.6262751661716346,3.6086996261935074,20.533468866563375,93.0509330333106,8.852965038226305,21.815627286021893,2,0.0687691956221696,0.0,fall
1.3667031738560007,0.550879417603436,2.9200902092792376,83.55892869056856,2.7602390789199585,6.474726784240955,39,0.8327928264768248,1.482340209070442,wandering
3.8523891447797443,3.654345873733649,7.7730857362794765,126.05392031862034,18.57287804716711,29.896230701085287,15,0.46041612266538334,0.051128920731953464,distress
0.902799330600605,0.07644823466195148,1.3394277027216306,73.54241465100743,1.8608410347015638,0.21938042354255538,2,0.043681086126219106,0.0,normal
1.6104859068111186,3.631622073979322,17.30145661556675,105.5060417304206,7.746445028067159,30.656635320985192,1,0.014989738791785258,0.0,fall
1.3779282064697251,1.4409681552365483,2.994273229868819,84.3077495113965,4.47624599570972,5.764748788007983,40,0.8716456690756197,1.2533817632589588,wandering
3.689859641987097,4.033907135553245,8.08443769885136,124.47110016146502,22.80379746131468,30.100394181255982,11,0.5070763155973298,0.26770285502357594,distress
0.9373061726735746,0.07054714017352783,1.4876962011816846,74.42461783184216,2.620284942539978,-1.3232331128551982,3,0.1034811456415248,0.0,normal
1.5757935322638124,5.173602546615056,19.73716058597508,98.81302457169053,14.009580255283042,29.78129994452982,4,0.07928385661856155,0.0,fall
1.420818926773409,1.0564526404147885,3.2991236645372064,82.65903657285834,2.540753163064608,12.905941201700195,37,0.9887003910153425,1.205789410007172,wandering
3.7687340096143656,3.6249717619862434,7.745339827942548,126.80880044881559,12.035410010192049,43.21212011476055,12,0.5430349355587842,0.4780933941690604,distress
1.0717349922221586,0.08060418217743319,1.3179623884188332,72.67939291477235,2.1556082370083285,0.2601077829850156,3,0.1788775226778705,0.0,normal
2.5368072665913166,4.118575750312797,21.462709080166587,105.55380707987257,12.287483107056161,30.72994019475785,1,0.033870443970250456,0.0,fall
1.4893109926772623,0.8301579258348099,2.4723924370146313,87.44557592942579,4.035927247214389,13.268286544012536,38,0.8316876992172604,1.245744627375171,wandering
2.914604387716544,4.394781114249396,8.408662666499167,129.42370524471522,22.207740863177627,32.98092638042718,5,0.32981388431960074,0.05689622663348415,distress
0.9685247667099576,0.13484761612819934,1.3596515220687873,69.48903089018783,2.2337642925685137,0.7474408734301861,8,0.07877649136702486,0.0,normal
2.136110260921597,4.57434126095076,24.99942407338432,91.69136280477979,5.935215191645398,21.761556193539196,3,0.05454614299796989,0.0,fall
1.2778681424661888,1.134365633087365,2.2540328860285452,81.89188336065843,2.9228876932062366,10.966962514005271,30,0.970371930038787,1.2576718220408971,wandering
2.8047471383063423,3.0813674169212923,7.255994389928972,103.4506837513161,23.600470547933412,34.83001101152854,19,0.4721526124655563,0.12391395525140525,distress
1.0856894567128057,0.060371924080808395,1.2175286836108445,72.22245090722224,2.9527201149240545,-0.7344291351683401,7,0.0696091506079408,0.0,normal
2.4494551121130357,4.3009106955590894,20.574653590416048,95.78242454259208,13.925149258222204,26.060898986242876,4,0.07196253542312282,0.0,fall
1.6719725543921509,0.789974744842123,3.6720850997390357,89.62755224803809,2.5775499921438167,12.072217303352287,47,0.938684775594853,1.1623925119766993,wandering
3.466348320152854,4.062285326376738,6.739054851055975,102.44330162905271,21.571914193347467,44.29589072650117,16,0.6107321730676154,0.4964285201264833,distress
0.9708162179136849,0.13992800040440967,1.2653677867846203,74.19717895119283,2.4242565858797382,-1.4960148409310583,3,0.0993767864091873,0.0,normal
2.3908788803977163,4.496113441278558,18.84035030458305,95.19576651015885,13.77277668258403,31.309232865193795,4,0.014227347489867571,0.0,fall
1.313931253362458,0.7278414716088983,2.919291683299007,91.05925232085904,4.987997827725873,10.032955919051968,43,0.9790112677398386,1.2886564081282799,wandering
2.361003102684793,4.875171518551584,8.591492884492306,102.65727608095018,14.18848498691295,39.593070490810334,7,0.5679621044619318,0.4414771542825601,distress
0.9064228508963744,0.19110900667380826,1.0427302005603405,67.77601036084275,2.23176959337951,-0.28843242544775993,1,0.15518433095845408,0.0,normal
2.835227680152849,4.748812533632993,19.014074841248373,96.64795207886942,10.085059292570516,29.52406327917012,4,0.02204283577629267,0.0,fall
1.9252150782441113,0.8902770526309352,2.967905306155844,90.85486337794805,3.3339630086695915,14.33220413344726,44,0.8893381994602672,1.4976258088915015,wandering
3.4212987826568053,2.7325822949099274,5.183269156217404,111.8115799320261,17.40132568623388,38.12799574952869,6,0.3026179060947843,0.12984758261464296,distress
0.9854669239165736,0.2250057710737035,1.1117546821458042,75.13273536267819,2.704106587677071,1.528795849096344,0,0.19000150197112536,0.0,normal
1.9490920552921205,5.617839079042426,23.27514824214955,107.25398699831229,12.304883338778115,28.0286743640132,0,0.06991176213221283,0.0,fall
1.710103743053554,0.8738663084082327,3.3913235440904885,86.5818974097818,2.629754654664445,11.935655908137736,47,0.895406021441243,1.0729383260072929,wandering
2.3671496666823173,4.11633246350981,7.457838968944888,123.57642278502207,12.308979199267103,44.36059615511482,17,0.4522796619953695,0.18975196594100746,distress
1.0576273422599385,0.08764480378889976,1.4731576999279758,72.68964162574524,1.916753515163956,-1.2148812628357262,6,0.10153591250056256,0.0,normal
1.7577154001652346,3.0163309021188853,18.638525419019373,94.48228652886581,12.986447121997532,34.85880422601323,4,0.0013082561925499504,0.0,fall
1.9701196540367079,1.3059241086177191,2.177371657025355,81.99552192169712,3.19397729181464,11.70297071908685,31,0.8727326864343666,1.2143959101498658,wandering
3.238892913573401,4.586642496689237,7.663195337088266,103.97567044145902,17.250229957199593,21.69185595458382,14,0.5257120924450318,0.19975628636162857,distress
0.988087945700917,0.2365417018244168,1.1983626906487759,72.81668127822729,1.1519000423937236,-0.4662743886336318,4,0.10321162261957813,0.0,normal
2.507719038615969,4.516525853093695,17.186511913804253,108.76170849264574,5.895632330786841,24.645235356772613,1,0.0874205074312799,0.0,fall
1.3297769643324127,0.6969236085075357,2.4233039909672716,81.36382753346359,2.6857314455646537,10.990007081982771,53,0.8391880371684985,1.1888661987422866,wandering
2.9601482033480115,4.562136298916291,7.65964724883483,122.27433281359433,19.03435172628052,37.743469449005794,15,0.5814112356634373,0.06178344712984679,distress
0.9084928888503603,0.09128137641599625,1.1412044392926506,73.5341911579994,2.7915556211757844,-0.8072486772453695,9,0.14848266449308964,0.0,normal
2.9016334346908224,3.1795632388383677,22.86578137884669,99.93933293339069,8.66552884159423,33.559016226463925,4,0.05056043665255697,0.0,fall
1.7188327813617792,0.852226392247036,3.8568847420958523,92.25971342466443,3.533173716445682,5.120954093370116,47,0.8739133917756714,1.3142366818637008,wandering
2.240285260470322,2.077863406465309,9.603054766958543,109.61935162415577,12.59306544317013,38.15293768693988,17,0.553024720885186,0.14511926536095549,distress
0.9238092008964026,0.2600589916977332,1.1730847170822367,74.80099433100304,2.6983922505005986,-1.435875212388646,8,0.19025464117121327,0.0,normal
1.5916970550642096,3.4010510459415713,24.25242275980996,95.79486455082325,12.913673428029561,20.859207564583915,2,0.050326388727363926,0.0,fall
1.3231716377103775,1.0539370517512447,3.107418103194347,88.9262311368264,2.9116699994286974,6.357932364151701,33,0.8683445567347456,1.4393181815953984,wandering
3.44641161804939,2.171779227573679,8.747863203299472,120.7467818653376,11.483474468970467,30.628152278482276,15,0.43887934989226784,0.05712201227046876,distress
0.9136955153796532,0.28671090190256887,1.1372694767503704,68.76216133757204,2.764012057532719,1.921425467482091,7,0.16347574141888982,0.0,normal
2.757572017288233,5.146630642164318,21.17187058827763,104.91033926811483,9.125802503966707,33.56628074160297,4,0.033575578611885294,0.0,fall
1.7013387012653354,1.100453774621695,2.5882312998560604,82.29436935849692,5.0062144399365875,7.582467997494943,56,0.8084077945296798,1.1082000131544325,wandering
2.7108452243808694,3.284564914522316,7.744955125216968,106.07187482171743,19.896769368181747,32.06586627586526,14,0.4938723170744901,0.16158812637701603,distress
0.9771418371118479,0.2131955935037793,1.378029557747276,69.7052002090938,1.061220986356734,0.7837063813988241,6,0.157129746415469,0.0,normal
2.7663961248542193,5.145126226787514,19.534154087221147,94.80022263384953,12.575954964601076,33.322322504802734,1,0.07755307722707351,0.0,fall
1.3972795728885132,1.3188108517532888,3.3577638347594556,87.14471211485166,5.746818596728918,13.578837198292828,59,0.9533303078326621,1.3827151873784764,wandering
2.6333081520207395,4.54122434004558,9.135139281121136,103.33132967873506,17.923683997614376,16.097041128319674,5,0.6635217487758194,0.10886829877008486,distress
1.0594043199956238,0.181238703265732,1.3921893755074506,74.60420618410836,2.5083752443841965,-1.833289872450893,9,0.0047522467067852465,0.0,normal
2.5681095103378544,4.42885800452831,18.576151720844592,91.80923986896819,7.640349240101014,30.032877648947043,0,0.07483534804753414,0.0,fall
1.760411369592841,0.9540835979268276,2.3171625189498877,81.86263842172183,3.8098574005438937,10.96210239969451,47,0.9789365862728809,1.1444810864864259,wandering
2.94017435549016,4.583636481818748,9.497309838668842,127.72103673449872,15.78606600360613,36.38607323133806,16,0.3636309050131925,0.056459274857009745,distress
0.9496096186651966,0.2707427898532996,1.2722828988477533,75.6279346789463,1.7963096054580385,0.26347950968831135,4,0.06881507034503864,0.0,normal
2.3113071937042475,3.9382071010365136,23.973589548289887,103.63464114622514,6.223844560838087,20.316386913736203,3,0.04863894147415099,0.0,fall
1.8783748893159686,0.8552621767063223,3.4022409521114976,84.43756422871756,3.202331763224147,6.400108780831236,56,0.9465880680954605,1.1752600964254298,wandering
3.627355616213147,2.7773215995944938,9.753525097955858,124.93898741051272,20.67445848460173,39.61779297044484,14,0.6572258669304003,0.36724349987001476,distress
0.9508029518035528,0.07149112555172672,1.0377994474550698,70.0968802912409,1.1705410997807628,-1.5253307195323926,0,0.009050403394351236,0.0,normal
2.576091842239227,4.1178427178057495,15.404488128596554,106.74378383773319,7.900956002425689,28.264237142305,1,0.03470071841169369,0.0,fall
1.5071026843544093,0.7922823454032142,3.1893002852817176,90.03057812149477,2.869626705247151,7.88069064521811,41,0.880828375310492,1.1088212593254494,wandering
2.7187089009473624,2.278257325871153,5.284197384450232,106.54892683575167,11.9889681213961,43.035398919562084,15,0.34790735737828327,0.33469914417935626,distress
1.0527620841305856,0.1598454818065948,1.3678999080147451,69.18966692569178,2.974193367382603,-0.45674646642942474,6,0.09363832381369182,0.0,normal
2.4627469652310747,5.550165240103087,24.732954726862232,101.97898382017715,12.83465378823702,24.15045998016518,3,0.07229711635905574,0.0,fall
1.3242735259196037,1.3736141806268871,2.1304994108748283,85.59902598664266,3.638638351520233,14.948450092419147,46,0.9401051431007644,1.3847697073305318,wandering
2.178809161200263,4.000145794456291,5.945655861703649,116.13389618859817,10.816730887202857,35.53616954232433,9,0.3658557078785948,0.17716122872082396,distress
0.9797848213981684,0.23774705182497013,1.3679187938829735,76.27427547800883,1.1235594325886835,0.5822973581116182,5,0.12324340447221718,0.0,normal
2.8844026641903793,3.2810578720952157,15.473582344392426,95.12917170442223,9.063643864573976,29.408784755413237,3,0.011460919175117268,0.0,fall
1.891467324205355,1.3081484785076742,2.043778279954165,81.90186360546255,3.531287593800057,10.505126488992575,46,0.8000350878727691,1.4087887500887755,wandering
3.8053532831730728,2.7112475646066874,5.3626430229826765,120.68216126660701,23.778943579490523,32.9174221718041,6,0.41718164061410934,0.45375138505375556,distress
1.066622082775228,0.2057679515822114,1.354008398697812,67.49694197249691,2.9907585066517157,-0.7589190872614813,1,0.11672221260983316,0.0,normal
1.5190064339578806,3.299830790607505,18.528467817505728,108.85043633429582,10.486665499512782,20.579349188385457,1,0.059938711954452134,0.0,fall
1.562169238249635,0.6486397912700727,2.004526689835725,80.40684547121981,2.8355219427055713,7.55337946498487,46,0.9267049814984467,1.3629969140925804,wandering
2.038612127211257,3.0927221380289627,9.24862639099672,121.87579711593754,12.001684528063302,27.123427307845986,15,0.4037323427591275,0.02558217835557941,distress
0.9213921500481617,0.15101866490247756,1.477579169363307,70.40091593325941,1.2018970674850866,1.6722961263863998,2,0.01217983450553295,0.0,normal
1.7878292464717875,4.742541065529642,19.624330354625684,108.19675605243786,12.029037993576093,24.39642226011044,3,0.08491014111304103,0.0,fall
1.7141179320481839,1.2077607200294462,2.1286155578557877,93.85318536731677,4.010895303156136,8.527111374091088,42,0.9973743988803982,1.3535351126372488,wandering
2.5283028914355055,3.9222305405686626,6.679027801200121,128.725530585952,11.359818172676022,18.819505924051413,17,0.6319004367375024,0.03761025155469555,distress
1.0402675156167778,0.08451651592172303,1.2992655206470087,73.6111282772208,2.078191994027979,-1.5978905080734664,3,0.00842326149339372,0.0,normal
1.5338171853047649,4.7299747505457495,24.244194783344177,101.80622021274247,7.330599771831709,23.065939103444038,1,0.05185801302313138,0.0,fall
1.6521774672248046,1.0758288944438268,2.9974622997467764,81.5094229649478,4.165442835408308,12.143478337677838,32,0.9639128204756999,1.2061066003164453,wandering
3.9092388579972153,2.2336618839946145,9.412036837441647,119.72741286850777,17.4024260774805,22.56946654403965,19,0.6271367951292257,0.39984387498679,distress
1.0623353016717914,0.09223102686231431,1.086577917461791,67.06495284606808,1.7673342537217114,-1.6418858582853173,2,0.047882315859732266,0.0,normal
1.525809314849439,5.043618103706284,24.027530707504482,89.6344036045367,10.795382898475818,33.74042758048485,3,0.0013369947032042973,0.0,fall
1.8156970235273449,0.9089018645375765,2.0886654657127828,87.78314320198912,5.912042537782295,13.508883455641875,36,0.8963808625900261,1.2499073587852583,wandering
2.9823157777275497,2.5174559648211066,9.805297921528537,111.4638980215522,13.461193443148824,27.32079674885074,7,0.5871441480639079,0.3825497056299946,distress
0.9802684895754492,0.16449658225114933,1.033450700391654,70.42915314492848,1.920280630243967,-0.25257973251428734,1,0.1718925933086268,0.0,normal
2.8031656349416005,5.6001580564336795,24.36911430331712,101.77342303018163,10.568415654849467,22.181227518692612,2,0.03342297502904145,0.0,fall
1.5933470247217771,1.08361289093695,3.5845965891937412,81.79202517164711,4.571319643736405,10.074068073762474,58,0.8122428118878193,1.070112190160832,wandering
3.0037770217317705,2.676375079288878,5.951149510622142,123.19131778758381,19.51860229607049,33.65000369851141,14,0.6147940160683119,0.3415356572350318,distress
0.9591277371822936,0.15655097879183605,1.3245387427293907,73.91053091387181,2.6075729737635145,-0.9251529971149965,0,0.17138300987266178,0.0,normal
1.8967320821959102,3.672209318497347,16.610414260607143,89.29729315129276,8.185447212737735,34.12213205399743,0,0.01746033640199266,0.0,fall
1.9548079321446843,1.4130154871680602,2.8860821940245573,91.01726438874428,3.879617474033408,11.67123855356075,32,0.8525638568048141,1.3616489167094743,wandering
3.550005520253066,2.3039670063704274,5.290934121595077,129.17316427324337,22.349775880913562,37.33720344618732,16,0.3696499172148824,0.010961897215278238,distress
0.9118255594117591,0.1374401768170343,1.1649936892064683,69.82610087365751,1.1711675846096519,-0.8937125938194845,4,0.12571621258627994,0.0,normal
2.9176777265815717,4.745577658184633,16.21729840521174,95.09542729637946,5.316804738961105,30.093490351970907,3,0.04256475103687142,0.0,fall
1.3748298637102117,1.4329581394441036,3.6913987901261405,90.26233652854373,4.625281322539507,13.410563914274457,47,0.9425428486959122,1.2128764946210788,wandering
3.849396732096145,4.257763971256113,6.599022763831507,123.75304257811783,24.47456286516038,29.201200237351944,15,0.4498045614955372,0.33652519965055167,distress
0.9648673569595865,0.16221837366454445,1.3542558391782515,69.12975627230584,2.419207046671242,-1.392408891723059,6,0.024403284217230106,0.0,normal
1.5664693772962317,5.524569840271573,19.76281611987889,94.92395815677573,14.878573630509086,32.15470651172889,0,0.08596608658162831,0.0,fall
1.859676409811649,0.5335192985372612,3.671576003716104,93.45479539122323,3.3748343616800622,10.269708933113899,58,0.8582886829147601,1.1021007743199163,wandering
3.781049454004119,4.580710319468417,6.1936962373799975,107.0228461965131,16.14008074574909,17.695692451120223,15,0.674222321608419,0.4218538924643723,distress
1.062610827071128,0.11692880518512978,1.4018543156713414,73.01763171645597,1.458446134251616,1.9144845469230218,5,0.06771662901911424,0.0,normal
2.8889838203541003,3.33280645237026,19.62090390808391,100.30795918078579,10.397564113580838,25.529437330291458,3,0.0372355332037864,0.0,fall
1.4235560788275796,1.2572995124166244,2.4670233513185726,92.85995827117175,4.417354768514544,5.272224457119274,50,0.9534786016308513,1.238851486260241,wandering
3.4227139940461813,4.081205988461933,9.546909570125804,100.5624690419751,22.86544134110683,42.83606649337534,16,0.5147278293761842,0.2614148017631444,distress
1.0129884653420307,0.2670999279812223,1.312936142976669,67.42925333171826,1.0668436129726149,-1.418953670048726,4,0.07666295862965292,0.0,normal
2.712208462395726,3.230959841038825,19.04952827169473,86.75699604160778,10.081486728133754,23.970950233443666,4,0.054058987853890884,0.0,fall
1.9491519737974068,0.95607145890104,3.33215103587745,92.34901779566134,4.228610074995162,8.376777368576414,52,0.9888125543079571,1.2236640258888754,wandering
2.5978157165591322,2.968181504092327,5.1122150629188114,107.86830328998995,21.254340972787894,30.301345928333905,17,0.47318155946832907,0.04626989245669011,distress
0.935124446490068,0.28083470561381796,1.410393248841219,70.96288520715717,2.4408262771332643,0.37482873361406366,8,0.03974518094125004,0.0,normal
2.5564076206553246,4.845252619913932,18.48474032383172,106.09596715956675,11.585577855647083,27.817383790251814,2,0.04633904698438758,0.0,fall
1.3932410577853118,0.6489679769727259,2.9907336862148233,93.18989954606887,3.994501302928367,7.953477952952733,50,0.9218453944315012,1.1331083951642171,wandering
3.90735391602776,4.081973821891729,5.781913487967254,106.01663404285857,23.914985137151533,19.12276042367285,18,0.3194999099771308,0.31763058148532186,distress
1.0540817238914482,0.24733614025344564,1.1430714704186402,76.51841568244471,1.5962819691003092,0.20087812624292534,1,0.05413438663722086,0.0,normal
1.7150574609887332,5.949752672137476,23.621020603388594,85.78687537906914,14.6149279902477,24.29861268246004,0,0.021854100515222664,0.0,fall
1.9474651045159406,1.061488113737763,3.699729796926116,83.82023904842211,3.7093677044470037,5.318730011218121,49,0.8051405460253027,1.3352772023574573,wandering
2.678325602506219,2.283505750298,6.539882356776747,106.96603584118874,10.364702435208198,30.37316200889451,7,0.5985095405706913,0.15139137831579857,distress
1.0644701730559665,0.08587702069154275,1.2079515528623233,73.66372855506414,1.546048354175173,0.5003812036982023,7,0.19569038380028772,0.0,normal
2.745212869910414,4.547177210401467,19.68664884336645,103.98654680701014,10.891471335126754,21.27586889672571,2,0.08382617251087279,0.0,fall
1.3490057621795446,1.3664753525322744,2.344784892248245,88.04937993337111,2.6748106691957836,11.296563724273252,50,0.9649180486666459,1.0368656581940199,wandering
3.192995930378374,3.4612984823318764,8.392612864144503,111.98406511384263,18.540082118403603,35.91898028995962,14,0.5984755951518845,0.19627069480288745,distress
1.0785144189664764,0.06614475163610316,1.3787120466378355,71.78856404394908,1.8861638393033513,1.8366070650600808,0,0.1198603013173327,0.0,normal
2.2987562426148593,4.300967703391768,21.688780980496162,109.26618499005063,6.582784762783849,23.435652823301574,1,0.03317632442306195,0.0,fall
1.545049702566145,0.6414456997027642,2.338163076024349,87.50718562965886,5.641307158479865,5.443243409414469,30,0.996815029739983,1.2961786198490262,wandering
3.8078658499779054,4.790980885098838,7.141724862653206,119.70510182145028,12.284167924749983,44.84957725128607,7,0.6918535511058373,0.49168846220131124,distress
0.9318854884772623,0.12419706695275594,1.0820517795304874,71.48988520551539,1.9658031747879388,-1.5199345604786796,6,0.02898784235141565,0.0,normal
2.5545592130999353,3.74595840965753,24.39931155500496,98.76105481113619,8.623121219735985,21.4008596893332,0,0.017898524742607114,0.0,fall
1.9016085754953331,1.2473310929202617,2.3902373124096012,84.77401840123785,3.46086005306966,8.841756328921369,50,0.9758635634888801,1.3508244018453266,wandering
3.020571631431582,4.569846159574402,9.91992359443201,129.14807969059328,23.526744802709842,43.86021888460152,7,0.6264869879169497,0.37134688861770365,distress
0.9166795354076149,0.2149419147024792,1.3261301564935355,70.5106595441248,2.071426273541901,0.9453246594150633,0,0.05595369114134725,0.0,normal
2.0628651908032003,3.789413573125092,20.808994595979282,100.5782230076583,11.856785106142018,22.02335788045428,1,0.0034071877074019043,0.0,fall
1.6898115983010114,1.0753997832976905,2.3462705827002965,83.66259543669354,2.776628372661346,10.600208216987582,36,0.9413137846863342,1.331994119132966,wandering
2.5678375370977538,3.1340054444631074,9.390569671931065,122.1412249444292,21.828997984532457,27.231949214632657,19,0.45368075802494345,0.05241422038970661,distress
1.0175125678560624,0.1515462634663421,1.4884777185988591,75.82259017066822,1.0113675329105807,-1.2887184500019182,1,0.06463634447004865,0.0,normal
2.2489861748428472,4.275390577431606,17.106537833382088,86.11566622433295,11.256112807974095,30.11253513547526,3,0.04182580388472687,0.0,fall
1.9309969624694614,1.4366746871187983,3.1394946036712374,81.69527229663221,2.4811142441843304,12.740256171768799,35,0.857502198279227,1.1533910761415251,wandering
3.961800362920222,4.126452394350724,7.468660086465892,111.59247847605978,22.399209228680085,25.717553131800372,8,0.49703171830379245,0.21099791685893293,distress
1.0494840362219888,0.1919765130204984,1.0791189122532412,73.3882482198417,2.2630870060379555,-0.30277279301326576,1,0.049155420348859426,0.0,normal
2.002001578194146,3.5900384557828167,17.724656880144153,91.45979729002691,10.844800130294914,29.61160415994312,0,0.09095020358736539,0.0,fall
1.777914162758327,1.0679881978843144,2.8844766264478268,89.5010279254079,4.81494019831994,13.153878357057744,57,0.8341014791397316,1.4630782508036224,wandering
2.2294763680419605,3.3904933572733094,6.025997543674454,103.07721985395806,11.366727850854383,15.549243368342768,11,0.6224639721285716,0.46298156393653495,distress
1.0146401099132794,0.1251443777010759,1.1502764418698983,69.90725814611443,2.845983009351808,1.043634524735522,2,0.19154050371052803,0.0,normal
2.7539679345054147,5.436510561266083,22.216789212357803,98.11272267033338,14.825902822297893,31.62879117210188,4,0.01065214779752708,0.0,fall
1.8509285898094852,0.5324176870759346,2.65503980411773,86.52811070687464,3.6749549840337954,10.047810435386818,38,0.8840665257277267,1.2079682944219534,wandering
3.0750748818940767,3.306173616766885,9.853563307679947,109.86964531185859,11.79506629007986,44.903286017116,19,0.41006755614581286,0.48260952585113387,distress
0.9647284944825363,0.08855012036269232,1.338694363162109,70.03306429928645,1.9723064389471348,-1.5444617571549304,5,0.06737294867394852,0.0,normal
2.02733370591634,4.260677884544724,20.09257400788841,96.97974156555252,11.8310809478279,31.76223265644049,3,0.0462504424646278,0.0,fall
1.5655810473037715,0.5210698294459769,3.7682907673811608,94.530839272855,5.352025650421759,7.558939493866324,47,0.8936403982392984,1.0570770410288042,wandering
2.437903285508323,3.006864751185171,9.723527685095572,126.25946830525407,18.5839848359375,25.216604097043245,11,0.6635965554382485,0.3244232321105781,distress
0.9377570791034728,0.15460146047392642,1.019366606702334,74.70693833913067,1.209817881732359,-1.0794889299485844,2,0.13745447804542085,0.0,normal
1.643932813160765,3.57876010605055,19.166738570535596,108.68871702299772,6.087392689094226,32.999501380013086,0,0.07914158122480518,0.0,fall
1.6154088338025212,0.506002369022242,3.655286477058257,91.78168454092395,5.88188376791798,6.7393715117415,54,0.8548507232092113,1.3020078322607178,wandering
2.9542173862843812,4.156210067842345,7.520793990478822,120.10529348354822,21.60891352740535,35.110430431638264,15,0.5100573557044372,0.4821236123985905,distress
1.0901763717556743,0.19914918647887997,1.3859455183864957,76.87537536644211,2.928689463468766,-0.8211639381252662,8,0.12088217995066129,0.0,normal
1.5446972501680944,4.416622052909663,15.360418024565126,109.30466072185781,14.176143179081118,22.158796825219657,2,0.05150626738191344,0.0,fall
1.4771814916864643,1.496054720154525,3.4813718272311407,82.37195553220037,2.2236417920136238,5.576596307822267,31,0.9559361691070832,1.0505662204484474,wandering
2.0238825661260966,3.9805574082355126,8.266494844238066,105.96752094448341,12.067727660697955,36.57986385376363,19,0.5136442819484947,0.18909616833506848,distress
0.9095610633456737,0.2597290599308955,1.0611565500311153,73.57526375486087,1.2949600034522273,-1.4753071380367149,1,0.08365332441085045,0.0,normal
2.1289915166475604,5.021400923358943,20.438253833690553,85.15440725634686,8.482256738450037,23.352170565249395,1,0.06538905430801144,0.0,fall
1.7408507795655583,0.549137752476679,2.0873127144203325,91.31053063223467,5.34132752203442,14.06761691460246,39,0.8111309075568301,1.147141249436066,wandering
2.859930360196714,4.372759683681397,7.197677520693319,100.3452538038243,10.92495009657268,35.4779999375842,18,0.3772672760741733,0.14861424488084196,distress
0.9604633941584748,0.08532280356856119,1.1779060244163124,75.43403851727257,1.26198406584124,-0.7599692319896589,9,0.04734932758491681,0.0,normal
1.7923679425195638,5.7383781039743464,22.572617105395043,102.7541846502862,11.135407271892753,24.771829698651892,1,0.006700336961808884,0.0,fall
1.772729196494543,1.1619407055539395,3.4507198200287723,92.13387214187631,3.7412492914411906,14.770356771782808,36,0.8710441488433633,1.231512158139809,wandering
3.9327246601354946,3.09536612520272,8.88374735703958,115.2245205491374,23.857191181125614,41.83278864927289,6,0.32150356480149006,0.35217068850417343,distress
1.0139324260057225,0.1978618398794344,1.1257684367755596,67.05258991862368,2.1801352374159872,0.754257287653683,9,0.19403081273568548,0.0,normal
2.4400222105452816,4.466149364624025,20.289945207827547,87.27675047325822,6.660069705627157,29.136188917773445,3,3.489467024141435e-05,0.0,fall
1.6623521961184398,1.1064213521445452,3.556656116848983,89.20560631985936,2.881004267030935,7.564809446900165,33,0.9040271848077965,1.4809899563453297,wandering
3.1387586409378336,3.005000575359123,6.156049193365828,110.86938492570165,19.828052924380533,31.137402564606845,14,0.6011720198070223,0.18986618269776423,distress
1.0602556094943352,0.06726662025664144,1.3462530015451946,70.27702502210299,2.282797665228201,-1.463361365557192,3,0.16688850151851264,0.0,normal
1.6988137087810566,4.3511597904080315,24.536222344240564,88.49221621765977,11.853860705238157,31.90811193249577,3,0.011584015018769234,0.0,fall
1.5151784936861863,1.2431567768547533,2.3752085050815333,90.22705313066584,4.862119973291027,14.723859423330524,36,0.8480335822534364,1.4464599881545022,wandering
2.6332251369742785,3.2103827544670187,6.809000448210255,127.70763904435917,18.90909025178756,18.910962563844848,16,0.34179837064235674,0.29123589363505953,distress
0.9219084502831918,0.1677519551476156,1.0470076079917223,72.10304678539272,1.2762487803121452,-1.580371713389607,4,0.1451445520398392,0.0,normal
2.3946210317050296,4.0648188788289605,21.182752848153157,87.43269071999325,10.072965255299751,24.00018048128031,0,0.0820788919307903,0.0,fall
1.875484873923245,0.8333154921461177,3.5011742376240997,84.5290739753637,3.360918076176908,13.895360326944306,54,0.9013336643646274,1.3924796655617377,wandering
3.935639771211458,2.0296224322978427,9.730431909252472,100.18089114224911,12.96613916398891,32.54628568761177,7,0.5126236792860486,0.1916909880735459,distress
1.063056451839,0.22119534464089624,1.1228911945099145,67.05748090332987,2.687193960201975,-1.084273107558181,0,0.061169880465086604,0.0,normal
1.9381695032168622,4.637511371570521,23.327464846712708,93.11134716793723,14.637610428962466,23.870800200919547,1,0.07505015535552488,0.0,fall
1.3305430513210066,1.0807244896272814,2.684429785266211,94.99104460616081,5.194292093186596,8.164373024195251,31,0.9319854290740628,1.382760739372104,wandering
2.2829382482055625,4.168190946760269,8.318370533741557,106.21046572675114,22.69392769962832,18.43489482959403,11,0.64990217627328,0.2758323051630195,distress
1.0814894009106821,0.07447494008618728,1.4627421565907817,67.55089556830961,2.0303168818482096,1.625767918202261,3,0.06962258041860735,0.0,normal
2.4059279228884707,5.244658059630545,23.698866107206875,85.9934062684084,12.304774771694095,28.70327170514262,1,0.004371739777765927,0.0,fall
1.955866161673442,0.7107667561649064,3.851915750304407,87.84323787443056,4.225072458036741,7.016844102916094,31,0.8742103499310949,1.4553910307879967,wandering
3.4652422370840283,4.670242199694579,7.527651619332568,105.21957728634953,22.992025750004206,27.065251596744297,11,0.3008728608631219,0.072517181260629,distress
0.9322689914065072,0.1615828018666981,1.3678264863685932,69.01275920369069,1.9823418440711622,-1.638138266500658,9,0.0631624232645099,0.0,normal
1.7704904829560535,4.488984427641684,15.481796443870618,103.87924001066645,6.926390456470253,28.167690121688157,3,0.0920217353016694,0.0,fall
1.4547346635028147,0.9499253123861168,3.1703543198371724,89.10813829879784,3.220637817278249,10.536145891419267,53,0.9320811826300797,1.2566524785426147,wandering
2.609946619849346,2.729715766100225,9.213078405840783,125.78311008077878,20.241541351443054,22.531457581450923,7,0.6900862355380055,0.15110321183365422,distress
1.0038699073037507,0.23383563640359645,1.3913575491611903,70.18015822868185,2.429941721597488,1.0479053116775034,4,0.05106104862852752,0.0,normal
1.5767974301376935,5.326292158571311,23.660974903900826,102.61132111189885,8.892332118458672,21.777100222750818,2,0.021049851236479344,0.0,fall
1.7011705696831236,0.5362671450449719,2.3837065306834164,89.36052264098346,3.388581157590438,12.245315389751108,38,0.8051227904758136,1.1142182489972103,wandering
3.430292348006353,2.2613194082720476,8.328014587048244,112.25969320815904,17.442567653556402,35.494924864349585,9,0.44424524159348117,0.23758830581266493,distress
0.9148282471315686,0.09649960911559106,1.262359838818455,71.41423257436522,1.1643188229043717,-1.8404461354732833,1,0.06507557935350415,0.0,normal
2.842862941421478,5.941938938351985,17.824688411247386,93.93328469879384,11.662069664624415,31.267651769512888,3,0.008509755705517763,0.0,fall
1.3801883060145301,1.0904565262542558,2.932179612861585,89.94845301816457,2.0376354266385297,5.434386581300215,43,0.9418493901129746,1.0343399451089694,wandering
3.8825626878537953,2.6854961787256433,6.396526160766154,105.13477759186888,21.381134933230395,44.96841833873961,19,0.5833085707870522,0.23593179726543895,distress
1.0762494353132128,0.21675271019175596,1.4339113302137214,68.46749196692569,1.0656185963951397,0.8474829192571471,9,0.19314634643699397,0.0,normal
2.74880099544103,5.367085144804367,16.12820719129341,94.29809259122943,11.4124214581251,24.054544563315957,1,0.03380241695669436,0.0,fall
1.5243026766808305,1.2048179982470222,3.1335039762945778,88.86454572266473,2.047965339951535,11.061306287157091,42,0.8539364240147413,1.1690477135298372,wandering
2.628970604986785,4.441106784105731,7.278002630814502,116.00166996811978,15.522674969479842,41.15672848427134,11,0.38959727409655587,0.25853210170269136,distress
1.0150578607570646,0.23287458708700237,1.3912937845918278,71.31026642445583,2.5713171937276362,1.9431043998115585,4,0.05923741652723631,0.0,normal
1.9988815746611153,4.885591338028898,22.394697125088612,86.44664930287419,7.874135687520576,24.614067234181825,1,0.029254233712383917,0.0,fall
1.3039504207072226,1.3722263021440249,2.9322871075966424,81.05318090561231,2.250517256482814,6.4503562191308195,42,0.8383907557013308,1.1280928637900425,wandering
2.1807009879938093,3.6314695622701323,9.376722893223352,107.13132730555238,11.077446072461848,39.589343037794755,16,0.5293583059651139,0.3865060218600936,distress
1.0397026927965798,0.05276314411079418,1.2373353417553221,67.64083628193215,2.309468012116377,-1.1057464918423365,9,0.01465120236752564,0.0,normal
2.124924691545782,3.2552171653879296,22.751939955956594,93.20165302363547,9.115884365811898,33.03715562028138,1,0.07360622475417532,0.0,fall
1.325133879785501,1.2642214376491363,3.064673593777431,94.57104935264616,3.884743346124942,12.68541954104128,39,0.8656025561875381,1.2416908628080825,wandering
2.8703995100386708,3.544389864397001,8.977264370648,122.30754938753631,24.544940292551672,38.414084116821314,16,0.3983425712074327,0.005193273459003389,distress
1.082909773456238,0.12540405444555136,1.4289550361402301,68.36712622736289,2.6914214008896615,0.3707295766015726,7,0.078146889764923,0.0,normal
2.90104737998724,5.574321559523867,18.778065821506065,92.24521838574874,12.221044279183463,24.680012645903428,1,0.03041146731561243,0.0,fall
1.7943015799259912,0.8373287799887529,3.5425289316796604,80.20573484135204,5.712183303503361,6.101458892259187,35,0.867567110754502,1.449431398751845,wandering
2.5490039647975617,4.308545835088553,5.76577800688817,111.81251834668488,15.760168134100763,43.88001731628874,5,0.6463113133135349,0.10070365265925196,distress
0.9766963418634913,0.2926962815059569,1.0446371282727318,68.5783784239571,1.5552136913919656,0.0372056057168777,5,0.04346521055593427,0.0,normal
2.6552231181018318,4.583179961587329,20.176907668604017,91.44266983583344,9.225548729530406,24.990740020964086,0,0.09531795280321147,0.0,fall
1.5324187767307125,0.5984385813336223,2.822970409048666,80.20828559421125,2.5300704704719488,10.783109787324518,42,0.8838115184936934,1.1334220356722498,wandering
2.3480088691773666,2.426749153611641,9.304677227686893,114.86474029654937,15.270837525932347,30.47172386778503,8,0.5472137737975764,0.3291692433943722,distress
1.04546736918745,0.052887520566819876,1.4123189675542933,74.66028299563787,2.521858253700677,-0.2434168429671142,2,0.1691802464242902,0.0,normal
1.7991476922809824,4.322442506546433,23.56931166946339,103.92652932441327,12.537456069327384,32.93186450283224,4,0.09501195835950632,0.0,fall
1.9431883780018078,1.4445163280308115,2.463807653368816,83.3315109609653,3.4861811023094815,14.276366193814882,55,0.8765875708527965,1.1851389627766178,wandering
2.5256951979381874,3.923817525194379,6.9368660898148375,106.39888909325316,20.41891281335525,37.572315987458055,6,0.6966272772589631,0.11909270787804421,distress
0.941763298237609,0.18252478007561473,1.002404610933978,69.66530855857941,1.6413891958219764,0.5968229812488288,0,0.15738815742576792,0.0,normal
1.631727151029598,5.752548130237223,17.335643064806874,89.30807906093925,8.871761632465601,27.08556794044584,2,0.07951144993263072,0.0,fall
1.572262214524426,0.8841465889773129,2.104218004879481,86.35264044543268,5.862754425190305,10.448722449694973,43,0.8965008886267437,1.3627902120922943,wandering
2.0279873877932353,3.7407710047211267,7.956527619358469,117.38911969784303,22.433391197524507,43.83428912038882,12,0.3166390363719695,0.07973010491988697,distress
0.938538493099351,0.09751261659078043,1.1282730909985448,71.60623380367117,1.2989322474170266,1.9214248766021038,0,0.17154594541423274,0.0,normal
1.9499059354044443,5.539714956446918,19.586516719048916,105.41733090675095,8.837029415607033,20.87436026665171,1,0.0033388527907175836,0.0,fall
1.572401969099099,1.3746867062415442,3.867827832112983,83.6864723887191,5.01576519067909,5.1037547489281305,55,0.9340648032494837,1.3752313100917082,wandering
3.256012344633776,2.3648317470424125,7.222603791704312,117.62355559496596,21.329185331416394,38.42019156899539,14,0.404437251130502,0.031700749153054486,distress
0.9869384360144889,0.07316619325557124,1.089405257537471,71.96747405221295,1.837069977713502,-1.820621177082025,9,0.15629715390678794,0.0,normal
1.776744315409378,5.956331573711495,21.562334219190472,90.13227120633452,13.055487391038467,20.347453719186753,0,0.06474700212569078,0.0,fall
1.394020098311979,0.9188696287646932,3.028197334001387,85.40812200134168,2.423464918876753,8.88088075388577,45,0.8401299591348825,1.441237198571607,wandering
3.333375780832185,3.894006954631008,7.140435824823852,109.26308014730093,17.836618427740753,31.55218338850258,18,0.6809915614700416,0.018053427425220703,distress
0.9450200583804019,0.2593541731266382,1.4452158720404296,68.93965589963786,2.68967312463054,-0.48459207177983954,2,0.09872408278260698,0.0,normal
2.3385879821362745,3.059121049699651,16.561692421464343,85.19758186950425,8.4580147504031,32.547415641714,4,0.05245428335507485,0.0,fall
1.6638199623390686,1.3688595832781703,3.00488748066708,88.83951749661965,4.645300601803195,9.9382054378595,34,0.8416223810777631,1.1153656477995564,wandering
2.1892160826748652,3.4961015866260436,7.252811461622477,120.31327230131676,22.390042128008595,40.3080343464133,18,0.668428672802682,0.05297685005118408,distress
1.099325940622629,0.19209867005739323,1.3224449892205195,73.93439843801353,2.180485724326222,-1.4164701320964768,5,0.051505343759906966,0.0,normal
1.8550299769494445,3.2113349004363596,20.196380079027595,90.72923514668216,6.427719766098312,22.016703289537986,2,0.08710558509123123,0.0,fall
1.3581568543169584,0.5374581850910984,3.823534161124697,85.34556139414177,3.0286109394644143,8.295468220700698,48,0.9930356689720805,1.361127933582063,wandering
3.1614426645546008,3.8589054539998027,8.501269763506109,125.61539185392232,11.22168189859958,33.602843945930815,16,0.5378367236901819,0.2061701144415944,distress
0.994295374120991,0.19563150026508386,1.135868557537156,68.94066728442647,1.9927597417264984,1.4839763468029745,1,0.13756396115931033,0.0,normal
1.5205238717768168,5.078515358207301,24.08657611908486,88.26611646181006,11.30595283771559,24.57154972786489,3,0.06564183931599285,0.0,fall
1.279968208004842,0.7334743424310787,3.757975168691556,89.95790645889636,3.611246344715609,11.92428845853913,34,0.988870032149318,1.0146340325006458,wandering
3.9471458299143167,4.18393296008946,5.664282028730518,102.73133375400286,22.55967043913076,39.9386990351171,10,0.6484810753291987,0.3601361408131457,distress
1.0231112257295902,0.2000569731031075,1.49578784862919,72.22273570395323,1.765400858729795,0.981961000358551,0,0.14145582640080812,0.0,normal
2.4385216831877488,5.705601761178858,22.33993349916517,99.2485403445305,5.967678676904478,31.53643539361665,4,0.02137419602053997,0.0,fall
1.5333201009121433,1.327233593411525,3.137167453560906,90.80116707744821,5.114900942161494,10.268687982923801,46,0.8215924348429213,1.4852951889640895,wandering
2.8978333186141656,2.029803027871112,7.49198559607083,114.11060742652711,11.801458344484065,22.744963658199666,9,0.6886296631962181,0.3493191015601877,distress
0.9310484999945613,0.12078760833143672,1.2579156131192688,67.77067605612778,1.3695511123120383,1.7232687843663816,2,0.181950298198263,0.0,normal
2.4239545819943773,3.3925229630949416,19.134868097912126,96.96516677246373,7.5783054563950225,34.205701685743314,3,0.0009793005042937452,0.0,fall
1.8663530209391017,1.0390518408480882,3.0120184073436045,90.75070953684047,5.867815414117873,12.85131796453858,40,0.8708884772606793,1.413138584307203,wandering
2.967280702896048,3.1829693340793073,5.595538987024672,105.3872379275533,23.481607597743768,21.962111902757364,13,0.3729623650485163,0.23627051299455398,distress
0.9656318866768017,0.18318350926717952,1.3196798594198427,73.0824853601475,1.3844100504950503,0.1578296401791106,5,0.14620697607952346,0.0,normal
2.5207305400346605,4.419559947169313,23.78413500997447,86.52665145807512,7.539570295651831,24.387857370657265,4,0.09129486687896304,0.0,fall
1.6678914034864953,1.2130553372418298,2.0248258946924773,94.35701759251226,2.1648401757148696,14.554818161931205,48,0.9389381644147866,1.0182764251817038,wandering
2.668840790815235,4.472114598906071,7.443336189511822,112.9894403455427,21.94558709387298,22.740152297026548,13,0.6839879673770718,0.13355758747127433,distress
0.9328166831889227,0.096488585192757,1.0236880325576863,74.63571320744637,2.219126888159382,1.4840667296693657,2,0.17102376827222385,0.0,normal
1.640690063570164,4.058990636858672,21.16978046262991,106.85667857551627,12.490120337162328,33.43522582443096,0,0.018720222306287827,0.0,fall
1.7678389965864976,0.5046209891824743,2.3234840388812925,83.31813576465865,5.439454320439808,12.598837956516237,51,0.8822802538290572,1.3230947513831925,wandering
3.249968870276045,2.9173532173104655,5.255816122048509,112.95239850271354,14.150043019039902,27.71025488534663,10,0.31275159245205725,0.2297312572433649,distress
1.0544274305098538,0.17737255491829484,1.4831007981444335,68.69597585855439,1.0040836010502059,-0.33454573906930296,1,0.07342575144628849,0.0,normal
1.8398879482518846,5.818552379819138,20.099978901559858,105.13159448029378,12.83087116643313,23.19187061733484,2,0.006650677734914146,0.0,fall
1.8311249143492183,1.447945739642993,2.3758105525864854,80.98855301230462,2.07972500296681,13.094785474763741,46,0.9086261991789563,1.2283479468852656,wandering
3.7597040883523887,3.031598875211372,8.004454693319033,107.39759121910141,19.01573837923811,28.63101840010626,8,0.67935477654544,0.0391364361278011,distress
0.9059554327153432,0.18206033312244152,1.2316058159540317,75.83640749185207,1.1399774118438781,1.8870798001198468,1,0.16944015293110215,0.0,normal
2.8000244812583057,3.598577181006021,17.60182119064339,91.94742250169215,13.296292176119342,28.91217820742935,2,0.08235512980085294,0.0,fall
1.744173075649375,0.5742155207596655,2.951313540670863,82.46191078268619,4.327017344868705,6.1097209097379075,43,0.9826250695641621,1.3758324240622974,wandering
3.145972483525762,3.2009716615851627,7.5736324967346285,112.864973573075,22.712725317066564,17.08263125041639,8,0.35933515497215157,0.08463192299657091,distress
0.9400519907656026,0.16243057957032087,1.1484573663958995,71.4450478021726,2.553409362740827,-0.8287994810680912,2,0.08995666099836315,0.0,normal
2.148836286886702,5.442816336580637,17.292663064342538,108.0457630102836,7.021037245756859,29.398278012029593,4,0.07150203368088286,0.0,fall
1.9772835040377332,0.9094896422387752,3.1805301756126716,90.7095866322454,2.665324686857577,13.990739925467867,50,0.8595708657587724,1.2123335199177694,wandering
2.3766614666981942,2.9962509593342643,7.033045868883443,107.88251356274813,22.36896714782909,33.98735806275586,10,0.6738733017070793,0.2904831973546033,distress
1.015064778918346,0.18545771429282204,1.105794987746817,72.99835863353447,1.3649419811357175,-0.5312334924458666,0,0.07822101579086876,0.0,normal
2.5263779229170797,5.9577624403096845,24.276354946022817,100.34998916821135,14.515922578911571,31.94632398830597,4,0.06185191689825943,0.0,fall
1.520175563963423,0.7519501217205695,3.7248912848928004,82.27222452206546,5.313129990732298,11.239386745987083,43,0.8618848091093243,1.3753345881510866,wandering
3.5281280222422984,3.0262571853669735,9.19013963555179,101.71805814349473,13.307411024127811,15.470300038461065,7,0.6568722076469424,0.01889444287761699,distress
0.9492832734137622,0.26839999006945037,1.1643804974396907,67.67083810293121,1.7798922673671649,1.3791965227729763,7,0.13745512052820094,0.0,normal
2.382896671315621,3.5970519389805538,15.009309555443686,94.83303328477972,7.901630154965117,23.35863466766392,1,0.01607848634967386,0.0,fall
1.8220145961953471,1.3156324882474313,3.4808793066710546,89.2230812223317,3.7657581477165345,11.371991282231189,33,0.9906084576692208,1.0335695249753647,wandering
3.7848939429782673,3.24659988700092,7.009275008490086,122.11015758910543,20.91866960103646,18.199387716169745,13,0.3289373011667806,0.04129660771737276,distress
1.0740986785711772,0.16872225131784524,1.040039036763221,74.99431575627165,2.8333745452150803,0.14701015441887577,0,0.11159988459884868,0.0,normal
1.8966934790877166,4.8732265858497446,22.324416790579726,108.15839630043301,12.988832552515106,31.66060174835141,1,0.045001046977493686,0.0,fall
1.2920783245406957,1.1109789323428714,3.6210152880901583,94.14334798846575,5.3020171349010035,6.885189356932249,31,0.8111511225097091,1.2982455948803662,wandering
3.3643881173683248,3.1967499621117828,5.673617552810742,112.25856374010094,12.128417190718624,28.350945059923756,19,0.4772135990680435,0.3240428253689166,distress
0.9618528619163156,0.1672822785372331,1.29108378620555,68.16216986640885,2.724431267621959,1.7179861069129951,2,0.1978795425221955,0.0,normal
2.470728126572359,4.295312217105272,15.966168264474339,107.33901720423556,13.530662229806847,30.882854597266096,1,0.017519338824662566,0.0,fall
1.625459764465133,0.6818913997743158,3.8206311552354304,93.40258288594612,4.683526193950083,14.226643730465087,50,0.9420944586466866,1.3545347035732918,wandering
3.9758461157632974,2.1876424204730927,8.28748265140389,104.9182480268974,16.375681473534918,22.414318900915877,16,0.32014089360722503,0.0630927966492672,distress
1.0576147460403895,0.24321091157721852,1.2736797453927688,69.91174888151028,1.5444754613527656,1.0959000710273905,1,0.12877198254358915,0.0,normal
2.234789058216399,4.985102062682124,24.327983542081455,85.54905332330814,14.415664937117308,23.24720791874929,2,0.04697898135168384,0.0,fall
1.2806583341667954,1.4730723116269528,3.1116748916013712,82.48050225791697,3.5989546626716313,8.515177725395642,32,0.8137110712496962,1.0963195621101633,wandering
3.790718877175487,2.368198936417679,7.437778210710067,109.47121475139083,19.93328454713267,41.75313574262966,11,0.45796061141047595,0.27962157968748047,distress
1.0166618147734918,0.244050006550658,1.2037044458565547,71.6996200008327,2.366260832649271,0.9127480063776914,6,0.15218580495115963,0.0,normal
2.5778292846261257,5.143620418656107,15.49190296689442,105.4275882188973,9.925196567855235,30.67067213314447,3,0.08115573807323348,0.0,fall
1.2798871469513968,1.3922850309204575,2.4173971630976783,84.21824798328821,4.130918786064994,5.993108854168997,38,0.9778454153697548,1.4886321813871002,wandering
3.2589344547085064,4.612396868986645,8.883807007830088,110.28836360814073,11.337514100569285,25.097502870471605,12,0.5305984691151575,0.0041237135121750534,distress
1.0801954024182794,0.17167855908707824,1.2921147848562615,74.07509253894439,2.0584697997662316,0.8780332882368178,9,0.13161823789728086,0.0,normal
1.7026138154212782,4.439128359461232,20.684776827628095,109.96725762773032,6.567671700361125,26.048167185006996,0,0.09785518041138618,0.0,fall
1.5720148975028123,0.9124660200606536,2.187398764694461,94.73784866228031,4.473691473910161,5.613979903424994,55,0.9713828876380062,1.2499113167214433,wandering
3.1080730743510934,4.195734631005336,5.559417806944033,121.36135560580664,22.81676835185705,27.41543633667149,7,0.5532447972364101,0.38151530946654555,distress
0.9654221942536907,0.28555877370263427,1.325867171497894,67.35131388704026,1.969039304433695,-0.9389550330422076,5,0.17140864569847314,0.0,normal
1.7435556305111324,5.212787011992335,15.958601650027152,86.25328770843198,14.268716365174278,33.24393673101085,3,0.07024937263799956,0.0,fall
1.9963942386319873,0.9164059165817554,3.9054700914209715,87.25002002081644,3.804241186439266,5.406582008220241,48,0.9742915510971344,1.4205910455503048,wandering
2.413847782977915,2.1676136344683106,6.911909187420399,115.56913162877008,16.51217138460338,43.07382470418683,6,0.4941381336388778,0.3365535164122575,distress
0.9438168204304945,0.13790849124796095,1.3670352938539712,70.43371637687402,1.8884233978756713,-0.633394362474395,3,0.031160609941914875,0.0,normal
1.9257754093126633,4.182667857527921,20.497819215021174,105.68059427466036,6.4524812667837725,23.232962160015994,2,0.033266470503724145,0.0,fall
1.8849773842364717,1.196252455049757,3.5499107935352185,84.32830442317446,3.6038992959450007,8.947479960535606,34,0.8351962158058789,1.0110806268663313,wandering
3.8463690098180607,4.19261361225559,8.974274339034315,118.64425125280341,14.423468682166952,40.4813148682021,8,0.5333835895442857,0.22602360407964872,distress
1.0388294287527993,0.11347034748797578,1.1889448100769382,75.3479185682925,1.237395520390599,-0.8236620829780144,1,0.04777191160672023,0.0,normal
1.8900488338978847,3.430748932962397,20.298336888560122,95.55734301351082,13.726194853193062,27.31044010562979,3,0.0811426338472741,0.0,fall
1.5780487189555785,0.7177058016242646,2.3804948486967104,82.57030748992709,4.773099299845629,7.164591814646642,31,0.8396021685869429,1.2477672385693954,wandering
2.305347410891283,4.9772071838490834,9.829094872309382,118.83377627142382,11.212277655352826,42.75826620854531,6,0.6246402369672293,0.3083163843501733,distress
1.0145152215984223,0.19659915019674712,1.389552082596212,74.0391312774908,1.5936603469530677,-1.9883888992596481,0,0.19805777987517925,0.0,normal
2.4889397285808936,5.9344401403683325,22.390672953322355,89.50840727176595,10.741929615745029,26.348344021575755,1,0.03436654764423778,0.0,fall
1.6529705425532204,0.6942348857563868,3.7497115570534754,92.12260717146958,2.1394249242163865,12.794149153736795,48,0.9683456853341964,1.2050634097374375,wandering
3.6670542493380256,3.1174859194029088,8.30872180305122,104.77130953074341,21.364395488409798,18.0543777851824,14,0.6750446179757881,0.2428568862149485,distress
1.0422670660446514,0.22885605241176,1.2901249614633155,76.25233431573864,1.6853498198900607,-0.2618246059263343,0,0.04206378141070462,0.0,normal
1.622538696728326,4.868872087724666,24.56361588920899,93.71786451291817,7.465955938480677,31.730448207344743,4,0.03836931291106491,0.0,fall
1.5488021743000335,0.7450030457376643,3.4223121421497913,81.45872602654235,3.2573341410195353,11.93116725986647,33,0.8595894785371675,1.4526246335466053,wandering
2.9056437762645704,3.5199167372090105,9.98683537597179,118.31976300397264,20.169978044517208,35.4417788986219,7,0.4354989039038536,0.24679283958546416,distress
1.0931933550522548,0.24518513260566466,1.1929157358224844,68.23551287574276,2.3347282331133363,-1.2256678620826174,5,0.005032660786070831,0.0,normal
1.7106503847567882,4.16987029038606,18.36277711621782,93.6592505110602,12.95277377222164,30.420784441482287,0,0.09448427538518595,0.0,fall
1.8202316334400874,0.8695453331378512,2.273343495165108,84.57174526743154,4.7502104270400025,9.459222472172314,44,0.9610746492809139,1.2703293654373724,wandering
2.53480361456994,4.022478708375246,8.943067331439341,118.63863154559989,17.563040129185715,16.346578081489163,5,0.34162192689458803,0.32542580022492795,distress
1.039451252358339,0.24377983528346386,1.0014341022666762,75.48964346114835,2.1276808978924517,0.1515176170170922,9,0.18733957600560316,0.0,normal
2.123116828087351,4.183816204335834,21.050308001067958,90.56567867876637,10.742891305643276,25.814882061029223,1,0.018140822751260312,0.0,fall
1.5501212050225595,0.979448168599324,2.4193805233654433,80.4333882455505,4.911048456544723,5.827707309138973,34,0.9169169828959475,1.4197637188402132,wandering
3.629196191976949,3.356263846687217,5.030722543855986,113.27456205348275,24.368116915917398,37.23699447031513,16,0.379534480063352,0.4526766821160163,distress
0.9604121511924579,0.2861303945211947,1.1706634065678392,72.7662030826894,2.663458033931339,-0.09089532872079387,7,0.11133118755689296,0.0,normal
2.627319742379471,5.259157822197222,22.475176127367593,98.9722539367069,10.620587304287081,23.29049667715588,2,0.04734208364645686,0.0,fall
1.5788449792322763,1.3605383907607207,2.0159269062749514,93.5647864323523,2.754701213389413,11.481806404392106,33,0.861299415724529,1.1198047901376853,wandering
2.0474042358907965,4.219335220997994,8.465364132938399,128.71384281984658,23.169177530948247,18.377651385149793,9,0.48727592623793714,0.058663786116184224,distress
0.9426911141776824,0.22583311688464697,1.3956329719688199,72.42873123828267,2.3285667222013267,-0.5562643879073144,3,0.09326271576643341,0.0,normal
2.8788601147682362,3.5301612358485572,16.16681871745411,90.43689419604067,7.411496378651227,34.76231752047948,2,0.038532544754507625,0.0,fall
1.9585788885581663,1.4169902602975468,2.8698592444827753,86.39594152484155,4.429373540300638,5.442518513151916,47,0.8592390962787209,1.0006834682046502,wandering
3.3963003441962067,4.754384870353386,8.995108503179829,123.38737385991668,13.235920789568134,43.597422427941225,12,0.36992285468501335,0.21297469106146527,distress
1.0356619622121042,0.11905130173418367,1.335881986667763,74.1080110014251,2.0423685614114433,1.4919740158989545,8,0.07782564043002904,0.0,normal
2.6891140723827354,3.1090227606018463,23.348250577464377,94.05706404863297,10.905991121541277,26.276449169011613,0,0.07332224035524218,0.0,fall
1.3455303959734557,1.1351307578427925,3.628179485035743,87.77905204954179,4.505531291145768,11.836922349671681,36,0.8080670594774702,1.4952383747618705,wandering
3.181129475335166,2.7741127225493276,5.8417410161925085,127.405095690988,22.138709870878003,41.03724392707319,17,0.3847212053655764,0.21200551667551648,distress
1.0045567259316384,0.06025695148910544,1.4814678108685544,74.31823824559342,2.1489568847690386,0.18408432505213135,0,0.0014478578234125461,0.0,normal
2.106727361109063,3.4450995281591803,17.788055678047147,105.30167753419371,8.493877926399165,24.4481431269517,2,0.02664219619801461,0.0,fall
1.5403022380267273,1.4069194934324685,2.085829691274734,82.26571846001679,5.680189969706779,14.258234246964252,33,0.8057082299443079,1.3582913489435118,wandering
3.9912502299142085,3.236422625537566,5.6471670669780485,104.63394475273637,10.927995866195468,37.0962102027994,18,0.35331514685936277,0.38641359127836766,distress
1.000899002635411,0.18009724401988142,1.175734097354258,69.62029858405543,2.561324266872867,-1.268827364408533,9,0.13583701858118022,0.0,normal
2.5421021682768634,4.315139438165099,22.86655146701849,108.48646861291172,5.856975659630606,26.430540398883203,1,0.015876673226348993,0.0,fall
1.6746218818953547,1.3014078796466397,3.6456630651835713,92.15323953014075,5.209193966862328,5.464285945825163,30,0.8753601622738726,1.08672837152936,wandering
2.05975219810094,4.2866531332916,8.167145038201138,107.18299184057616,12.554381805262574,38.41733947677836,13,0.42986715558355404,0.005461832113272003,distress
1.057074524031211,0.2619873652598079,1.0939360660351987,67.45563229878663,1.3908483221539087,-0.9890248422184631,0,0.06071317065322157,0.0,normal
2.582929425404518,3.45474020070826,21.744127359151104,99.09211930786063,7.042212009654357,31.43660550262001,1,0.016488772014798425,0.0,fall
1.2712912472563553,0.9842983408958866,2.7658247977357444,90.54134918170143,2.381938717703553,14.945847347354157,33,0.9859141389491569,1.473681549045438,wandering
2.949634037137474,3.0080123098982368,9.507403000692356,106.49595875825723,12.958169734732365,25.49623751962732,14,0.645392631550318,0.42531337973110545,distress
0.9185506476503527,0.23286355225517813,1.1653819711117532,69.29884982990417,1.0754392830616972,-0.02422802392278589,0,0.1937773232507125,0.0,normal
2.6440393357256453,5.855835086556379,20.2673948056882,106.79571061200657,13.131263241431096,24.723050909954335,0,0.0049466348762261195,0.0,fall
1.533968487499215,1.0964130458271488,3.7392472752775614,93.09852840524155,3.9805849238954627,5.605868427650645,52,0.8130486050398911,1.0442329278723697,wandering
2.192432896282189,4.246762180546834,8.41084139514929,107.10351540235939,15.499050371013523,20.209354580969123,5,0.40861244591445367,0.1622199935380652,distress
1.0240167154581397,0.26058717380369495,1.4870007812238892,71.80669972368253,1.3629090909582704,-0.10347707268694784,5,0.09649663670571494,0.0,normal
2.6082396307931237,5.812343684508909,18.494314250255403,91.48694259365939,6.883701221148862,20.33621528034972,4,0.09460273264274804,0.0,fall
1.7609757395486532,0.6732186540847804,3.3545881191335365,85.79031894006468,4.1926059528969475,11.016489421171276,59,0.9637341907497843,1.1669075508093747,wandering
2.000670988863624,2.980625029379742,5.36245425561673,113.11288333565102,21.82521792031904,39.85008854594841,16,0.453279865195147,0.28309040405355496,distress
1.0823513818886477,0.13135864225502958,1.343017949293422,75.03502903638804,1.7880050004045518,0.8660758460234446,0,0.19325553460912148,0.0,normal
2.325983163755194,3.764789753064232,19.75291695517449,89.693851378533,13.662296803393874,20.79763405507996,4,0.032953343030287255,0.0,fall
1.6317428494195094,0.6443864569576442,2.0658898889015456,93.92409825248633,4.0886121371736195,12.265570979339554,55,0.9248995240678993,1.196055616761279,wandering
3.6549539420785724,4.36195538492993,9.639607126342637,109.46926712037688,11.363240079546465,32.1099540256061,16,0.3027840773521321,0.2806117242472153,distress
1.0168816510793752,0.11114832351196195,1.2048060244681058,72.85992030269917,2.084405922422211,1.2560331620637006,6,0.18316354039178578,0.0,normal
1.620571120408369,5.05978244921628,17.267625483812548,98.57679984685709,8.93857988123165,29.25506521143747,3,0.0909658563291853,0.0,fall
1.380479865275657,1.2536280725376148,2.7716341803417404,88.74247798997557,5.222246567677827,6.014598894192193,44,0.9171979565249369,1.3231663230057962,wandering
3.294748595693293,2.6058173886635942,9.90088335217804,104.38490726580979,19.344901232161888,15.749451342468284,7,0.33032841963639026,0.09228875127761288,distress
0.9884525522357384,0.11615269251103523,1.2363828565537314,72.61083715440567,1.4875459690129365,0.4599599131774732,9,0.04005312780587229,0.0,normal
2.0215261534414948,3.979818215652587,24.740269801603482,98.59385289886215,5.549534394740483,28.069029187959465,4,0.05661460874335705,0.0,fall
1.2358186736412737,1.4261062657703074,3.787441344164942,86.7272886230732,4.7812986005842495,6.899100750922145,36,0.9420830836033416,1.2324696408069138,wandering
3.757183973080222,4.345584107574988,5.129387607772787,108.58070489495148,12.006819159515636,25.774083245997215,17,0.6325474405804228,0.39865394416782485,distress
0.9815750517181508,0.09535267037856483,1.164887607432921,69.58946291473659,1.363313059919309,-0.8515882069191631,6,0.101721457388093,0.0,normal
2.3817532923301035,4.623186924668219,15.181813213621517,109.6583167751226,13.073296963685186,34.960749786823605,4,0.04225243785148324,0.0,fall
1.7503024910217806,0.8536178270674705,3.02805941997615,82.45260486200547,2.475255923682924,8.699410181540825,37,0.839299333349148,1.4403121164377402,wandering
2.010431790954966,3.2130877395276665,8.633934099389347,111.35926055304992,11.16896918251161,29.263238228284422,11,0.46581726234841236,0.37179497202013606,distress
0.9741214646424988,0.14113833913655915,1.3657563868524725,69.2131702267602,2.2306009235171693,0.8077263036805187,2,0.19633073489367256,0.0,normal
2.415669918413505,3.944419010865441,24.53948522433347,101.56995878270008,11.170896817505973,26.00390972389231,3,0.04143099172605037,0.0,fall
1.7401067074516154,0.5873820166747432,3.8375936617735746,91.31937566366918,5.170787585975294,8.243955324835927,37,0.9878853049572245,1.2978343126046263,wandering
2.6046863692466817,4.698328785657674,8.273165058730648,120.91167068013405,20.676386586741973,38.39110533140521,9,0.33299827934616694,0.12443702182691141,distress
0.9035366951091214,0.09944082776674491,1.0999965477436793,70.35943160421652,1.4280724430259786,1.1060084285166805,9,0.19737171131549716,0.0,normal
2.5281108143656246,3.7816040487490095,16.144849475474008,90.11740741621837,14.457233329524893,29.254973305941327,2,0.06396085851684125,0.0,fall
1.4201172096116443,1.0329416676769037,2.761272612493092,93.0543039477288,3.568570320222821,11.348887922822328,35,0.9180894210102801,1.171701051450006,wandering
2.4821706874830562,3.738599985214206,7.157749785586773,117.7239388645783,15.371733619056002,33.448808325466445,19,0.5360346821279283,0.1291865337806608,distress
0.9438521993605672,0.08693247372265074,1.1206121383944851,71.32030573891456,1.9194492812743038,-0.6553768682555514,1,0.1552699779722938,0.0,normal
1.9888938917416579,4.640468353989126,17.471242761747387,93.58828451687029,10.90447480681365,30.292928351412833,1,0.031056453961435117,0.0,fall
1.5167921388479215,1.216042675661548,2.016316866557686,84.01683034493801,3.0729867084918294,8.29366184632994,52,0.9350324361025977,1.132944230321704,wandering
3.144478064916041,2.47630173635352,5.476223905421758,112.19704229307777,13.506461841021597,30.898487981881665,19,0.31476259118394834,0.04800728638663915,distress
0.9908782154475655,0.29470367804876785,1.2722264568983261,73.40831120281257,1.972647403345051,0.9783240580500285,0,0.04500114907365811,0.0,normal
1.8864796741153818,3.496509488916442,24.809637677995763,96.18709152748391,6.612068894065973,20.628981560488942,1,0.0196523810192221,0.0,fall
1.4429361262883977,0.8243082671080735,3.6028686541216572,92.7185499124844,2.6459760776040206,12.758855988338745,38,0.9686219074116791,1.4871266804335361,wandering
2.9930803608220113,3.6032611950175224,6.497208378784934,106.46790788198098,10.988416388669016,32.02706962453999,7,0.3995089758798505,0.4833598965186516,distress
1.0121539803192818,0.08314217176602663,1.2528694402115956,72.73910181514887,1.2401205914804028,-1.0297291916435585,6,0.14882301904878442,0.0,normal
2.5998751415906978,5.257523644552673,17.576149495967957,91.30599209692106,11.97503730348134,20.692553544707483,3,0.04831323308685062,0.0,fall
1.299395060642693,1.264210541766701,3.7103677379499427,93.35633952116942,2.32990543078125,9.288856065143337,57,0.9876389573540448,1.0471152322455368,wandering
2.61932651752796,3.416503347339123,5.430994059924948,106.54672786071662,11.949492511970668,21.09958626035489,18,0.48405856414289095,0.06437431763828971,distress
1.0675073820010395,0.06061666496706673,1.3053520983602815,70.7185749297906,1.2331208688785174,0.5021629671731245,9,0.080276623596372,0.0,normal
2.5435958373746264,4.685532223809103,18.563516516145462,100.3516185204484,10.165042886474374,34.71309927700173,1,0.0384219256530037,0.0,fall
1.6687286159045023,1.473611886469334,3.9011564119052995,94.9046311263371,2.0840564332722264,14.254306333442617,48,0.8347859134167415,1.098796280369466,wandering
3.8517186403080803,4.435511797526194,8.878279561375361,109.60463309300994,17.99361467335124,19.99267737198113,16,0.5722199515155889,0.11667098152145067,distress
0.9168326373590056,0.26254285908745556,1.3136501872565571,67.78106156040265,2.1517282963270254,-1.80380188321466,3,0.1384302655826764,0.0,normal
2.2291248409830926,4.608688117255452,24.524806058168377,108.66224134657398,5.266500105413701,20.824997435207397,3,0.03330998898160396,0.0,fall
1.21418355737002,0.535187076904727,3.981041810757093,81.5368264261639,5.377457356656321,11.657850070200354,30,0.930458486262362,1.0360526216068768,wandering
3.207745372651254,4.044684487837388,8.370683015462294,126.40823751731442,22.142638489904616,36.95626096035855,15,0.5845017550957072,0.33410782490960805,distress
0.9359948921053846,0.1456134238949044,1.3372536202879395,68.64372811357906,2.9365147931502182,1.167668101425078,3,0.06945598969364426,0.0,normal
1.5044163166513393,3.4533194680577175,19.85443317020458,86.47602300293181,9.406530182356045,24.858488824018654,4,0.01756836721531858,0.0,fall
1.4172055595425879,0.6514358012606971,3.475177215375937,81.01603957522411,3.774326203041077,7.119495618803996,43,0.880114261595132,1.294051084989842,wandering
3.7269722135619876,3.0589471375580866,7.625672104882215,113.06675377368207,11.76279913663321,32.11305739934963,9,0.4644614444503727,0.41733438698019265,distress
1.0552593091413391,0.20097873308474268,1.240101988303948,67.52376343919506,2.0961339619337807,-1.8484875120280595,9,0.1328550346744052,0.0,normal
2.4386883559241124,3.789099142584905,19.628511850741575,89.78315124068122,10.168779274574632,33.216471187091514,4,0.014423704149745677,0.0,fall
1.7787983241282992,1.1591802155555084,2.601114316839126,82.26409671277226,4.3333973047855086,9.211132320820337,36,0.9656284769509926,1.2976579622046465,wandering
2.947529995105184,4.125380270164615,5.0312296139722354,123.79330823098728,10.823639197764082,37.6961501549933,7,0.5845877709308624,0.1355782883975492,distress
1.033294015458226,0.1727285793059835,1.3095265913513203,75.604193065893,2.155761712117803,0.2883792162461436,4,0.17452833577668989,0.0,normal
2.267454241019911,4.707530205828034,20.414952727127172,109.99803380690116,10.971663313808538,31.313943050218843,2,0.014554159350437823,0.0,fall
1.6273158383260022,0.5362256239186443,2.812046745118625,91.62432964793275,4.90747078043894,14.812030567401006,57,0.8470659641610754,1.2739752082263873,wandering
2.6444876362907173,4.254427430321094,9.480642675542821,121.71915526554912,12.855865434807779,42.749314194257806,11,0.6463665912737685,0.20257859986059257,distress
1.074122448435759,0.22037868670909627,1.163381315871969,70.75424727730811,2.823915080745628,-0.3308048957436158,9,0.06384137658523491,0.0,normal
2.2880868845607996,4.010005481349797,20.804402825668664,94.20869052391137,11.405102846832916,24.314272873648633,3,0.08311019713346905,0.0,fall
1.873221262782896,0.5705519293821617,3.0923445523192274,81.4041402834749,3.2006595023890565,8.883355205771537,46,0.852286638580785,1.2125240285290426,wandering
2.477881918256836,4.870551770866054,5.444190460549344,127.52769063665664,20.450400169143734,39.95036209670543,10,0.4420961205241466,0.3645605992827063,distress
1.0666240552616273,0.05684157993998569,1.198539522540466,74.25750512531202,2.6310516048033126,-1.1250656410543725,6,0.19154701690786854,0.0,normal
2.0273925539852096,3.901076358737857,16.807058109655607,102.82674018946418,9.033408111803697,28.339805815448354,0,0.005203853420426907,0.0,fall
1.9836488493564053,1.3031502071324792,2.3347144752163267,85.82316103927947,4.641221962777471,13.349612944224274,37,0.9273217133053514,1.1895009726930539,wandering
2.564305642067233,4.386766486901436,5.0909267833168395,113.03435239708733,11.223784235836158,22.40097856190826,12,0.32527488594787163,0.17103473792454027,distress
1.0269998291267366,0.2398452175841096,1.0214681636110094,76.76151886835729,1.9947017557143567,1.8656220615776857,2,0.08512702508164467,0.0,normal
1.536589482615485,3.5743302946697133,16.864340990895194,97.28153964776536,9.912145264733073,20.748012868446384,2,0.04620995547540612,0.0,fall
1.2398262326043357,0.8801210250158835,2.6192649461317625,85.8317493339369,3.1063357432380783,6.920247138671481,55,0.9341310670679481,1.0862539275886385,wandering
3.4055841456723983,2.6377106818713654,6.639865266160452,120.82852381623412,12.38573191885569,23.25131029330509,8,0.3598341580771298,0.150165720043559,distress
0.956096975728233,0.20669273540366562,1.0521839794964742,76.04870389403666,2.0213205297391905,1.8149333354455863,6,0.15054606921227787,0.0,normal
2.1390679990826786,5.898737689448438,17.516944182952436,107.5154072482966,11.858696549253134,22.56706569179146,2,0.018199813142104292,0.0,fall
1.6241999175089021,0.5833628481030771,3.650401864872583,90.49637167269367,4.740880286778927,7.08229878423278,48,0.8821921041624947,1.033875225294913,wandering
2.8619000110564783,4.0845778684946294,9.217591121575884,119.83664312447954,18.150696977049243,27.4011438120297,13,0.6333875221624327,0.4844240247285328,distress
1.0083229920958678,0.2741150573165629,1.3064949392259806,67.06615387844116,2.828918513481376,-0.11924027433575501,2,0.146582317868414,0.0,normal
1.5142131489717492,4.809803232012817,19.488805107402126,100.01667032252345,9.160701248310595,34.53265780975542,2,0.09864309177971842,0.0,fall
1.6574736993051007,0.7932349393309434,3.4819215555885057,92.85488673996714,5.0456778078668965,12.055365620790475,59,0.8422704205996302,1.237965325516499,wandering
2.7824786869867695,4.9304409521289285,9.645453805723971,105.66246871016118,14.191870371820754,15.062128921814843,7,0.627660737793982,0.15100764028302494,distress
0.9894608594389076,0.25500204985155467,1.3437062319460316,68.06512857518089,1.5098479347073734,-1.100833845225734,1,0.08298349754846918,0.0,normal
2.594555609481716,3.1435510888577047,16.23506057834516,93.99054716312997,14.405352106617608,24.523641023910436,2,0.006960800970781356,0.0,fall
1.294274698000545,1.2285736952446835,3.1603162837909164,88.63948088991349,3.1250542987594083,12.08046999756113,33,0.9796065556573251,1.4602705826760378,wandering
3.7701922448062533,2.128116298265662,8.862216004609039,115.58817920334161,10.50790379080724,31.37677292855784,10,0.6704339973447543,0.004054949957072396,distress
1.0031268636274764,0.2880135551031996,1.467037559045317,69.18015428844805,2.9502967903143036,0.9519377066998556,4,0.11937205745472526,0.0,normal
1.6392678440614419,5.320378516213647,16.444714392930777,98.49812962380851,11.327399160525802,30.325183794492737,1,0.08311745006459974,0.0,fall
1.3253895881493154,1.390789252625042,2.9714955408145753,82.53586034590856,2.6963083576488702,14.635854327994478,52,0.8737813809250267,1.324608386654322,wandering
2.6126752936926163,3.3863999104826576,6.701661799440849,113.84116122128684,22.642335309468034,42.449053733162856,19,0.5769054616628236,0.498171809790774,distress
0.9794579228875089,0.159730470540156,1.0289596258505336,71.65966310317975,1.0524433845337646,-1.4817091150828698,4,0.14217782238809654,0.0,normal
1.5088993983133556,4.437952640150857,15.397234738539899,94.64240464814952,12.764370121253698,24.44643392986511,3,0.009119603040595193,0.0,fall
1.5483154114942475,0.8933977397430749,2.208836240879134,83.16490918836118,4.308426650414731,13.664193012746836,30,0.8064041795632878,1.0233161584205748,wandering
2.8127800426177973,2.2205825673807023,7.017983870261519,115.54360291380551,17.721675182249207,30.4949761446007,14,0.6523864571195547,0.3954543882524697,distress
0.955571290494572,0.207424539586345,1.1423609879172152,76.4933666668098,1.7480319517807519,-1.833261757440133,5,0.014646721014022757,0.0,normal
2.318164948978029,5.828585031764732,22.774451066633528,109.19257117452838,11.672609625475939,32.80748898954171,3,0.01595992442310622,0.0,fall
1.2575833613186251,1.1917450007560701,3.29118345056931,89.86572876453334,2.8142460333094586,11.508646451675594,40,0.9945405744841399,1.1442648757389728,wandering
2.4036168770993402,4.608911505244617,8.905339197408392,106.58869237719883,21.61934134380475,40.194100168502686,17,0.5630931661134009,0.3106000834951299,distress
1.0447177792112359,0.23707266375481756,1.0395529201896583,74.31425394987328,2.5210839822471716,0.9911435823830357,0,0.04858950745958279,0.0,normal
1.9589861699044024,3.850135898844316,18.83404173600402,102.02894939770854,10.986462835238255,32.60964828316608,1,0.041350902111641545,0.0,fall
1.2447720995211948,0.5530271143112822,3.827479028999008,92.93480946610691,3.4334901437578593,5.6352458690897755,34,0.8544397777734811,1.3665813815069054,wandering
3.01045381413158,4.540825828573896,8.062859624054306,124.40059652769683,21.871730141018595,36.81456001431624,8,0.5489530656116794,0.4340953298196991,distress
0.9101792802470371,0.07781009168604507,1.3697536808276851,70.1872895538203,1.1950919792390893,1.8672376533665958,5,0.005533951380905489,0.0,normal
2.117804707706231,5.83243394150189,21.332524724718823,109.52262219292155,11.116010586374799,20.17135853410438,1,0.020266134457663423,0.0,fall
1.9501109194757507,1.1648094770231465,3.7275486153882382,80.82402113095434,5.560906718978572,9.516995173582021,53,0.9814346261888293,1.0825282319408271,wandering
3.4922828474990455,3.3054027959552053,8.727367110724499,119.40787923467433,13.399032671182637,26.954427332658483,11,0.5691136436312227,0.10246487833613216,distress
0.97794802190846,0.18278156185270705,1.0770060995083932,68.5735319434505,2.591694304509492,-0.005812040310427591,2,0.11322750392535606,0.0,normal
2.989789587867292,5.186667880728754,21.54535871602505,102.21901158770399,8.99937393310158,28.025715631020475,3,0.0012891433289623612,0.0,fall
1.689765091317393,0.9365348300769369,2.603618989958014,85.49400224326334,2.484460509267469,7.255619523990049,40,0.8205818475519545,1.224765836415156,wandering
2.616852647958095,4.834174461559826,5.263901545707709,117.1536388757836,15.76985828406532,34.94657763487273,13,0.6395038497023433,0.33804246006728267,distress
1.0698720932199415,0.10976354167799603,1.210413480578942,68.51028448831866,2.5467276272579022,-1.3983577088618335,7,0.03306537683888029,0.0,normal
2.845291690489267,4.966578991317753,15.044315722282128,102.80548240266864,7.845456412247389,20.149687987041254,1,0.006606268482945311,0.0,fall
1.8514401790235848,1.3861782351369025,3.3961674910000914,84.98924299127566,5.567221284677547,14.838051265284731,42,0.9444248717408092,1.235709123193908,wandering
3.1537366110079272,3.350529221604137,9.432614900011611,101.78560509922502,11.681233847404851,15.970311120819694,9,0.5629161345879921,0.13908086839261985,distress
0.9031952954021998,0.14667287679385332,1.305676728047552,71.37728265991937,2.99019133391686,-1.5576031087525348,6,0.16280810469476098,0.0,normal
1.8217108013999934,3.921575219738271,15.898003804783889,100.0238620147122,7.461981904502889,33.823343811656756,3,0.09645528159744471,0.0,fall
1.2599646014456047,1.1353811099450697,3.213908636684593,93.44039959142758,5.493730369700336,9.76806366406138,41,0.8471068462435967,1.405947403462963,wandering
2.6705954207866096,4.812741887369591,6.017218694225431,105.75301272948178,17.061703820299194,34.17116858012797,14,0.3514534645888226,0.2935110407187314,distress
1.0643903460216624,0.15828029953440742,1.4862344362669297,68.27647576094431,2.5213447873233954,-0.9692576824419712,5,0.049376521055463335,0.0,normal
2.9201433640517065,5.534462477128251,23.529393718148878,87.58618817017168,12.917429597901062,22.393630794902883,3,0.0032172078657068284,0.0,fall
1.8794058194671568,0.8435570106589169,3.4932040721696875,83.58823335502531,3.1817338167216356,12.295573861351592,44,0.8182115408546164,1.09935955036428,wandering
3.7443328095371133,3.546478737102707,6.746279175337768,111.82901734780012,19.921251657223483,42.743865755903734,19,0.30161044757473593,0.4441385313511132,distress
1.0437716191944997,0.2786208387569803,1.296860055543817,67.1002538851837,1.0263329476585845,1.343147073385548,2,0.14747289404501032,0.0,normal
1.596505069006335,5.35917705170714,20.45651789536116,102.13101351745065,11.532166451989545,20.353987313212183,0,0.041143745390620094,0.0,fall
1.8922119666718775,0.7769406675173156,2.235521437583686,85.57826550318458,4.746759537208366,14.883255612142047,59,0.9980532488954363,1.2454095582200124,wandering
2.851693499847584,3.363506913483146,9.652131705377052,121.18143722833598,17.6031278038067,35.48438512370525,15,0.31617076878420836,0.08636313224239806,distress
0.9942521114683619,0.19935285538715408,1.013682430679461,70.35305496171443,2.7103349227685305,-0.8994442080574423,1,0.14440213569542076,0.0,normal
2.5585272928933414,5.51940313553844,23.37117632323852,94.91537228074229,6.453565424043283,30.7386834513877,3,0.032154920916494224,0.0,fall
1.5852689404981255,1.0464368052650188,2.5522077410397106,88.43828513259311,3.0089371997269336,13.846077552560473,37,0.9045865298589051,1.0050395200227549,wandering
3.7334499591045116,3.2738152869935337,6.507025043648003,101.95294251391692,11.816712375863847,29.67259486486211,16,0.49896049600275655,0.39764975894387616,distress
0.9963777700956771,0.22105072071276782,1.4864254310965812,70.63243222157378,1.062216510876278,0.23157796126665042,8,0.11790828877833513,0.0,normal
2.4397582185531603,4.35648551565029,16.818760755284174,87.94987270815798,8.843653136482981,31.297195758686776,4,0.08512228646121262,0.0,fall
1.762021218368516,0.7479995993514869,3.6774509806170244,87.86133093128274,2.995155795002249,6.083049302854037,44,0.9793975426603342,1.1650966632730853,wandering
3.605559406247723,3.7629881089179316,5.090539233761489,120.55953587899674,10.18961658257779,34.32073916849911,8,0.6416657613538171,0.3852404485207695,distress
0.9817032851840402,0.263284884912154,1.1061132492378478,70.19725069936865,1.6011532672483177,-0.55213355353454,5,0.16889636935955654,0.0,normal
1.8364042657300934,3.406253137980202,15.35887296583376,109.78007690909146,11.822989780382837,26.473188402169516,2,0.05595797959161303,0.0,fall
1.299705064967973,0.8997843170792366,3.393085487831329,93.61307763052523,4.400534512430239,6.8968568018486085,37,0.9775696763096805,1.1607769466287976,wandering
2.702260132601959,3.756109889781069,6.704291665802877,103.09978006641526,14.99130377763654,28.19078776073502,11,0.6965579496492382,0.1940237066191044,distress
0.9127025528755363,0.16482936326145808,1.3012701962712157,70.4742965639592,1.0607855026943491,0.39259675030429575,9,0.09126636362706797,0.0,normal
2.5103060563366206,3.0803725133857736,20.214544117464463,85.16217187036565,13.004128474064698,24.705296450324713,2,0.006871063106670916,0.0,fall
1.4685125961214396,1.440513269747798,2.3240909774082175,83.7710328908095,4.495128190393405,10.429187108311293,34,0.9874459781745829,1.4472806691718527,wandering
3.277747028649804,3.1314094807922337,5.047689090343347,105.79260658932334,18.509397475090672,18.722837819871252,8,0.5030934263303171,0.2741384320747043,distress
1.0686117739989434,0.20534006199839366,1.4217607098282081,76.85233592685353,2.36715963517703,0.7334363568910316,0,0.04553989972364887,0.0,normal
1.7515138517388977,3.8758258067089044,20.748343105772364,85.3788446539826,7.255462929541279,22.916377649866615,3,0.08015472344339813,0.0,fall
1.8801444099398628,0.9029400071542987,3.2307956755219287,89.66620958493553,4.139375931211159,7.628423749635093,40,0.9201147165102789,1.3119911787465859,wandering
2.155936962950056,2.359330977587563,6.953873197305972,114.67492220976138,13.472052338178681,20.336685720609637,8,0.39541131694628484,0.12282734795741679,distress
1.0450164817422218,0.21244150315556232,1.4945557650708645,68.66311065837337,1.3977995692303786,0.8872819312563367,8,0.18020338635280386,0.0,normal
2.1111350561871536,5.11906451648423,18.266898779716843,102.93190207782065,6.495239025969766,34.843194281013,1,0.00899101534008805,0.0,fall
1.7700881247274036,0.900089304120092,3.882011739149979,86.51881083227887,3.731463996900604,10.281350621801526,48,0.9107517278661168,1.1898606504444555,wandering
2.3077497758928187,3.033468405344314,7.993707138977108,118.88013044095473,12.177897500803065,24.30681169719275,12,0.5916610835774139,0.3155731896005679,distress
0.9644311773961777,0.07379154826282495,1.470084167864118,67.59053874632751,2.2945850678792237,-1.73834183560147,9,0.04645386636325921,0.0,normal
2.157589743457263,5.820109535781336,16.209204624303425,107.32754028463238,5.012111256259033,32.580214541589974,0,0.09058198036023339,0.0,fall
1.2901464314232436,1.2792575813779825,2.1106950864981124,84.44591562774693,4.66160129952088,5.160985236888406,35,0.9382030018110643,1.4564716380355152,wandering
3.063608683804062,3.9025026722205953,5.782037265670185,108.13430305430934,22.991134964159986,30.790995744379913,11,0.6777785346189921,0.4309057007949062,distress
0.9150784533002062,0.11949657707700838,1.2090254529944555,70.23509639155921,2.255269923033378,1.9985644060414387,3,0.19906055211080168,0.0,normal
2.0233700649621986,3.1412011064884027,17.325245852471372,95.81200545205436,8.405913746649235,34.63363265138611,4,0.0910119294253176,0.0,fall
1.438820957638809,0.6567444908214674,3.8053250536312593,83.85419798899214,2.3890472314055025,14.648933777817302,32,0.9982508422111918,1.0058878062837862,wandering
2.332470637096889,2.3529517227467065,8.34830705420969,127.1956557066342,14.010419016686821,20.68607354905736,7,0.46113999044440557,0.362957932885476,distress
1.0321313197063253,0.16398160189302702,1.0007554028553403,70.74422747637674,1.530222007039767,1.8872857208005818,6,0.13432946885863206,0.0,normal
2.6657993366365784,3.695468256979778,16.700728381098482,92.20135810110482,5.621992523475276,34.881206606892704,1,0.06914234664789656,0.0,fall
1.3794956884806018,1.3476886650889022,2.7404704577492445,93.3526203278321,5.844761403714045,8.36585732436476,35,0.8561282507752869,1.2829667480947897,wandering
3.1519222420778052,2.06664217063905,8.553252095570802,117.83293262410169,24.63665374755802,43.089217603877934,12,0.6205435199830989,0.24602300047265535,distress
0.9895911817795069,0.22623799542978829,1.1626270132437875,69.74476021774836,1.7495659678913449,0.3774158946170938,9,0.0937017040297089,0.0,normal
2.4895439220813764,5.801701457517304,18.128042704237593,94.23947177529391,8.004224364734878,21.23712292842291,0,0.030346145930409962,0.0,fall
1.5728647095324095,1.0823819314437775,2.88479718055208,80.8681773533276,4.062899773323143,7.727009406174775,38,0.8515351013089889,1.0927130056866954,wandering
2.77802098318778,4.755274491698669,5.103927734987242,118.94992534327187,12.36926265762424,29.141429262677967,13,0.4868474018181159,0.3031050809046264,distress
1.0362531702623778,0.2215665061680615,1.1779837233720616,74.18034970409144,1.3151461498932244,0.35787142133719607,1,0.198731800981653,0.0,normal
2.0300904731626943,4.597939778540892,23.12240867096967,85.96951316687448,13.20664170245804,33.78464687388397,1,0.0649392538486563,0.0,fall
1.5810664843709077,1.0927108962871959,3.73962315510968,85.69425188728574,4.44102473357399,10.225730213240185,52,0.8638978744065355,1.4803967359755537,wandering
3.893223111029683,4.286964212407687,7.780599975284545,109.73113019640954,14.548825691522408,26.038157957202607,12,0.4035453264627804,0.4492729263987158,distress
1.077789977014832,0.15002033034745887,1.2166348347737053,70.06355470142944,1.588265115485298,-1.721076529502899,0,0.05763343173673803,0.0,normal
2.517744239611819,5.427067010990283,20.384157814805505,90.1806708370446,14.174825760696592,28.239569880958772,1,0.014260767412900789,0.0,fall
1.388867698118885,0.7587847818816612,3.704560539115609,82.6112468601368,5.7584610289303475,14.514317723538337,59,0.9792741767356581,1.0495495800869814,wandering
2.7595134899098857,3.9812655014327514,7.829971432782857,120.27334052611906,19.8005721316624,44.12429740008194,11,0.6838039196835154,0.13147795827329367,distress
0.9104665414080211,0.0939821342551294,1.2023159818116702,72.38947677260427,2.9886947256789194,-1.2767625167553134,8,0.14053001280584973,0.0,normal
2.0073853997261804,3.8988816103668196,23.814646064686404,91.50836063881619,8.75990843670678,28.199856402286343,1,0.0978221604549368,0.0,fall
1.3884189750105782,1.1939271449917295,2.6834434733237407,87.88693787724276,5.864782831157408,14.06005698144927,35,0.8984055041900023,1.1505248090591567,wandering
3.043420368616019,4.467899004406078,8.775487384067196,123.34665468782536,20.640057511458615,19.14918412962976,13,0.6203719658292004,0.17222696752698452,distress
1.0007259953777659,0.26586693696440267,1.3936369560852695,71.32843003703401,1.0038175464316246,0.7172848656787734,8,0.16722004925992645,0.0,normal
2.2168138410022005,3.9065249790630743,22.7132017839779,101.58999893303613,12.34880301817716,21.436013667820312,2,0.06759123323625188,0.0,fall
1.5397172570961641,1.4451004298576662,3.75875235465829,89.2643470637331,4.783805713632968,11.269466281225988,37,0.8158541367884685,1.3428403183587714,wandering
3.589458471354556,4.326687873345451,6.023177310234537,102.92373917629185,18.559857934863558,16.975466402673696,7,0.3532730531929538,0.2717540344750256,distress
0.9326626083458458,0.05042005640307591,1.4275953372066064,76.15341948697078,2.714181495665731,-0.08477368073125824,3,0.1337128389492881,0.0,normal
2.1729997959161294,3.597897841692862,21.958881622433672,104.94817243620716,6.655299817972936,24.829359142078594,4,0.05943202454063025,0.0,fall
1.9374059915336934,0.5834767741852845,2.7350832750237215,91.72743676275371,4.760462373102366,8.596579519105216,54,0.9867114295804571,1.0767693126341475,wandering
3.0051810581421674,4.417490844706322,8.944567814830213,101.38704870708024,18.199731192988565,20.800470657325736,18,0.6699403536828196,0.35051491930663914,distress
0.9943355291837944,0.25001433224629144,1.0606107604966688,73.37342418099465,1.984287727784615,1.3681935512783294,9,0.004986503295173539,0.0,normal
2.839678010895201,4.568906339855946,22.487552431935928,86.78767745442168,9.097177451238645,22.455630725240947,4,0.07074122712954944,0.0,fall
1.2642792273915882,0.5530031236968012,2.5597189605774604,84.77191321481271,3.2458843043242513,8.288171170145771,54,0.8009547791406099,1.4828397659077779,wandering
2.191756389529314,2.2120543681964246,5.629577760415783,128.0895358049144,13.324198605326657,16.06235549746126,6,0.6441188819363548,0.15590484278051736,distress
0.9154250541368796,0.1427968602548194,1.4213549216455128,72.63640342309293,1.0879554225539636,0.06430252506575362,7,0.02989755366507787,0.0,normal
2.945857303996699,4.524560170213155,24.272515101019764,109.62729294022114,10.526507076792786,20.195897434157594,3,0.0412666088822255,0.0,fall
1.6911279922295246,0.6047788432126753,3.2064952510855824,82.18766814239682,3.547035483813066,14.585388735563992,43,0.9169779386985437,1.0398916871175607,wandering
3.6663697552915266,3.6924544629710994,7.391975231598851,126.74021825799258,24.84401121286521,41.69872567596431,12,0.5402313395036353,0.29029340568362444,distress
0.9193247039376181,0.09483326908094723,1.3790062834149874,75.57920577741369,1.3055525483213173,0.15799465780437982,1,0.19653826370567556,0.0,normal
1.6947130396947756,3.2294333736857674,21.505704167779253,98.17177109354648,6.573653845452792,25.754329742432294,1,0.021781722138830808,0.0,fall
1.3047267716972533,0.5017015279533737,3.6088962185363354,94.91987188496364,3.5327557176397564,5.088428623394617,51,0.8830650215958815,1.211289282865856,wandering
3.090341809253481,3.39504235925302,6.357256024764643,105.89207768542462,19.52678817740656,30.89945537375411,14,0.3705769430572168,0.4645548214273599,distress
0.91744555351366,0.05323559651284078,1.307018598832328,67.1951221137313,1.2261078073728682,0.44991368847685376,3,0.16920462939100853,0.0,normal
2.0801422992171803,5.477783249192127,24.085524291182868,94.45755311329552,11.924277333811833,31.45112326173296,4,0.07382318362918976,0.0,fall
1.7407915482768201,0.611282224359843,3.222288573284237,86.22099982155787,2.514426022669891,7.114261919759276,47,0.8071131769449766,1.382807301102788,wandering
3.4718865271213333,3.16865303791756,8.778250469066247,116.76037913802446,14.463070317682341,15.489204635259826,15,0.5585644316637457,0.35817066154886584,distress
0.992591538679745,0.11998774680964107,1.4067110787479005,67.23361431518524,1.2216647931449844,-0.07915526810652684,6,0.10196378443405191,0.0,normal
2.3848499215718353,4.253793517681351,18.913427089942143,94.56405955576301,11.524737326854304,33.80468907313721,0,0.07615277975941279,0.0,fall
1.3138767523814014,0.7434771857651149,3.367913137587668,85.6268387294285,2.728860557591575,5.24522362677499,36,0.8087763963253392,1.470492995068483,wandering
2.3761203998220966,3.3130993542574254,9.992606073630206,100.40528628424242,16.65504149100805,38.69074655240908,11,0.5819548393849948,0.29685395925595054,distress
0.9399887137908892,0.12832237504258986,1.247468000507982,71.37033847968779,1.2964682985599683,1.0984672974447847,5,0.09366709991141951,0.0,normal
1.9832127758546538,3.066511910783081,19.960068722984673,101.52430544433311,14.324817279811272,29.148644205378947,0,0.05615228313357619,0.0,fall
1.597974185835729,1.0534596677882253,2.080906971827263,83.48156844117264,5.3399111911379595,9.839796053160619,43,0.8176648829497497,1.321293199042067,wandering
3.244242798586595,4.966825680450226,6.642054926960329,128.75962483687712,11.355070027997149,32.208575477019565,8,0.48373141060796565,0.43691744823357787,distress
1.0641270455454404,0.23464421778045003,1.0947598078631073,69.8404656541942,1.2709519052679847,-1.6440764141669693,2,0.05264146677420696,0.0,normal
2.2431621685785874,3.029641072978217,22.24733215789671,98.12263828380041,6.986442246803427,26.037783065559932,4,0.05887575447196741,0.0,fall
1.4802678848688688,1.1348875794808067,2.133415025866695,91.44820372248601,3.286261427163894,10.377679673569968,38,0.9438671947913416,1.1899620527542465,wandering
2.393170186146863,2.3472509528333383,6.984119414084188,127.88355258697621,18.908030914815043,38.46745092529291,11,0.6790211691619443,0.49572199055301214,distress
1.0964341696862492,0.24658464342244918,1.2593214880047272,72.19187735700812,2.9965850429034484,-1.6234019145845338,7,0.1692376748494025,0.0,normal
2.591932680943968,5.138820317575782,19.329217877847096,100.87006424633496,14.74527995445117,27.405494521064306,4,0.0028760713713949283,0.0,fall
1.5511640641375988,0.9298326920327887,2.667323140805113,92.97133002356287,3.5285297065817236,8.861740648933456,35,0.8851278443854675,1.0152853547446328,wandering
2.7693193304532007,2.1310153265977454,7.9446541499413925,111.609048235392,12.526477469211951,40.81060982229129,16,0.5713791670658872,0.4487133399071947,distress
0.9436638607167134,0.10210969621987974,1.3290334498347645,73.05134061492352,1.4245180927344645,1.4058151063054947,9,0.19586841759893325,0.0,normal
2.5448345669682295,5.409692777699511,23.040682020589372,94.98437139914323,14.527378250191836,20.917297122293053,2,0.05757987126810309,0.0,fall
1.3592633525889826,1.256535356900034,2.701476443962837,89.42811174726302,2.247851780606521,9.865566825860133,46,0.8433301530332726,1.2667667627954773,wandering
2.3873897548424003,3.7331020432788122,5.664224802284888,111.72316349931847,18.28939135369003,22.987473586672866,10,0.32867751630565994,0.2160885215195879,distress
0.9747231815820528,0.05947624801342409,1.0133955643081842,68.49867273835608,1.6044139016907248,-1.5009766869950738,0,0.05401790194902008,0.0,normal
1.518399670694096,5.24455115206373,16.413578611574604,96.27884777071768,13.333667751785468,20.706483341147734,0,0.09651715289151605,0.0,fall
1.4303650149997165,0.8917748528758376,2.894149210921462,86.44209529320852,3.598235223790313,14.65600937602693,58,0.8945830457886624,1.1746356507873712,wandering
3.747973701073821,2.278974733517386,8.993662424973946,119.68769925379638,24.30180098786189,20.152554959563965,13,0.514138728433413,0.13063885924031315,distress
1.0158827761731755,0.16198403226254782,1.0751149519297551,75.91531034422992,2.6897480114463126,-0.5681875833879597,9,0.12458528998657883,0.0,normal
1.737571262506195,4.288251354034004,19.093838867636926,96.74988438850447,8.274987570791499,23.70458034094635,4,0.09295418782562931,0.0,fall
1.663051743170649,0.8020204496911956,2.86825420996648,86.08864708982564,4.090254629908333,13.194560516203182,37,0.8011630253182084,1.1419339156101187,wandering
2.867407896309178,3.197276843904012,8.463187285781952,109.56434141760938,21.847971583166853,26.905485633815456,14,0.6370739017055418,0.3413916649593189,distress
1.0079795668181408,0.25952087285896425,1.075979495623256,76.66038409275069,2.7542165141617243,-1.3863687133423772,5,0.03388852447046418,0.0,normal
2.746028636698036,5.445403903090589,21.699263196362303,97.14077710892961,14.126140998214801,24.239343904529086,0,0.04509891348395017,0.0,fall
1.512002279154331,0.7981201835314583,3.4108345289849056,89.5056480869337,2.202278084798724,5.63521726503378,56,0.8313327027467443,1.4186834429223203,wandering
2.484861459884572,4.1336362725031774,7.960381544299167,128.70916015313628,24.601239179694566,36.938291113485555,15,0.6707214141973651,0.2798968052160819,distress
0.9361779769678347,0.23226868637319226,1.2769845876439012,71.11470242575916,1.4293844823991033,-0.32448481347703506,5,0.11086125225827426,0.0,normal
1.6274824457946302,3.0569860240749254,22.93927068667969,98.46221856447043,14.219416024063605,34.29162825948394,0,0.02754090534998225,0.0,fall
1.6681303892372856,0.8395332453265507,3.487099682461679,80.98962018023752,5.871896331651309,5.650762519803221,41,0.8002976071247025,1.1849697585409837,wandering
2.5827382193958335,2.7111235397570956,6.133016476711985,121.9396641963884,11.563406470573007,20.03760777119641,15,0.6454698118282773,0.12508606755863283,distress
1.0037186044780317,0.07601096222372129,1.0746731483761327,72.65232576818897,1.3377702297568947,0.023803924214115924,3,0.1863231414497489,0.0,normal
2.335882553443619,5.358203171868365,16.73791160062773,101.71404586168978,11.418955457555729,30.111071809491772,4,0.007501706892914362,0.0,fall
1.4662786387610982,1.1036344569479544,2.12062850793424,89.4786518180665,5.924095014834986,7.324447271768218,36,0.9581229478925921,1.3882359404173532,wandering
3.455208843284014,4.300292421079603,5.310270883355804,123.55925212106902,14.720515399097476,29.779900828658523,10,0.5516520239249973,0.02947287582211172,distress
1.0997282722939492,0.2765648557784909,1.322527921896848,67.68904771736428,1.9149955901750986,1.9019182231991256,2,0.020195910111828287,0.0,normal
2.159124781014697,4.641316458808047,16.109116551900943,98.36336004871389,8.574704962127763,24.38372316603679,1,0.0004916134680639228,0.0,fall
1.2478237853220409,1.0421484849435732,2.1908826250396998,86.05980772817878,5.530011258967979,10.968846530685049,48,0.9660886784929177,1.1582482720961216,wandering
2.966156034319097,4.785319943340254,7.593617413172376,112.5830687009767,24.478354849081263,27.942912654620265,18,0.3183495178187606,0.2878782840665423,distress
0.9383747524429437,0.2899042656706009,1.291570793612969,68.33334149611338,1.3108109002368458,1.198899405524219,9,0.18976860264000317,0.0,normal
1.613435476390833,4.9609906080525,23.20210930693645,91.80280527307738,13.706207042101662,24.242004408294058,3,0.09116100181068608,0.0,fall
1.7980104149869849,0.7234596053714538,3.838482437902888,83.75880480239495,5.681701835066917,10.167280751320806,46,0.8983148043743066,1.3580618229293682,wandering
3.2893332774883324,4.649495563316754,7.649733970070426,109.23714970725906,15.731403890876878,24.463586144312078,13,0.40999197782537783,0.3728435633542639,distress
0.9032519131414272,0.0658513188617401,1.2997264062130218,73.01727192677885,1.1867390294812101,-0.6711207573894309,6,0.16662059349632893,0.0,normal
2.703086706560433,5.255377514716679,21.75926686189721,88.89566688323963,13.54850725188329,24.52653292266386,3,0.03173950230891396,0.0,fall
1.7100862013945104,1.0645063144156524,2.372107190233124,94.6414695866751,4.774892576395523,6.476602885254536,35,0.9390235387329927,1.4082539751635035,wandering
3.5897981506071233,4.330958512172634,6.929570293719211,126.14280880385041,23.312766889613197,28.545525275999488,16,0.5063891743778706,0.14280753124571716,distress
0.9463856244702878,0.11977749021862562,1.4786545182328754,72.48900850195666,1.560511536439215,-1.8483318570539695,4,0.039461246632467084,0.0,normal
1.958515071680295,3.4308968328453178,19.544513947760272,100.2584816634063,13.390042047082066,34.57037027055375,4,0.07430621521867857,0.0,fall
1.9376576290562748,0.5168264196857041,2.3972131692069585,85.2029546769152,3.6637566994464255,13.756041112340787,43,0.8559712386126511,1.305267786889577,wandering
3.045490530791949,2.194613035012024,6.941581150799613,128.39363480287923,17.45575297322908,21.07146453212339,7,0.3502933945426266,0.2567224850653837,distress
1.0744165665198924,0.06669159388524852,1.266361209668627,71.55275444742715,2.483389505341715,1.3592047240832152,0,0.06870296967425742,0.0,normal
1.7461286554511566,4.741214391624002,21.099010900530203,104.06167420576097,13.23648350095534,23.10114822212085,3,0.07237784451064576,0.0,fall
1.401609307264321,0.9438758073023967,3.9381137637352133,86.53395829068008,2.038823382500942,11.166458124256469,33,0.9626831793368589,1.345290493724186,wandering
2.6811697809991903,4.3925602212886155,5.100980770694654,109.56563720283606,13.400616971984277,44.210063363273804,7,0.6921234044324116,0.07539402152161861,distress
1.0635851355555523,0.18038868013193726,1.3226118274318583,73.71083164860583,2.6483567392786638,1.24087906337203,4,0.1771667021238379,0.0,normal
2.147694238160768,4.381700826584107,22.903943389865574,106.24729795692268,14.166291481785713,26.991767388279754,3,0.020807722802119167,0.0,fall
1.5976518109968458,1.2286888678400252,3.3754411877866417,83.30971040856473,3.8303141507231784,12.938511015667569,32,0.9597099703268334,1.4080268463509351,wandering
3.2570595183666953,2.0314973361488393,6.264149658923284,106.55821032457955,24.120233961487727,15.945519468952423,18,0.5952457856024682,0.4143207373272844,distress
1.0244947005674434,0.20169866235890666,1.4685777361185803,69.08459740294134,1.3393254204205216,-1.8231273224796802,8,0.10228304468479953,0.0,normal
2.2094369833089385,3.156929928879014,18.435605292632417,98.06274108633161,5.286133494744119,28.83143507992848,2,0.01939836527052743,0.0,fall
1.471078596384301,1.4984012809768854,2.709447293396874,80.0179670872121,4.91522665486476,5.302987572829878,47,0.8584993647149387,1.2496316484275247,wandering
2.5837296187778414,4.7936270636696054,6.601253362201781,121.82933814561218,24.24117675904465,21.465542794767288,9,0.6803364897689987,0.48066241891370715,distress
1.0539928236305334,0.25149593400921655,1.344005810695089,76.8813394013719,2.9383608231182494,0.36666317122088055,7,0.1829059274766064,0.0,normal
2.4256788256289186,5.003621059877874,23.62895375002578,96.6403412273091,13.4165377656177,24.705390659025568,2,0.013515737370886982,0.0,fall
1.6637016074628848,0.817374728276647,3.7216836749285678,80.25495992161757,3.1399484817256313,8.631766224993136,57,0.9535203337330036,1.4104622104515747,wandering
3.4294979240149672,2.9272711238934654,9.592013683155479,123.63616573831352,20.132892420822557,43.53548046333185,18,0.35125090299281725,0.27353693953891534,distress
1.087023951699999,0.2147740762434147,1.2489011331802673,75.85730244676844,1.9579058148876662,0.20666281196670244,8,0.01599941684370103,0.0,normal
2.217268641563895,3.363578252583055,16.787137206390412,101.27518437331801,12.776295931388255,31.105883142418335,4,0.03684011286765495,0.0,fall
1.5034192261927903,1.0841525371072447,3.8403432147398133,80.42986601616302,2.5540045832810336,14.59592045107108,53,0.9839821001673236,1.125779950837413,wandering
3.275496403349723,2.5322578909167,6.003351611038491,121.13252628355133,13.631808512163143,28.73759691974756,10,0.6355200237681189,0.31726775117532674,distress
0.9960797020849312,0.07995209647433897,1.4091784447491338,71.888268917948,2.26376954789799,-0.007896545882216888,4,0.16253555239611414,0.0,normal
1.9248938735519951,4.670207757617833,15.841342067300813,103.08999023039809,11.410341704170664,32.7734762936319,2,0.07418078512298053,0.0,fall
1.7110219265186961,0.909549773990655,3.454101689581457,91.50086991894925,3.628031392619886,12.900891678054577,54,0.9593447277750654,1.2748938459039958,wandering
2.9247229426847094,2.869636305607016,9.815803673187268,104.9636934505535,14.044958404873796,32.92146240173176,16,0.670222679024159,0.46773249557278923,distress
0.9922228024846561,0.1754423000694887,1.0339968252622525,70.31425243800523,1.5844866045047998,1.0449284603592384,2,0.05151525968836619,0.0,normal
1.82223330255167,5.200245766690951,22.337437431357237,102.22462492320152,13.916553774459256,34.75508517727405,3,0.060930644969936144,0.0,fall
1.5712222853590634,0.6355775329487927,2.8076678867013003,94.10003051172787,4.322349799512613,14.313053284868754,54,0.9943548093238601,1.3429728656792874,wandering
3.1423056745319133,4.989432155375106,9.045098009692687,111.40366780476663,22.53860083067797,28.610285644248293,10,0.6203186293237577,0.11361825514943624,distress
1.0656703661387432,0.21063719883744786,1.3523664741825778,73.56063001208744,2.9734679857044446,0.7152816320377826,5,0.12388031571131136,0.0,normal
2.3223049261735835,4.672904326657411,19.413521626575488,90.10740315662235,6.0000458516848205,24.036959290702818,3,0.015050192003780183,0.0,fall
1.7709308266801846,1.2951586928169534,3.9650443754843767,83.73639097606933,5.611510411855059,9.080595614312752,36,0.9312611140018509,1.1398119401807885,wandering
3.2457953029088076,3.0756107110246163,5.3746263345913405,118.7298075392581,21.743028553315366,21.620356812951762,8,0.5307601751655818,0.4254967862989895,distress
0.9680130472281613,0.18812612326136358,1.4635609708009292,72.20118693760038,1.355794673379573,1.8932998657769686,0,0.11115346950382088,0.0,normal
2.898429828065437,5.1751572682343205,15.788104381232708,90.23401844433187,13.583497328125189,31.318793010866393,3,0.020885719766371925,0.0,fall
1.9496097268926955,0.7747304717800548,2.9693051449879744,85.51255640472671,5.779207271088589,9.04050320184785,39,0.8885710403948067,1.1156258582937677,wandering
3.6136901180858665,2.614778378751775,9.275420103795241,127.76857572728765,17.560910469066577,33.7037798301783,11,0.5523595424643206,0.4642480618699727,distress
1.0630168143008862,0.17851475979976045,1.1707536508798906,70.84493319102594,2.2667383544672095,1.0597732708475962,3,0.0073072562794747505,0.0,normal
2.7526744611194234,5.522844647009373,16.438009298380372,91.48706095506971,11.484130994681717,24.740503120141412,0,0.02152264125874788,0.0,fall
1.7123228858246602,0.5960207065384517,3.4105427935069006,89.21518709024036,3.465362979658423,9.541191838876234,33,0.97400268715642,1.294941277873145,wandering
2.7905294642895533,4.610649531837887,7.563942335592377,111.80078082586016,10.007014103339971,36.200226351520584,13,0.3284855718977668,0.47103930628137813,distress
1.0647513970347102,0.17861275706794494,1.170016287419357,69.33975173163428,1.7121713384595214,-0.7758146278907714,3,0.06849949724958038,0.0,normal
2.5704366008907478,4.433702343463257,20.49594066947186,97.74286321997053,7.6721066304091,23.187524566424905,4,0.05804539417176337,0.0,fall
1.6302048743279285,0.8946005349535585,3.658826402733248,91.06757494953649,3.2164525030274165,9.414705887828045,55,0.9053702312058558,1.1713362668888117,wandering
2.6297077429865565,4.720670697950911,5.526536055570954,116.28813916847506,12.293272622589846,40.171048391382655,18,0.5626230467682058,0.24754986293521763,distress
0.9180071013257932,0.19701897837115723,1.204544931990496,69.6744788620609,2.7758650777370555,1.3426650852501654,5,0.10107259459520622,0.0,normal
1.871030447522897,4.269476942416857,16.761667635266598,108.99867663279676,13.589874352683696,21.865268389532698,0,0.06708996628513823,0.0,fall
1.9377292262295127,1.3133411040725365,3.9632558452716884,84.62151419543534,5.362886418703797,5.688745825984166,30,0.9483597483226672,1.414685372150028,wandering
2.5188506210093604,3.252351334006195,8.82112966631583,114.21000209610533,13.398836897316002,22.746701146483943,15,0.6555809596839866,0.07513234042764017,distress
1.086868982256783,0.17341916653433553,1.2602932948513448,73.99458121260012,2.225300359967011,0.42734757592387274,3,0.15875391181144427,0.0,normal
1.5523961563449178,3.2907230002186214,21.064369746906777,106.62059572901049,7.7801322645622015,27.18736397738263,0,0.09373561011165665,0.0,fall
1.3092917176620196,0.9297471487662914,3.1640807227160552,85.09553610764152,2.154556445423346,6.701591476976333,35,0.8702224191528343,1.2234295972081464,wandering
2.1234369876113024,2.3622669733409674,9.131652963629168,117.5331492749232,22.276333457782375,37.73375804443991,8,0.42229606643943063,0.43562459995965697,distress
0.939105802688463,0.18689734772257627,1.0677364744355942,68.02277947418871,1.8346470329220326,0.0020691761998552494,4,0.14485956332235403,0.0,normal
2.8979765292005775,4.163807488324035,18.136442404640114,95.89008345571051,8.181171873856488,23.7374589818469,1,0.046606423962830636,0.0,fall
1.6855017841838125,1.0702343708406805,2.6005718738580805,81.22630759900524,3.763324287561002,8.573719812129877,39,0.986657489126951,1.0014846966614495,wandering
2.2506262861544704,2.024262183640803,5.260923345515057,103.3308776298329,14.447893919950012,34.3258502283242,14,0.45674211242172413,0.15190459278113866,distress
1.020833208376819,0.1667395766149391,1.3699632121303547,69.55660494500836,2.1234127320555456,1.5755897062110273,5,0.18209997994154298,0.0,normal
1.906020626126312,3.3521190770262317,15.078246390307362,90.39649639895902,8.832845174971457,29.82183622728509,2,0.018626839976533294,0.0,fall
1.521506124340579,1.171496923185623,3.0140001740019633,83.120289971933,3.5983575229609595,12.448816211919596,48,0.8388361611714563,1.3144088148513036,wandering
2.8394193709534985,4.365241342722751,6.415838349449544,125.60021938334114,22.874040823498763,42.79656771215859,19,0.5139838505193478,0.2740139969113885,distress
0.9155644135610826,0.1438937160017868,1.15930040108438,70.07871834594745,2.6025236471535447,-1.6235526857650524,4,0.04174894287344726,0.0,normal
2.8823320609919314,4.755204739563638,16.56121135057405,89.51532827103199,5.849651414634175,27.471268874328,4,0.012361282931057982,0.0,fall
1.7978955706432762,1.4795848472363757,3.002600434203008,94.16323318629243,2.154422623859115,5.516729130263545,35,0.8314778814144038,1.0032738157709822,wandering
2.3525667937441552,3.245547376909727,8.792838759038535,116.06695928262438,12.21331151462244,20.895753266486707,16,0.47212149069331133,0.48600131630257715,distress
0.988545825274344,0.1430011708141417,1.2045633684163757,76.57096273800889,2.109791722102136,0.1850948943146946,6,0.06348833288036508,0.0,normal
1.7485857672555123,3.0407688918488214,19.026959579567695,101.78883282554463,5.900635588128676,32.72402923880928,2,0.09119511925397386,0.0,fall
1.7922319515739886,0.9167315261917074,3.4500730804152555,89.12967563185799,4.635294746647953,12.162012375900206,32,0.8134672639076952,1.209417059218902,wandering
2.1854499286602103,4.8086161210284555,5.55813616545622,116.68804028611711,17.98404711791555,16.28001475428147,8,0.5492439271380618,0.29793448956721164,distress
0.9838536430019926,0.1869639755676002,1.4753647128535468,76.33752248094876,2.6727083618216265,0.2325152072289689,8,0.19387697075562804,0.0,normal
2.112912992360104,3.242969991614975,16.528662557716956,99.12702929478638,11.407390332909214,21.667066451310177,2,0.04622110008348782,0.0,fall
1.616918340763848,0.9768417567909897,3.1424532241522134,92.22201058583387,3.5781167495599826,6.009578881547075,47,0.9129879540215772,1.1939669050843738,wandering
2.661829784400229,4.515862558390468,5.724995239917997,104.69346894496817,20.777566918580114,41.152266053816845,5,0.6371071045397041,0.29937793991518874,distress
0.9334115984257039,0.09551792856591283,1.2634241707661849,74.01477158713058,2.5303468630405868,-1.767573605642176,6,0.18059827834776085,0.0,normal
2.6335819675205334,5.407351079963017,22.434536374429204,86.180949117695,12.275633648237761,23.64487351859442,1,0.09644661549155291,0.0,fall
1.5847898602335022,1.4716230985145797,3.965343235954599,90.42246378563878,3.5033380666446057,14.419951962472622,38,0.8690444195648015,1.1849288763033,wandering
2.427482803374446,2.463114364044051,6.391606351489345,116.9928107294885,12.994624845968895,16.23791160064676,7,0.5020520580200171,0.04715082501480833,distress
1.0614262024783279,0.2429130660484743,1.2329478557744022,74.64237518002467,1.9715214752962746,-0.348540611128072,2,0.18760463483989875,0.0,normal
1.6534622964172838,4.7616199743224135,16.767413885837257,97.89517377055496,5.168490616515218,23.164318950607406,0,0.055670023734820745,0.0,fall
1.5499317598699927,0.7947270755639315,2.7612129706884136,80.27793378186607,3.1268298024307977,8.561072871752089,35,0.994150849689306,1.3112412793487405,wandering
2.095666724761696,2.4840691284003515,6.504498767614874,115.45163328496822,20.524500663666032,25.20808767764622,13,0.6853240127549945,0.14321708425849483,distress
1.0180424839161133,0.291130509640848,1.3229931426683192,70.37004459231937,1.6009567727958387,-1.1197138842292236,7,0.09399840546396031,0.0,normal
1.5049632327413893,4.970585712398826,17.10337483967523,87.43543826183485,6.178230166569011,21.491687286956818,4,0.01547536954107398,0.0,fall
1.6347884465251055,0.9578028250337495,2.437228525261938,94.60816970370816,4.034818549942994,12.957950524761635,43,0.8068026363566463,1.33786599741696,wandering
3.4847536720271783,2.423456301128533,8.705212840393699,106.36636649172918,24.732035800698814,24.5587882808014,12,0.46024784358399906,0.07953775880486524,distress
1.0615641566452063,0.14627548087493625,1.2974290086456686,70.55749626159842,2.8013887877810792,0.7974573978427331,4,0.10472642137864192,0.0,normal
1.645721377088966,5.6517142548600106,18.76464240001106,94.20547281187423,12.891729336388899,23.302581472447013,4,0.025002921947136283,0.0,fall
1.4507802628704345,0.9282209902898059,2.4041039237577664,84.90658511024078,4.993729113228051,8.183692940674645,43,0.9265205524431623,1.3679937050896653,wandering
2.157011856715456,3.3651575511494998,7.694066978417002,100.37464629765385,19.46720282857863,18.671662099124728,15,0.38646250531768134,0.4262522291579089,distress
1.0924215777251625,0.27590952673706187,1.172852252201165,71.57477250618092,1.9048599053179913,0.8886702714939929,0,0.06557380573667349,0.0,normal
2.1617024831663336,4.176037317785834,24.453167616014092,98.09355383161802,13.751934673001376,30.05782146293103,0,0.035127997429205964,0.0,fall
1.5733992673904549,0.6737355209411706,2.228667691886903,91.21899777884225,4.061600848802735,5.710185472907517,49,0.8493951968773896,1.1216503761733523,wandering
3.360637535979996,4.042646248499967,8.946566472790728,105.06790711126622,14.224873533131401,38.44177639932542,13,0.44206622755174785,0.2940954553094649,distress
1.028176230332455,0.20559528664529675,1.4103491928028213,75.33665703566646,1.3412329074483582,0.32924681398987854,0,0.0442589760142341,0.0,normal
1.6949804186211457,4.112439954254405,16.264242713853918,98.45558391104107,12.992742291893588,28.948049211117894,4,0.01954366045058832,0.0,fall
1.703488266149624,1.0556511548913559,3.602992930333382,91.47232320920999,5.406314857829225,12.21650951110501,32,0.8096185676115772,1.1273179183058264,wandering
2.119976287949124,2.282919548873886,9.907083021397984,127.31610320612879,17.47128094613082,17.849893625854723,5,0.32055177301076326,0.22268400246814174,distress
0.9528507458621259,0.26996936330598875,1.1269743174806506,67.4924967417367,1.1292722233777057,-1.4420913584471258,4,0.05291767771905975,0.0,normal
2.2594837978935653,3.211366206974116,19.196644122125885,91.24382236071632,5.415376148377725,34.416014486484734,4,0.08227264941812176,0.0,fall
1.2678798950222046,0.6018503379454198,3.7146495218522495,86.02299283618235,2.5583070038772755,8.861932897227536,48,0.8816966026839622,1.219144453342408,wandering
2.126701931130266,4.8444103740369355,6.028364324968013,119.34383371249021,24.597835043381547,15.756002333099348,18,0.4867537193506104,0.15899329011813113,distress
1.0476013604067849,0.08103790736860715,1.0229711867513596,73.02735190600795,2.3431256142239394,-0.5173246162574987,3,0.011186584634584619,0.0,normal
2.78981918678656,5.6782030292179755,17.533120903564694,104.44955799906481,9.677647395595415,29.362498738893102,4,0.06272364434187297,0.0,fall
1.5155043553030856,1.163689147165901,2.8955342874201433,94.4382613183193,3.2223375585130682,9.363155553069994,35,0.8103020047158214,1.449105174226445,wandering
3.4836068398382563,3.4454459024572914,9.44939166568166,102.35079800929287,11.270148444166665,35.550089998958185,5,0.32210674975279163,0.16005643999564173,distress
1.0538086098928507,0.15273108420877407,1.1998915499898273,75.27723091713352,2.9818478078415356,0.0559959477235803,0,0.17451863977170637,0.0,normal
1.9666286447824606,3.7939935756145062,24.59873635500516,87.56105750294131,11.324513390284169,34.503761548987995,4,0.024778167931385698,0.0,fall
1.4150865838967701,0.8281199203386514,3.2895800075670154,94.19439524679424,3.406169442529232,14.42639424034333,37,0.966956388924664,1.4894637390320387,wandering
2.4447864714028085,4.343158970755608,6.536103679649969,117.4226962662431,20.823305231055315,16.681605397917394,8,0.5522378751438934,0.14712684303837498,distress
1.0294669468919393,0.2248637225270514,1.4695291622440132,73.9982393272404,1.3716498023493304,-0.022365807048606356,1,0.04945108581484217,0.0,normal
2.1274713594970502,5.956443887008155,15.518908903840305,106.79465956971028,12.714758683922085,24.37173143067946,4,0.07732915294193889,0.0,fall
1.9467215526036474,1.3743730438024806,2.7852035719816435,90.89822442315491,2.591838900722116,8.203344543117415,55,0.9764413930987604,1.1211753387338048,wandering
3.997901026233487,2.411313753362469,9.64109771070639,104.54612369981493,21.203213550139438,39.07448846730594,11,0.32396486794430873,0.26650478605032973,distress
0.9079749436524869,0.25624615499281916,1.4640014984795464,75.67390475114132,2.8441354081426575,-1.6556269542061819,9,0.07681401441895591,0.0,normal
2.6467340362547223,3.678490059866201,23.326559485665676,97.10666132969455,10.498594410214702,25.34187924282885,4,0.08555986158885631,0.0,fall
1.5460539524307408,0.9828817661201157,2.3883055021727206,88.09419495553891,2.9913675726241333,10.711482164843495,34,0.9784565469343641,1.3471119727259964,wandering
2.5313001066775476,4.597641297578816,7.196983631075558,129.67444010852944,21.719620601864204,35.01838846502153,18,0.5290887332175072,0.14693252627044606,distress
1.08767498127237,0.22172994889445002,1.0993640648547065,72.05953621171417,2.148273135492498,1.8689094053162858,8,0.08182561266311768,0.0,normal
1.8793120932548253,5.715823295235952,19.66021333951828,94.34945325214899,6.568737098489061,23.55222306382646,0,0.07325361554395497,0.0,fall
1.2985490185917612,1.368919967805324,3.394605951954291,87.53994851556644,3.3327354895730283,7.55023844495545,49,0.9895836183908941,1.158963323481716,wandering
3.3386850775475008,2.52996572310348,5.877759736777405,119.84060376491514,11.498163502522642,36.99823077432147,19,0.3184303756023931,0.18169104955108606,distress
1.038379237882905,0.29070930787443033,1.1269612839061223,71.11032826200272,2.240411470885066,-1.4301100828471172,4,0.10338013095099877,0.0,normal
2.0543025394599947,5.205995146594473,17.611249130380983,90.56101189683775,6.771259214226273,24.491178933773888,3,0.08092442830087124,0.0,fall
1.789829353409805,0.6704371553177648,2.1940055014432325,84.86545914870769,5.675919141883025,6.616027374936393,45,0.9541092220151536,1.2647167443598377,wandering
2.801715422781843,4.65539440560938,6.117217705611379,128.64079352361966,15.593051306502602,38.692419464038,17,0.6302015707227797,0.19089094235169013,distress
0.9155499825166254,0.0570861350186123,1.3660227230215511,73.62889541187926,1.413358364820167,0.6961416541666106,6,0.10947103034280806,0.0,normal
2.483979062683652,5.16069497224367,24.72244236779614,88.6650448314956,11.123194666256396,25.628469335914907,0,0.09669976956122389,0.0,fall
1.5447972143908408,0.7254091724673501,3.3570391164020483,89.51474409414246,5.178120323350635,8.017324160554338,42,0.9676265240105982,1.1522966171956024,wandering
2.3860565414851997,3.8173985194108333,9.214476249932845,121.76823129859142,19.72581842130363,31.48701399536394,17,0.3046604446214272,0.05438440370685027,distress
1.078271701410247,0.14887005721168878,1.3647325433185333,76.18991427815928,2.8088183971775003,-0.4442742719725796,1,0.15764649924232255,0.0,normal
2.9219872142260273,5.828165881757771,15.683986422564999,98.43486231507785,5.063456779173098,26.384279702782315,2,0.04795182966414722,0.0,fall
1.8254683257128972,1.334633611176462,3.026553881424703,86.5370810008103,3.562559770086254,10.891638796769149,58,0.8890460333564907,1.3772214476413385,wandering
2.0371091958885197,4.669112171124587,5.277198134183504,102.2333902799136,11.484386091206137,17.68749610189839,18,0.5102033858360624,0.4688007256258229,distress
1.0330424908681255,0.21654301471294224,1.154787435112287,75.04362203991462,2.9026272903267474,0.30255774170731886,9,0.18758247204837647,0.0,normal
1.6010065475034863,5.545677923251743,19.501905951157923,100.93588564540134,14.594519590274151,32.02226179728258,2,0.08255763095554897,0.0,fall
1.9890211646166622,0.5014359818698366,3.997316742440284,85.18850008323427,2.372874394355648,9.277380385419171,55,0.8820555398358343,1.3577364264952176,wandering
3.652503470672672,3.7980397825355454,7.2001929981819615,122.66587317904354,15.208036558495671,35.07359647815154,6,0.4163733657738291,0.2174662300853391,distress
1.0259624169558328,0.19739551069761752,1.1714712776865261,76.54114912386228,2.55258437946346,-1.0105273143811586,7,0.12191472679381928,0.0,normal
2.9634862781233893,4.056779616211819,15.51460751825455,104.90751780799366,9.322685740280953,22.519723294134902,4,0.007183467508796593,0.0,fall
1.7835998600480067,0.8504819836535191,3.5853657083690784,88.14705285630686,5.548375002355611,7.282546717183819,50,0.8541006858410464,1.31906405593688,wandering
2.3545260799156544,2.883787384729711,5.803344858560185,119.70753025329472,11.567866939767919,16.474417640194783,12,0.3385075898908899,0.0025813496195271624,distress
1.0101787933955664,0.13148756485002816,1.4519690497904878,67.33767410721863,1.331869931293249,0.3040749806444891,8,0.17130160890244972,0.0,normal
2.904125625883683,5.2669781702806375,15.625011915624121,105.76223395717439,7.870288951302453,34.327131614212675,0,0.030428501144177323,0.0,fall
1.997503747021107,0.8693448709331869,2.6366348521607805,84.15449161645977,3.6136485732651304,13.148373317275647,45,0.9138370968831561,1.1332018846406768,wandering
2.95688842802112,4.104453699439332,8.97435250882099,104.68210670250629,13.934492424739927,25.027558089781824,8,0.3018478641542074,0.017665970473090875,distress
1.0481328258278437,0.11037009667221705,1.0774940454842774,72.28308034814965,2.678851963734298,-1.1665134767908305,9,0.1897708449295036,0.0,normal
2.0313761472816463,5.068620500797305,21.4681952155849,109.0397436221132,8.496798899199446,24.247909194686812,0,0.054838360424726354,0.0,fall
1.402029727109954,1.3307087356052791,3.829918577053271,89.76655217466356,4.701738755390457,5.956410303809134,58,0.9334554175269467,1.330758691355698,wandering
2.0065061947965503,3.3121792080648342,9.825734042658645,106.68585887561002,17.78660717334202,33.97930064316401,18,0.5863987672788984,0.2606590779688759,distress
0.9550110767631813,0.24324084133881102,1.3028829578724526,72.83608575433234,1.5105584076043521,0.4805536905228718,8,0.14384558213927398,0.0,normal
2.422410179915406,3.4991809788617205,23.256201043084204,107.08543411298959,5.2513325514141815,24.970127917968703,2,0.011571518183745922,0.0,fall
1.8487114415725934,0.9712053944347461,2.9744935706578386,80.64736553092254,4.0783586043190905,14.767742051449508,54,0.842421812135758,1.1796870895651095,wandering
2.4776669272725984,4.391043836700622,9.23623604996355,125.23169329863772,12.202839818146973,27.76755692479589,9,0.45204612665233274,0.11597999930738984,distress
1.0970840706388358,0.13369527632619682,1.3724001348675297,76.34906701379634,2.5507214370261444,0.9819476435831018,9,0.020632838820537416,0.0,normal
1.946554289677767,5.942408259839439,17.348533427172523,89.65404733592808,11.780857210789952,26.920947102731425,0,0.020872218485945206,0.0,fall
1.8150852690196806,0.9579031589744041,3.455918924369962,85.50743903711414,5.3873923789873075,12.721617030203697,49,0.9499850430248543,1.3287529453902258,wandering
2.735272797973451,3.7240939713411763,8.579746858522629,100.3577134972221,17.171386951459954,37.4703033100609,8,0.30283734832392817,0.4913307255408453,distress
1.0981126464597208,0.14019608985907456,1.2546352933322225,70.56611260659992,2.7240643018120565,0.19799871574151107,4,0.17836553749673784,0.0,normal
2.931849546729872,3.974335817670533,18.344920077493953,88.84144730365303,12.90210075619502,31.56223566693344,4,0.06139825467928078,0.0,fall
1.618134393920311,0.7315399299558217,2.5261244183489007,81.05697704240616,2.0162010102860237,5.2992818171502165,36,0.8302371389077963,1.128471647356943,wandering
2.8920365278337066,4.41981027166109,6.602176587892882,103.02508442470793,19.979195204881485,38.76863855191318,7,0.5216185003675514,0.3466695143597998,distress
1.0922276122619985,0.07694580172027927,1.237342027981071,68.6054662892069,1.8161499552500913,-1.076334285819153,7,0.1940638321086168,0.0,normal
2.6704625112461313,4.58602018907154,21.992168474918635,92.02700355309753,8.87053404194731,32.408973239452514,4,0.005150297118844538,0.0,fall
1.8724250218096439,0.5571933224306472,2.8587294722356837,89.4773066208837,5.974877071087542,5.702696365263761,58,0.8360673767265039,1.0870465889533714,wandering
3.7350604707802404,3.213734655207802,8.264886220840367,125.66469119496281,22.54734657675838,41.37777437192025,14,0.3873323625358347,0.11695946713953626,distress
0.937343268811894,0.09141010629674375,1.1896653394606573,69.71247310770826,2.3327191821937885,-0.9169275772282313,6,0.17749004780063685,0.0,normal
2.4216628505292377,5.552163097016864,24.496427246056243,107.62065088447136,6.932924242995282,22.1669912227419,1,0.07524760382979158,0.0,fall
1.9047454330504796,1.451109993695094,2.1502926917652427,85.94705757927905,4.915905329680422,10.491271140659855,39,0.9267413001758579,1.3716207576232593,wandering
3.665412709103638,4.257373236756519,8.915781429185696,114.35736164637842,17.360677328677973,37.39589493338477,16,0.521563619588493,0.04569969819290054,distress
0.9156836209541716,0.2131663353242319,1.1516840614374662,69.54613028959423,2.3503768014767257,-0.4112501586550259,7,0.08970969092809983,0.0,normal
2.487104920192076,4.293924971469564,21.036682224714703,106.58427762863876,12.793414160959417,34.82058381545398,0,0.08608434928823838,0.0,fall
1.7624558144136095,1.06433349147911,2.5050722550459223,83.39244832952875,2.745844493285455,6.367335181259625,32,0.827315590376737,1.0998055423542625,wandering
2.273970357629019,3.433996671755878,7.279398965108536,125.92468254343804,13.769131299288507,30.62119465413634,7,0.33159761126146303,0.10952769307645521,distress
0.9922033833570028,0.21792217114540446,1.203404308904917,72.94778946762588,2.258598277226341,0.5916637371838123,5,0.05606968680079068,0.0,normal
2.4343969029070482,3.996836900309935,15.521742795245936,85.4853711416853,6.076726527367471,22.607627226058476,2,0.09224388387691101,0.0,fall
1.7189090251320436,0.7086959922225893,3.2000064843709906,91.70938050490773,4.1216732084267065,10.599313474501763,42,0.8377352518704491,1.4218619556765484,wandering
3.870221916760121,2.297216523345943,9.209882873471328,127.78914898036426,13.738553860944894,43.643177559926215,10,0.6182674596838027,0.15707465998051984,distress
1.0155251073998586,0.0912965531361513,1.4877770719904837,69.28655258466802,2.599991978817169,1.1135787562115325,4,0.1739663775755126,0.0,normal
1.8169319235398114,3.793269604709723,20.414876475683435,101.22033542620453,13.172848033930793,29.371024074465762,4,0.0692942228057785,0.0,fall
1.9318448203278007,1.1417777004061893,3.96088660253599,91.53696778804371,3.336011151828979,11.419046803767019,48,0.9194553045362764,1.0987955871723045,wandering
2.366852152527926,3.936380509392954,8.324247357657597,122.19688559681227,14.796446496095054,41.6366400294184,13,0.31758630279752265,0.23384374908965821,distress
0.905232228324743,0.18147788770514128,1.3264091066363506,70.0815265547123,1.2044848397382617,-0.6088018314825381,0,0.12292542446894394,0.0,normal
2.9887722767366744,4.30217079053487,23.028762456645318,99.92386569711677,13.38696014068793,29.945365718674374,0,0.004158059612512799,0.0,fall
1.7024129854878218,0.7878593197844928,3.345220538286217,85.39628723868348,4.928707018486929,7.211898426109798,43,0.9560451266915351,1.0874884724333622,wandering
3.6874586945140186,2.0485407766641712,9.54412615523038,119.4877072378038,18.170400702880453,31.37948965485077,5,0.38829753260301525,0.19553543128906625,distress
0.9081339960834697,0.11029582895016814,1.1360167212039398,71.30886655648386,2.2989759099565052,0.13179069825427225,1,0.003828405667477508,0.0,normal
2.828834024792467,5.681586788844858,17.059359522622465,92.09305225194089,11.592074044271126,21.0576817792277,1,0.06157647062896985,0.0,fall
1.6537338281229785,1.075200737920392,3.061095049723524,92.28366808738177,3.6953057396261615,12.118348559655114,48,0.9531806785079693,1.4210067781553488,wandering
2.988124690528364,4.2021369610392165,6.572528747266866,126.78519378551336,18.12333522190873,35.02014756476412,11,0.5017694005850628,0.09449805561705399,distress
1.0712782689052158,0.07923079073656929,1.4450043534971382,76.01835400882526,1.6001326504230198,0.8918947153210381,1,0.13581111441035063,0.0,normal
2.901648642179329,3.61250941128864,16.893726827989877,100.30843674029563,12.16465485341826,20.6562285426703,3,0.05705388267518666,0.0,fall
1.9106172796939502,1.2565687192945028,2.026998564461725,91.34572052441845,4.396731245354561,8.07399550887737,59,0.8282531563547856,1.2509948256456687,wandering
2.7082688021422214,4.768239821547529,7.186357237480054,112.18808027498348,15.367346708347373,36.60554558026702,12,0.32121683907221377,0.21424415362718185,distress
0.9147944029119239,0.05535290143959508,1.3094684016373332,67.37817872938963,1.202570407554526,1.265338641970057,8,0.08456584564602534,0.0,normal
1.8727522702216393,3.6744276417321386,21.03002046636327,94.66682414351648,10.272687836820836,32.48709654602503,2,0.030480057549801466,0.0,fall
1.9502030730780093,0.5745303776194125,3.785617230982947,83.00648013178923,2.897771835795275,12.206799156749103,57,0.9971564467710341,1.1756874815407483,wandering
2.970142725043493,4.6590468909381775,6.15543975642273,109.21649518444714,14.234670331191474,31.676173617447294,5,0.6949724806411433,0.4818448295277344,distress
0.9628597446679326,0.2199633376821476,1.467022236060255,71.63137485179433,1.5904439174436167,0.5541069031095001,5,0.030672524617349595,0.0,normal
1.8302836439891734,4.228952440857544,17.769257942819316,101.68894497863333,7.404847581715429,20.253398733485316,2,0.024648562685886756,0.0,fall
1.2651028305200889,1.0682261408972193,3.2194387500890094,84.30880108426,4.819520110636725,14.185175189901276,47,0.9831695611791036,1.3225533154249831,wandering
2.8205889244074864,2.296266975433679,9.920263047969978,114.71471281544248,23.708155667681403,17.356450434967073,17,0.5040213950719961,0.25078856119085663,distress
1.0018220389659045,0.2859399227867527,1.0741948332621214,75.3681871849994,1.7124797347138294,-0.8777862730004333,2,0.08780122647895881,0.0,normal
2.673376363582658,4.830462898860403,16.698529245948166,107.28017011021558,10.130624064498193,27.9218485095585,2,0.08162075227936234,0.0,fall
1.8602358814858388,0.9181433477058676,2.4364934680803305,90.41946522633837,2.016864525342608,5.379612031727055,30,0.922470302359106,1.0368348425381333,wandering
2.406721925851357,4.766896420986511,5.644141729109741,124.73618052097143,24.77200209449014,35.95338014699521,8,0.45251331474585366,0.3260369288468903,distress
0.9347655302479037,0.2582514494892725,1.1780272779449144,76.87050059392806,1.347349531086179,1.5368469973978178,4,0.17856839054975737,0.0,normal
2.8335295401277705,5.641044960603655,17.531979161225063,108.46682723023794,9.084600602883674,24.878765213587926,1,0.05109370602474537,0.0,fall
1.416941740680047,1.0515129366252234,3.647342090789171,94.37198948235164,5.508999467313622,11.871117394488737,53,0.8893071919527354,1.411365960341987,wandering
3.354023931375363,3.5358585710518162,7.535392040927771,124.92697071377985,12.768502984938198,32.10824720090681,11,0.35329244462872156,0.24779105793663547,distress
0.9355489164143541,0.08187234449278318,1.1074180449846749,75.39787062559805,2.5384381506372637,-0.21830187977804982,8,0.021039185851319323,0.0,normal
2.436979727741475,5.5092598140620845,21.73348128357885,90.051609287331,12.089719834956856,20.673267030280567,3,0.04735045822210054,0.0,fall
1.7217338493708074,1.0042085932660658,3.7898217953237046,81.51916489427533,4.045132800072358,8.70307109511684,39,0.9498327284700031,1.1557008678967364,wandering
3.0597071752103266,4.654060502160673,5.456362826009309,127.37821162537962,20.58361561812167,24.308027689075853,9,0.618223018510204,0.34376869465032056,distress
1.0637742107465662,0.06734041633864181,1.2763384344206457,68.44038713611417,2.0976190527203737,0.14008670381521915,2,0.07351628478378568,0.0,normal
1.8175739406961835,3.697983266319332,19.430300814782036,94.11157427789722,14.175035959295844,34.708800819101455,4,0.07213920815459585,0.0,fall
1.260823601792167,0.9027770716125455,2.0997907296487406,89.5118095786156,5.690283101728271,8.95265571797739,38,0.8423486845849042,1.3467191316834035,wandering
2.464795678945613,3.104333019535331,5.7351723498674385,110.43759335422911,18.554609060272163,43.57981601227654,11,0.5630868180877268,0.35931596952948736,distress
1.0248957014456055,0.2785897851325022,1.0934799554404222,74.60458459884802,2.41910545474619,1.9002716735451561,4,0.07746821174688295,0.0,normal
2.591054197563283,4.455230206656317,24.97149472553715,99.84790088308952,11.580046800473092,23.791293000764156,2,0.054817649430395035,0.0,fall
1.8569086587852037,0.5314792256375908,2.614215295326515,84.75389837228742,2.022540798784389,14.33603091182963,59,0.8409560917108913,1.490084972278986,wandering
2.888863949649558,4.040765323380562,7.837865890538321,100.43966924701964,19.7864437739317,18.5197116144268,11,0.5029367410711918,0.33987778929423496,distress
0.9566030622820691,0.17878514465778622,1.075826478334104,67.0371258868816,1.3964359123922854,0.5304742348839571,3,0.19251506397715124,0.0,normal
2.98034622947959,5.062684986188961,22.677117541331167,99.86607119753792,10.968042234624935,32.28039174788469,4,0.05660665003102886,0.0,fall
1.2819734756150907,0.6219544147207795,2.1738639198570886,85.52921365144744,2.718591243438277,9.940264789699112,55,0.9081867343252321,1.0138962847450674,wandering
3.5735661742772393,2.70728830551465,6.5924903198941065,102.37223222070723,13.930863501759765,18.521140260550407,10,0.4031240537100072,0.01849067731360221,distress
1.0890763591414878,0.10218633214653026,1.4644747652609382,74.39795899753527,1.8289704718258197,-0.4200905958787291,4,0.07038613623911887,0.0,normal
2.5805829892908134,3.22021508808037,17.023497059334545,109.4684642461356,9.73978229681904,22.13569245428545,4,0.006844382568581298,0.0,fall
1.4682893528289815,1.2672675580472306,3.2053651380878154,88.52892750918383,5.814076666567296,13.020529980385918,55,0.9696105671972515,1.0692475938337087,wandering
3.22410137125514,4.335805790987789,5.709353811184854,126.13270138836299,12.810901932353303,21.80100831374082,9,0.6361693277882383,0.3116584831677496,distress
1.0274327376506445,0.093706735449562,1.1253714169965883,67.34889965630651,2.5281274446513975,0.2571709315381434,5,0.03955457335749302,0.0,normal
1.6853212220691103,3.8325935418543913,18.65653100562313,99.30339822475315,7.02690165077093,34.33786288676484,0,0.08165463457422695,0.0,fall
1.9668281488616406,1.241134045348129,2.3072872777673705,81.50691586220715,2.1744316371690378,14.128718552471781,46,0.8872588207153356,1.4903287522008954,wandering
3.041894477573205,4.266677104063764,6.258430130531288,107.07785924321318,11.74188757409936,38.000490396333504,9,0.6021154423752693,0.46308350390491293,distress
1.0484263829957443,0.22020826238388386,1.3517527750746323,67.6300211317888,2.3593504316680605,-0.459895055150938,2,0.01901053472416119,0.0,normal
1.605566500034882,4.149337911236477,19.607192460069403,89.55493862313843,5.637540040271489,30.18842642701587,4,0.0034390679291317785,0.0,fall
1.8974288698072272,0.6855794038530413,2.3468681168520713,85.86912723388826,2.415288627704979,12.386135956191609,57,0.8083766161730999,1.241422064379369,wandering
3.70852570628136,2.204610439413007,8.26785162205611,127.88443717000378,10.939726795854382,15.136214875416265,12,0.3602172456722451,0.0911981589766932,distress
1.0839975012744485,0.11559063710006905,1.0340947533335685,74.27864665646557,2.4765623629137794,1.6448046011538633,6,0.10417648412595278,0.0,normal
2.665892290560341,5.840068173646716,19.451005195970396,86.80200119088416,11.61641661232911,33.82776854085948,0,0.07936700142634193,0.0,fall
1.994985451012089,1.4592103176672937,2.9377383907722274,85.47582416407168,5.041858596530959,12.799663414518827,51,0.9430729855360582,1.3007446589154203,wandering
3.842446495574606,4.295677536793377,9.529082281124623,125.58223851097351,24.64052286169438,28.83547240654546,11,0.3756978367493864,0.08487349120301235,distress
1.0663997565243557,0.08317886873218076,1.474421707099781,67.90786418725824,2.614679017326078,1.4885007100780303,3,0.09322386856736752,0.0,normal
1.7120792311750406,4.04973641055021,16.331881832798192,91.8229590548064,11.383471097995496,27.744456969128407,0,0.023334171084193923,0.0,fall
1.9967303572198358,0.8384058410311334,2.548033873766343,85.37448010394421,3.3764065590745593,9.863847315665758,49,0.8839392585202347,1.0383144069709944,wandering
3.239279038984278,4.384495054033827,5.007515118167366,113.94098977345521,18.68792237918217,36.721409716691745,17,0.4412676852184173,0.1526336596133977,distress
0.9824372517975725,0.2796172247648266,1.031199472512554,68.3398690128218,1.8542173113435143,1.8591368504209242,0,0.1346965679395801,0.0,normal
2.185340910116027,3.3238372920457806,18.086837179655557,90.86778971053653,8.542270372762442,21.791583657985633,3,0.04749671283233219,0.0,fall
1.47362792586515,1.345173565636228,3.662833662735123,88.2749205706734,5.851577100852395,7.832506258576518,37,0.8584972284980307,1.3533989551928785,wandering
3.3859103051455124,2.7920033466143894,6.2335156782784935,120.7911062167952,23.598603848830464,28.91416588756776,6,0.6422122375445621,0.1810456229010473,distress
0.9569863336465502,0.1415093336318971,1.3798793069865247,68.17919208781151,1.498462809465115,0.020954135978732857,6,0.06786222321135334,0.0,normal
1.7492128454720914,5.246289133597308,17.409533717031145,90.58427086923476,13.21938819963465,32.62263397953127,4,0.010950982947955858,0.0,fall
1.736910261843299,1.2406641450424845,3.3119085313054857,84.4632889179685,2.961868133813305,11.144591908303166,54,0.9353940834490689,1.4626868212778612,wandering
2.012535919511841,4.448160425085141,5.718159893651515,107.55640933356054,21.088843222333963,40.941596715165204,18,0.6553159979336938,0.07077746072368712,distress
0.9422156745725281,0.1404693397730234,1.430543405045806,70.06557897768042,1.459736310719613,0.251741407235766,6,0.10064502353509508,0.0,normal
2.529191279977508,4.1927727708172045,21.29873408090693,88.31520682341801,11.191729337671045,20.02085905915272,4,0.03860090619323131,0.0,fall
1.3070164678185596,1.287168980567616,3.286374526964709,80.94036563244744,5.047676475830112,6.260789186635919,33,0.8993102173575646,1.2043230256188884,wandering
2.7604661895655362,2.434939393421397,7.584963940005576,114.66166199941254,21.21757762499609,28.64913549015383,13,0.565115349849123,0.1456031338165697,distress
0.9358184959750722,0.24231826794735728,1.4049082977165877,67.28623788380422,2.3833031128566775,1.117710187998033,8,0.05214722388556854,0.0,normal
2.0109161660253916,4.1433087253942835,17.702657669772726,108.18175751769137,9.207191803163633,21.49139195195068,2,0.08731579305810273,0.0,fall
1.7405654104299648,0.5838798195791269,2.963317604798708,90.5018651281301,5.643248189344111,11.560248336941832,31,0.8055060168672185,1.3164302851202418,wandering
2.856280256732605,4.679075089293326,8.623066203654535,128.79106911423204,10.931836335872992,34.89883930761167,17,0.6505771886915819,0.47819032428786407,distress
0.9100526130017712,0.17660302467738387,1.1377082662198945,72.50879295053302,2.994484962145771,0.05727146137791728,6,0.06648719873483387,0.0,normal
2.541516759713608,3.6054302491659556,16.073120021978784,102.6803424686972,8.749562007780101,20.939681589176075,3,0.039930332323860354,0.0,fall
1.7911147575598374,1.042438711991716,3.5443784300895196,82.61681054638552,5.563530177997643,11.286533758562864,58,0.886074478513457,1.3268883273531271,wandering
2.383347211872782,4.6230240187028695,6.287202322793405,102.86747936020484,21.474699252134034,39.456389346437255,16,0.6421848165656076,0.09871039439846202,distress
0.9148067500675663,0.21348589211461744,1.3832361504323172,70.37797553527886,1.8924485372189839,0.5125718457296013,2,0.09606808067368,0.0,normal
1.9194524946709632,5.467441378078449,24.599548025061555,102.96847165352295,7.657834495571062,21.230317348207702,1,0.07379217666189523,0.0,fall
1.778450427321744,0.5350445122239191,2.874127208157465,86.00604774177877,4.034689436898164,5.956753758415349,39,0.8328700326060698,1.423777598926865,wandering
2.1180039003763236,2.6314008527123964,5.154143735567095,110.70144810783214,16.484861112929284,43.696492410763135,9,0.30589783675798926,0.37148263817996263,distress
1.0778649983895672,0.16229846634843148,1.1303865038448284,69.0253959222027,2.5061239827578747,1.2849663463438117,8,0.06529624943211416,0.0,normal
2.1782019470831147,3.395714393679007,18.73877970256491,88.59554666979331,8.301975229862592,22.058022621870535,4,0.07242708855989166,0.0,fall
1.2936406833808456,1.3194358332075775,2.018315456312621,93.93102156106599,3.0081907318216565,8.419090747068378,46,0.805436872095411,1.41271684793365,wandering
2.186737945188376,4.964927067803181,5.990779048907541,102.40332320656988,24.508381152022864,19.713974851324238,15,0.4112020834259555,0.29886849333724574,distress
1.0333418272940191,0.20581788950088709,1.166258472103814,68.70448394025762,1.0921589672307443,0.3380787243644745,3,0.14433896469852414,0.0,normal
1.9218801619706758,5.2838318781610205,16.671268187871867,98.73140858928568,11.360521403305603,20.083030701548388,4,0.08450290590307347,0.0,fall
1.372660236961497,1.3508207783652806,3.6001966422979024,89.29527167527046,3.0651135244001293,11.056828857353644,59,0.8670866745488953,1.4756093967310628,wandering
2.903567640907358,2.4281598489882397,7.640034314059998,108.56806141951601,20.244276675632335,20.438241746420438,14,0.5954293440504702,0.06434499892944223,distress
0.9567291629937659,0.20928622650533468,1.3709600067191352,70.58284769046219,2.0218546244994346,-0.8441096452186487,8,0.019207189027368954,0.0,normal
1.947184999932018,4.640720078594725,20.228868883774215,88.93440249305877,10.652907690131698,29.54570182910372,1,0.00842514251025459,0.0,fall
1.2199958125762853,1.045881107994533,2.982482336283528,86.51888260163545,5.62406442887303,9.823153305986557,30,0.8007952844105944,1.2003910541815195,wandering
2.7658638576996624,2.5851392268893534,5.73052945495725,108.21819391234393,19.669603854437618,29.749205610177572,18,0.6868934886035428,0.48763380671354595,distress
0.9969431321879048,0.2667319870624919,1.0268831682553472,71.36486362753656,1.9088623126203035,0.8810286656711797,3,0.19165140929544883,0.0,normal
2.0714596273821706,4.573170634759284,19.19798628492632,92.3709905184951,13.613659133510309,32.52483460822729,4,0.08710600811016482,0.0,fall
1.6089360888118955,0.7762468504155994,2.571121516707332,93.73257837671677,5.718418432686802,10.965539428096509,42,0.8904663917613215,1.456190595767258,wandering
2.8452691094754776,3.613122902125273,9.216953087858911,125.75055896602449,19.80128968229592,37.93721928429443,6,0.43683165015766745,0.3516856852944247,distress
1.095032032887597,0.25376576886491115,1.0354689004648943,70.19224638180744,1.768850945590294,0.6137789009393781,9,0.10753387081342743,0.0,normal
2.35242804903256,4.080870793722945,18.542912469869677,101.66607974488815,11.19874007353274,21.84819456006969,2,0.005879972304945802,0.0,fall
1.6377066566489056,0.5105230119626929,3.58007175628053,87.26000554647219,3.1216707244989865,12.54185751087357,57,0.9781245837718128,1.2334766577850422,wandering
3.5321083264645283,3.769860787783206,7.307935260292142,109.08518882312906,13.475841252355085,31.744973007139887,13,0.645855903330115,0.231755406913768,distress
1.0378159914892418,0.1720274921189608,1.014762961054827,69.87525167352487,2.3143910901975535,-1.7018700189405132,6,0.051851388607952575,0.0,normal
1.9321240658255388,4.29186078301265,21.128340622575084,85.83289019601584,10.567473636433817,31.065941601858512,3,0.0004120406811062183,0.0,fall
1.405553602378374,0.6741903482642881,2.391273544924421,86.67970511242865,2.2874245286371764,9.422465898019315,41,0.9024649932985586,1.0732921607827397,wandering
2.911329767722437,2.7174288684065435,5.1673505336635355,126.5149671563868,24.84208154452827,36.91480852228323,18,0.46792106251233734,0.3203999096801892,distress
0.9693897670281761,0.08816671989546178,1.2945508285462801,74.07891548445488,1.3712183734002716,-0.7007080966638748,0,0.14928464767716787,0.0,normal
1.5635628073158567,5.770317601366147,20.286213885875778,96.17991206012779,14.76304513975287,28.58979018750385,1,0.032284343357078214,0.0,fall
1.3456059715009594,1.072153559296468,3.9023520693788276,90.2006691713023,3.3627178663680435,5.255819471104396,41,0.953144341164299,1.310003141523539,wandering
2.6734981166384273,3.1504652016281387,9.81811859534727,111.62461692577686,14.944842458464773,21.894332440443428,6,0.5291052424233063,0.25147350775938215,distress
0.9004698657175312,0.13396887298591542,1.494789802220669,73.69469856210837,2.3257447697516103,0.8035079609400784,1,0.03697370618864433,0.0,normal
1.6010540677172123,5.900594739734917,23.854468630116976,89.57584287333495,7.949772396285649,32.79753878934181,0,0.07615093021713165,0.0,fall
1.5123823742921474,1.1040753598929114,2.210245140238367,84.75742968522519,3.7102600311928757,5.143057782404364,47,0.8815118363783485,1.3156447581220554,wandering
3.206810558673153,2.2616128411367566,7.969938940117093,100.01248417860349,12.287717101732701,20.48466642938196,6,0.6656939880421138,0.31380993678652114,distress
1.082354733786831,0.0827292105058026,1.1818763784462327,75.73837055463468,1.5639734223792263,0.746895315251852,2,0.04375868337354097,0.0,normal
1.5775435662602393,3.483615225337612,20.618245786571592,108.34189082339583,6.728387013386671,21.331188857368097,4,0.07433127799913544,0.0,fall
1.7173125046502342,0.7772334648599659,3.2599337456331647,91.98478043485899,2.2639441434989793,10.509310913895963,43,0.9725361893604332,1.3616573054649106,wandering
3.277012694716887,3.3405290245618158,6.435161864789466,123.71243568450447,15.725700089919243,37.78380155084572,5,0.601538745144937,0.17949551178686485,distress
1.0951186928114829,0.09242759605899344,1.2964049049002608,76.98426309858974,2.752109828999318,-0.7684360097329428,1,0.018974099475752706,0.0,normal
2.127759757288373,5.972959987664126,21.87631970315206,94.24364308253386,14.489590131323148,31.8884861763202,2,0.025825513750291754,0.0,fall
1.380700106265218,0.9835487259060741,3.609960637040005,87.94071334926983,5.409092488906692,9.065278906250771,58,0.993008405415053,1.288350589640811,wandering
2.698286358378338,2.6374488658526145,8.0998591461345,106.98139685075724,20.94743696535928,37.471117374689,13,0.6357521096104762,0.4719293967651368,distress
0.9166766178632293,0.20284358759011728,1.4197582658374728,76.63835551706052,2.8784031540106203,0.9095216270183926,1,0.04668379593797483,0.0,normal
2.8075970089487656,3.476713292317032,15.940624876759466,88.52665577164957,8.731194506396264,26.4460666806798,1,0.04605012872766315,0.0,fall
1.4449568443914729,0.6681129001000724,3.4691075845564034,92.18778908598475,5.598283851091411,10.012281772765999,50,0.8079822533353497,1.3989892486234377,wandering
2.3313216929961067,4.858816407060605,9.05488633887039,106.95638757838934,19.431505386037053,42.565020304387915,11,0.6149153954791781,0.011034199817312407,distress
1.098258243960321,0.12002050114598271,1.2538271377672185,70.07399396767147,2.636417609357812,0.11895835798177945,8,0.08981600971923656,0.0,normal
1.6023537841764706,3.003030557467144,20.925313333662476,101.12266074759563,11.754162920713975,29.070894422021528,0,0.05262880364334624,0.0,fall
1.4933123311452592,0.8366155133365426,2.4022343342578543,94.91667044459977,5.98911369532523,11.057741395062969,40,0.810831907247708,1.1197849614126085,wandering
2.259791389814944,3.669623148266603,8.998533471555884,125.5824996863051,21.612781928382642,26.88252466269103,7,0.3912768862015979,0.4826332675036788,distress
0.9932982649780504,0.0861003297077549,1.2359320229911632,69.21648284540477,1.9632977137763836,-0.2600783404089717,1,0.06589257616483755,0.0,normal
2.119939473402259,4.42838850356857,15.999907975030276,94.17347354950073,10.324191340169227,34.676884124085426,0,0.09292945116011331,0.0,fall
1.290101706517356,0.8480167411508122,2.851528705892706,82.13030645510041,2.417334697156219,9.573424387483273,39,0.8145753144570876,1.4433439084090907,wandering
3.3725024411709112,3.7711538043436974,9.052185461662623,106.94263869058356,20.066653383096543,20.77055414076394,13,0.6250334843903659,0.0820727695903688,distress
0.9707315951885793,0.16001593948668463,1.055509083365703,74.59455330866663,2.0078133163013425,0.8035719284970773,1,0.06834865254053608,0.0,normal
1.8751634291433907,3.782677447016015,22.648455773458647,95.18844591202354,12.449705476078924,28.98804900923098,2,0.04833281593264349,0.0,fall
1.877373924060111,0.8857133201968912,2.465960810013077,84.50184380032313,2.621025194687826,11.748166443909906,32,0.9195878544823927,1.394008809944018,wandering
3.935802929838535,4.2090996810945445,9.158986406058386,122.03705890855305,15.798477422242126,32.889103254638606,14,0.3475245515140361,0.3438301210757069,distress
1.0339749362452373,0.25227386164221827,1.3652978495082664,72.29980600849767,2.692840434085349,-1.5235284850695372,0,0.09973292260370376,0.0,normal
2.4141658553582253,5.777155501892976,21.07609538891365,107.44451639866834,6.931075243206979,29.14489913004994,1,0.030744496094472787,0.0,fall
1.55142448051856,0.6657487647942631,3.705838588537445,81.32755981304118,2.6463425159584775,9.558330514912747,32,0.8097934480961654,1.0290129857174155,wandering
3.5840039455235004,2.2556823753732282,6.428299224476944,115.67668381896941,13.75458371262578,43.02475855462503,19,0.5549713920563719,0.19203802375019835,distress
1.0465439800746807,0.24232825308815942,1.3134167738590927,76.06817950964285,2.9589997185151606,-0.032773707051600987,5,0.0662733430517632,0.0,normal
2.4764337539523393,5.3586336014962965,23.458659753972764,90.1301265129917,8.403520359161618,25.265278403760817,2,0.05695558617207254,0.0,fall
1.825899492303902,0.5629072997273373,3.98837856911917,80.25524088468164,5.3117696867826485,13.396680459711561,42,0.9521008678622077,1.2453340098452599,wandering
3.5897481904793205,4.072452513639085,7.046315809679381,113.74573748164923,24.477573135396582,38.52549566210037,18,0.30514579661054214,0.23648944508517067,distress
0.9771056800852431,0.09289659673795862,1.097528112512138,67.56698616282519,2.8484687365601924,-0.8508759381107809,6,0.03158635118112181,0.0,normal
2.1528250425390536,4.606164691472352,22.576619171668217,102.02601829150154,10.7981818819244,34.39617177229036,4,0.011615964535772839,0.0,fall
1.8522226409077407,0.5985234281001036,2.6528049240728775,82.22071369017961,5.708063862537025,6.374719243661547,39,0.9737744357799547,1.1055241389703137,wandering
3.060178331403562,4.9269758969166695,6.099873346962255,100.72809772358649,14.526849822499354,42.63245779575054,8,0.40289059912009695,0.006808041262206965,distress
0.9558732437312056,0.17232653694806166,1.138191257817519,75.04510921367252,1.0664890903853173,-1.4155112504666785,7,0.17814843845220574,0.0,normal
2.5245840041130085,3.584643209312681,22.29137135921051,85.63409258357525,14.099256218103747,25.90856262193884,2,0.08928581851891275,0.0,fall
1.3175259925402265,0.8044536829047195,3.8992140059260496,91.0578904925098,5.7933332519492104,11.737485108763535,50,0.8981693630608797,1.1906264929427135,wandering
3.2626990504231195,2.2144053102177734,8.313025417912645,104.48419909934961,23.710274899398136,16.01608537986742,13,0.481091473838678,0.40815133223797645,distress
1.0802008058227548,0.08590576813914062,1.4022705010909124,72.60424705575564,2.897284928504119,-0.6713268719730112,1,0.19675422605920234,0.0,normal
2.984527429000056,3.583351836669616,18.368004351837,98.76140857605687,7.1449902754485155,24.27823558994333,4,0.03657197911418103,0.0,fall
1.9105356521333297,0.9802470390062183,2.5984270533101492,94.89599218364197,2.534311417989086,11.878080349037642,32,0.9202058456345314,1.3801541776583526,wandering
2.379150175356677,2.848556504394028,7.476280641434779,104.04891475576098,14.320912928438952,28.935006714803762,7,0.3783661116356413,0.11741927286448395,distress
1.0007131403656675,0.21748093646094097,1.2938708554857619,75.06017376234693,2.38879363873141,0.36649623243343044,2,0.010234503273857755,0.0,normal
1.959417357981052,5.469590964523443,20.19670755341276,95.63472636349746,8.28803079708318,25.15410756215872,2,0.09605934603192773,0.0,fall
1.2545495658008408,1.4391008233499236,2.873819909065377,91.51307598030466,4.90136631776771,6.441294818119997,40,0.9722343246613926,1.2047686205179886,wandering
2.54712538729487,2.799550174241503,8.952321030461778,124.62036936694359,18.46584898143101,39.6032191898927,6,0.49337781542858583,0.0197472210839143,distress
1.0197479082991794,0.2912381641115724,1.0246924263241546,69.72419359579021,1.7796709575856837,-0.3719028241492195,9,0.09025305645363038,0.0,normal
2.903331916322589,5.74997747944213,16.960252492616107,101.28972758443192,5.470146414812317,23.299541460655927,3,0.019203118386908403,0.0,fall
1.9328121775993112,0.7691040214749798,2.0799973160627694,88.7199194821368,2.9386536783646946,6.014207164800535,31,0.9902826466004144,1.3902201368272138,wandering
3.795645965612616,4.102648870288777,9.311620165780962,108.24825000961798,11.392363847648348,15.460147073009363,12,0.6150608620837276,0.2862693270596,distress
0.9987712805796773,0.06564744195622847,1.4575927890103466,70.23627803205468,2.751005447598117,0.2664833687008863,6,0.18711556760927714,0.0,normal
2.6720361611414285,4.755228481382356,21.080509082309483,92.90791384730622,13.17476403452616,32.9445483709804,3,0.024784268472713422,0.0,fall
1.8995264485969698,0.6156193186549884,3.4902890541281053,84.78357675564584,3.7969448811801803,9.333977203206807,37,0.828286832386334,1.1736906256286164,wandering
2.9156376656474947,2.11529513257443,9.287153644299288,109.69866865331217,17.560989659693753,17.149936113837907,8,0.5837760496644285,0.21099740755482965,distress
1.0877251272472725,0.0865746032806705,1.1937069306254415,73.5229904271664,1.121579812343275,-0.5788084617197402,6,0.08302852228122391,0.0,normal
1.5230986471447239,4.837570122252471,23.48461121468786,97.27153434615342,6.75320213307979,29.662215710574248,1,0.05829793331447715,0.0,fall
1.5922409303240297,0.8510110866536809,2.2910327399709565,82.81329273032668,4.34491871818431,13.517235684022044,47,0.9418707814725047,1.126985058544581,wandering
2.203383127263125,3.662093029076831,5.153533592326617,100.07013531212108,17.74204127125865,28.074757172658522,8,0.5760797025965682,0.361846789370902,distress
1.046617744708001,0.08146130848905479,1.2269164062962163,73.74415770539804,2.216315335960177,-1.523241520588246,0,0.1452488622239397,0.0,normal
2.4182272119463115,3.8055751964271196,19.124385941344425,104.47656162526525,10.485341829071135,32.503045736798214,4,0.03263275081160557,0.0,fall
1.6916514134328389,0.5660857607783967,3.488521128935613,93.75127198803597,3.983891880762829,12.01518779207873,49,0.9117432861507527,1.0789368964822443,wandering
3.7086543450466873,3.7031396219807347,9.984063309609024,124.40906079892486,23.50034960130475,21.085718851066623,9,0.4753081233612449,0.16898402076224572,distress
1.0688716783241938,0.2820018456678019,1.1213562295867827,71.95479973967622,2.0354482429518557,1.8596823483920697,7,0.08336270260825263,0.0,normal
2.4887138443551633,5.5969358619359735,19.817623788123505,88.8155233874807,12.223988848156734,20.29375745830357,1,0.09825573452177934,0.0,fall
1.4124216334030426,1.1825215421878723,2.187450027789848,89.956635103018,4.902300389546593,14.455214920936907,50,0.9686851751911175,1.2328769025554434,wandering
3.6294868946009373,3.4834614415134832,8.616774683697276,118.73088950620667,12.534999241046675,44.10699078850498,18,0.40484550509852535,0.39012524080081323,distress
1.0461953159690618,0.06878153009843128,1.4499213387738723,70.22679208924502,2.1462765345318857,-1.7747608647893478,6,0.09657543166731175,0.0,normal
2.18087561199781,4.3097127034638,21.70371545678161,90.55346720379468,14.238071830964962,33.975799142683634,4,0.027235727684236766,0.0,fall
1.5723166651320382,1.3917615119734408,3.791044997837006,86.42196433519771,2.3923960525104566,6.177163139066587,59,0.8017054216420092,1.2371092415175524,wandering
2.399777997503788,2.7091905173196347,7.200194334644569,129.94527140724227,21.017897661848394,19.2171936723574,18,0.5936544708364317,0.17736085503623605,distress
1.04649973019274,0.2552392981215649,1.2918881152762784,69.42803160796468,2.544589067124101,-1.057926460751422,7,0.10655994956359315,0.0,normal
1.7548471955847285,5.463066091161081,23.956015193458175,105.72956743951283,10.616206105209658,29.237254760177045,1,0.01827210930731432,0.0,fall
1.2732907191547405,0.9577562807525503,2.5525142584739844,88.36258803644958,2.8151487385061498,12.969090896973459,36,0.9999206090986407,1.0292857803477862,wandering
3.432568606649606,2.4964499554863067,6.206042621074156,108.85365363335568,10.294367229389897,41.408378651764025,5,0.5594060688321634,0.3371251081438075,distress
1.0773111474687527,0.1386855019075095,1.0823813451932605,69.12973158952845,1.2958387235087407,0.16051388592611238,9,0.09586130507328872,0.0,normal
1.8745337694572302,3.8518847070975726,17.80580272922805,107.94362306287933,8.5307144020207,24.417884112261994,2,0.03871160834061865,0.0,fall
1.6610740081584643,0.5804896578829567,2.517897625430991,87.7112753754627,3.031537713074088,10.59392896005456,45,0.9587765643597451,1.2249494967102823,wandering
3.537235988417568,4.795368174169559,7.972758252356451,105.74774033370815,24.803468596980863,31.3268710080971,13,0.6162133801824354,0.4143127186927719,distress
1.0826671072338585,0.0947684143424949,1.1849787404340548,71.8711211743134,1.5336607687304658,-1.1697560066127228,8,0.16178806567228565,0.0,normal
2.8949312419341693,5.232642567965586,15.218030395916465,87.9672459623213,7.172523870008218,21.444280190319468,2,0.005821391931377151,0.0,fall
1.5423671078096397,0.7360716871396499,2.402653450360309,94.40584772899771,3.159589231092037,8.84082537148372,31,0.9271939499328833,1.1379519447742685,wandering
2.2352044962468236,4.111281736437379,5.688351305792167,104.58443972986967,17.955907688059405,41.11585854068386,12,0.4228382619283715,0.19824145066357773,distress
1.0763457294684786,0.08624184800041633,1.100862813572994,72.8431701671865,2.560909226328239,0.17963324299221917,9,0.09494437804160677,0.0,normal
1.9862218334442856,4.993213242081085,21.52754672450575,98.45751093905912,14.878454498173095,22.493306747526862,0,0.029419268582391456,0.0,fall
1.3183359218111592,1.2214429483131526,2.688670726475891,93.5411473554024,5.385499311203392,8.645222674097916,34,0.9964257604596116,1.1898678737086987,wandering
2.810287257879443,2.7787016101542594,9.045228867506985,107.09221177189818,21.7491059936429,20.038432479559543,8,0.4165897913628952,0.23620831986917412,distress
1.0807576524351652,0.18090530259080007,1.0983425847231756,75.76155886780953,1.740722011270283,-1.9974691366072683,1,0.16656130786580103,0.0,normal
2.616633692869784,4.663004016832158,21.83632405295211,93.24456276461828,10.406954911272603,27.330710638429995,0,0.07869542759487179,0.0,fall
1.3520926518873213,1.3947165708083347,2.9250896469793326,92.55855403898812,2.9788017223734,6.969403976641555,38,0.9659772572196009,1.3741279235743002,wandering
3.548155981070427,2.1071263993043887,6.2523106225926215,101.51289232481165,15.056796687889575,39.66938321899431,18,0.4644922407631747,0.05559429594725468,distress
0.922952787387277,0.29495857632067174,1.263827063959778,69.26650740625787,2.3788077461073067,-1.5856446616703725,3,0.1635487055597986,0.0,normal
1.5690413101140936,3.9749931329950976,16.4430398840732,90.72510056492882,9.171256592315373,32.464122239439455,4,0.03127527334997082,0.0,fall
1.4239607320310792,1.4193757478883957,2.747824955540743,84.8707201518459,2.9554429938917575,14.61840022697034,33,0.9939133350796838,1.0323462701267172,wandering
2.7193986085532975,2.7294524726714227,7.275819928912304,110.3683940074685,13.011516346368062,21.56802412283515,12,0.5665616508013646,0.40262636694225534,distress
0.9916600889958577,0.23037698824085634,1.1419493656676765,76.19990791608129,1.5518534317160124,1.524992463870015,0,0.07105116611401192,0.0,normal
2.393557961863706,5.25053721694407,19.71019682159234,86.75740596462515,8.794770854850132,24.567924687153848,0,0.07492674154701633,0.0,fall
1.414148182942298,0.7508854470972232,2.444585197876682,90.61704859911183,3.4104818983092517,9.066800911059264,50,0.8784869317410198,1.2464073568579852,wandering
3.3419636685192464,2.1910287809610662,6.284320392504587,119.17512821633339,10.277225721596366,26.726000067891157,10,0.516665155002054,0.2788803213910921,distress
0.9490386463937353,0.1859212795067045,1.24297421853954,73.27072278998347,1.0863275132490222,-0.46298154651348034,6,0.1694645610481132,0.0,normal
1.7270860721512546,3.926298638102394,23.022262005859048,100.05850250180983,11.49756958474831,26.754420121709487,3,0.016386021723404778,0.0,fall
1.9015952100487445,1.0243808556649392,3.611682214378049,89.79030035042746,5.876953285573384,8.71258834725254,48,0.8132229749975821,1.1654418602789285,wandering
3.916143068135556,3.7159089559863836,8.599690036413268,104.26934228606422,15.613162685350485,39.10276533778891,5,0.4960779508268752,0.22647662478635472,distress
0.9050353507479361,0.17616554523205596,1.4900175780924567,67.19310448757324,1.3058634772925024,-1.5915271208423225,6,0.006809542857717799,0.0,normal
1.997775116172239,5.639824797445349,20.138909210811715,101.81770102700128,6.046462740200427,28.162657631926457,3,0.08688259044342625,0.0,fall
1.202498616681532,0.5238275462280078,2.024067154291513,81.20455254410398,4.30091128316201,6.616615209391309,40,0.8922956365878928,1.1696625399918275,wandering
3.040205178122811,3.824416737748214,5.540694654613654,129.4336023953568,21.255727721266744,24.653880760105245,18,0.3877349526747855,0.42179942859722647,distress
0.937613063898066,0.2360758693952894,1.0807590136298533,75.73608092412262,1.2572397456888864,-1.4626560952916967,9,0.10992896822460892,0.0,normal
1.8570735495199908,3.3474074601529353,21.348939334602235,85.50038152860002,12.957595292064758,26.101142612091504,2,0.06917796773901727,0.0,fall
1.3621420498995769,0.8803001464885826,3.871501861317083,93.49559290910432,5.959498579090082,12.358752945719974,52,0.9337204749574931,1.247912644286969,wandering
2.209405878244372,2.762573437497307,8.906561113859201,110.10400506791356,17.769054225674914,23.57187317761119,13,0.32454192372226026,0.15943745722722868,distress
0.9348795135703329,0.17946494885773867,1.424355929176127,75.01816405944788,1.5201159394798773,-1.5571738355929208,3,0.16292594423097395,0.0,normal
1.6384607310988515,4.662364530991548,23.208438731066217,90.70270086079475,9.023153327302216,32.13667740144819,2,0.07870617478007913,0.0,fall
1.9553843453548836,1.0778510442523324,3.010805175842809,89.70036095350618,3.1440140601020454,7.127052757452517,50,0.942592047948886,1.0324160986006046,wandering
3.212172714198121,3.8708733509071918,5.927479004190887,106.78900365091184,11.633395556866681,43.2112307645117,5,0.42789935461245365,0.13736785956063435,distress
1.0216720198604188,0.10977244630799905,1.26132844888215,71.07058573278282,2.991657229553101,-1.8178967785308364,0,0.1704113693150563,0.0,normal
1.7946060419257095,3.009221094443557,15.25929535011066,101.93222435577744,5.565203116477074,26.057669264535534,4,0.06645931506949915,0.0,fall
1.6122707246165138,1.4117383046207364,2.1603035287554997,87.26560736706986,2.3897019951362113,11.806555169057903,33,0.8145813531366846,1.1686413922244299,wandering
3.699176264731139,3.16529435164266,6.812981257869373,108.92840893558812,14.904738846834352,19.294563204939124,8,0.3063324536203121,0.011896685118604922,distress
1.0783852694883276,0.07535093896623897,1.1343892447861887,76.98530481028081,2.9757553985819465,-1.977922079208423,6,0.12078489732342662,0.0,normal
2.436096619262,3.276750156175125,17.241072672927533,99.65735560309682,14.740122945055322,30.52689500794998,3,0.07354375722791592,0.0,fall
1.4071877651051703,0.9749515242393237,3.9534354039797472,80.46217193724979,3.947087553931816,9.909616960236917,41,0.8698121985611743,1.4776648753938306,wandering
2.3602837362618856,4.0180358335984305,7.554284530062139,106.99289974241222,21.76937342658423,17.746768653432447,5,0.35573340608747384,0.3132044959067036,distress
1.0492868122495858,0.054399160452996934,1.4838460598147232,75.55043539046585,1.899168309278358,-0.0964912715786288,4,0.07823557346863247,0.0,normal
1.6290402233255925,5.29040572341022,21.96762223587344,85.07090889737076,6.82619308570761,27.578578800409378,2,0.025897735276992375,0.0,fall
1.6426563797365632,0.7339911039332044,2.5402445740619752,94.94396773721583,3.467621489801156,6.727747086056347,50,0.9092914940827583,1.1117853350452784,wandering
3.840998414453689,3.7227346970105297,9.231402792994794,126.80790910008817,24.893147412835326,18.627058474723878,11,0.5293174925748062,0.4062144273130318,distress
1.0630793683355557,0.23252209147826824,1.2679114211324878,76.21129115964696,1.6538990041915191,0.6505309963272401,6,0.09349396500967651,0.0,normal
2.702514439221149,3.214171559818602,21.79286942988358,108.74874992679378,10.885574273898813,29.44468445860338,2,0.04051787172141746,0.0,fall
1.3589428278288025,0.994240738327408,2.0253392880363332,81.18130767246046,5.433054214904686,9.296502004350476,34,0.9344904966766131,1.129523290643097,wandering
2.1935667757572466,4.119956770788777,5.646982701909614,100.68450467058886,11.559149506044903,44.9174857889917,8,0.41538455622302195,0.007536805869952701,distress
0.9393100808036458,0.088892839473012,1.097238508453824,75.5257254908251,2.942362781160476,0.03134088778140809,3,0.08754043160104404,0.0,normal
2.724220016802422,3.4553200139922833,20.239149264665386,89.58082148133502,10.32499299317876,31.476544584680084,1,0.023274820252609543,0.0,fall
1.8651137110838483,1.364992367936456,2.2879508003114326,81.42393402966186,3.9313565005799997,10.499435950336608,37,0.8658489883264805,1.4761560254490629,wandering
3.4963551750122264,2.2617611469948677,6.275118261995615,115.82718176783334,12.227842098394703,36.63193413361445,13,0.6030851691311114,0.44191205037195397,distress
0.9889066826272791,0.2975060293710662,1.3476274785505147,68.26939021091985,2.339831265171835,0.7104663723120987,5,0.04397047684907201,0.0,normal
2.193944159907419,4.702566665117385,17.993746963142343,107.82923002753546,5.389753268467264,22.22184871696528,2,0.04069211873059162,0.0,fall
1.2468545984318724,0.9998985494080949,3.1441366793187004,84.96485796609262,4.073276297457934,7.904672966149119,43,0.8857292986385671,1.265397133676608,wandering
3.9177372398436505,4.951650509064898,8.687347418632243,123.52348248116823,19.783411121771074,42.03982460783163,13,0.4549840829861861,0.49442060935154375,distress
1.0417221613733105,0.21700031849768275,1.0709134545383205,69.12751373050354,2.907754813164921,-0.01251797333734972,8,0.002500674441740314,0.0,normal
2.777160085901012,5.636545519154455,22.22179035294255,87.2314240042948,7.2015220332771275,24.07862298507461,2,0.024415998183551193,0.0,fall
1.7852640636108479,0.527182817889242,3.9974651109039483,83.4740970775775,4.6418807746308755,14.221919974593083,53,0.9941152507817458,1.0166508428995151,wandering
3.935758839748379,2.578018106110557,6.52523714432621,111.40926718671301,13.46058987636138,24.379933137857087,11,0.622349656046653,0.16954073533899766,distress
0.9076535456654152,0.13348442102774255,1.0080550965547763,74.99583925068963,2.111543086616618,-1.3802614892492246,3,0.12711157830308759,0.0,normal
2.437257631495971,3.7735158425039677,20.792586333932626,91.68888657829987,12.959141166632389,24.63108919087804,0,0.024503705483500296,0.0,fall
1.8204597790343062,0.8882689014184264,3.2197542647928845,94.35755627365053,3.541228559683841,7.5328529138559555,54,0.8681008357150286,1.175301082239344,wandering
3.184873662396365,4.721394181932298,8.342457552216796,126.8455848341884,13.685774365911513,30.489339677155527,18,0.5392310428168858,0.4192480955449326,distress
1.0434357273546084,0.29480195208954163,1.334692958815048,71.80268945715493,2.6826286023057326,1.1704409974646328,9,0.13758236646555635,0.0,normal
2.7556433134299256,4.539875389050339,23.029617113919322,104.34997056562304,14.87791605657595,22.258767057554834,0,0.011210187359803926,0.0,fall
1.428676595778419,1.0866451240578137,2.6895740629810723,84.59096317003146,2.0357915747672024,9.736658945850824,36,0.8232231468711139,1.0187180679066579,wandering
2.2658737696016504,4.679110269037695,8.256150443494132,108.80247545667976,17.78841846683207,35.75361160024443,17,0.6590241517416876,0.08706342633562347,distress
0.9678736265157447,0.18730247562702645,1.3852160422784845,68.78996215761394,2.4646892044252473,0.9499982596208554,4,0.10316435171982437,0.0,normal
2.937823783570227,4.220529236142049,24.89323042142371,109.03626551881783,14.354964670362236,30.764019050391678,4,0.01917126704543244,0.0,fall
1.8695170708440565,0.7655493419668156,3.6224609818739966,86.99140595553831,3.270846489709996,7.935063539588202,33,0.9031965245690275,1.428527133939127,wandering
2.299982304987806,3.6775944634942075,6.93454709498684,105.4586109585203,19.023385752566618,21.80922373202293,14,0.5820139913832704,0.19845617767738838,distress
0.9121738261116372,0.2440157164539069,1.0463427028031658,69.518025904932,2.8452312031878546,1.1464342647467736,7,0.016320696291553506,0.0,normal
1.5300217688007565,4.5332103164936015,15.506783059601526,95.05845196013901,11.84153623570259,32.87100772893189,1,0.007421197695833959,0.0,fall
1.3432171205567423,0.5980357115554614,2.4713977770374127,82.42446693481403,4.11624069393636,9.891787766074412,32,0.9144842499735352,1.3532571387784962,wandering
2.668157366100174,2.273207625074469,6.746962343944098,101.66928122656657,16.786937851344558,36.606759033155484,18,0.36931197273937877,0.39422405158675417,distress
0.9742960982343207,0.09587327720236997,1.0603126120404724,67.25559677037093,1.6915326086641123,-1.6201418263697533,5,0.036077848355906196,0.0,normal
2.08268407210609,3.955692476916267,19.451846337174295,92.8513527084431,13.686705790383316,30.130885032054557,0,0.005148353461111055,0.0,fall
1.221246793944827,1.2212404043322533,3.0930709389453326,86.25098300243044,5.925315670235335,9.830897577392655,31,0.9862495028009959,1.060162834789097,wandering
2.7599126822323483,4.25107765030851,5.083508618394389,102.25458865133015,20.201440869246866,26.759344297057524,17,0.43259476369589267,0.08324084466277865,distress
0.9471534854116967,0.231815759615229,1.1136928583155044,70.95266312085857,1.7938415084492094,1.6509310361688478,7,0.08661259661331873,0.0,normal
2.6383594251314024,4.978365431179783,15.017779783997584,105.245415523789,9.120784712095338,32.054339677526286,4,0.05633229982671328,0.0,fall
1.9091764625110406,0.9340695074150719,2.827400196350417,90.9562615622679,5.075658417912703,9.64026672578283,49,0.9370006429144815,1.0762160117620776,wandering
2.569530612665064,3.3187546289697343,7.326199874248082,129.57616396964983,23.30613170686319,34.18604089959849,7,0.49791611677455927,0.26785355589214277,distress
0.9470441321743295,0.10833340912651286,1.3213746564824935,74.30682239882417,1.6163241274340643,1.0932323067320637,5,0.19647622759404143,0.0,normal
2.685461724508089,4.549704128968923,22.290557541360947,89.6782984661663,11.041311013259614,20.175530474963928,0,0.010985094296087706,0.0,fall
1.837723491168631,1.038665762409277,3.1284419335989173,85.38586489500666,4.80613490261535,7.161481841202621,48,0.9993703223229398,1.4305617464054303,wandering
3.399991762710725,3.4861324838590058,9.730983058558405,110.99233122187391,15.51004087212575,27.397961445587576,9,0.6546117293810081,0.30840851365321426,distress
0.9739743625667493,0.25385880232221475,1.2725603783974273,71.92353520059564,2.6420053297967296,-0.6345536206933815,2,0.1911559168449783,0.0,normal
2.174685026980156,3.397566953173074,18.200299459741032,105.40501803388857,11.236140136920108,20.258800789132987,2,0.01844979209865888,0.0,fall
1.2047493054117249,1.0459819357586793,2.7301433522408822,82.46197011952434,2.407205305678952,13.210362144081868,58,0.8245615885674611,1.1218022576282167,wandering
2.577541164852935,3.736458088658126,8.002463237747936,120.88699283862,12.234826665903693,40.651050601657886,7,0.42363019441841954,0.05349742910746108,distress
0.970775706387999,0.2633990913592958,1.0188235385361888,68.71811780487661,2.1166096062733457,-1.8764325991083282,3,0.13430962115473463,0.0,normal
1.8109685245318465,5.445027839627054,18.110880920634084,88.0236466382118,9.450628175733787,23.90755166459069,2,0.03648179502251107,0.0,fall
1.3850616659158537,1.293309541551337,2.7450014157479616,88.81778036440927,2.4545907123752344,10.770760673838975,49,0.8865516045915725,1.3502156709174726,wandering
2.8897378894132437,3.825973068109063,5.148890620617342,118.90332314987978,11.42933583526176,37.40859253968485,7,0.5466980881925048,0.29661717224933043,distress
0.9689536610631404,0.14058220776098457,1.422289407293954,68.64029065281775,2.2294517021701825,-1.4375166088598248,7,0.047624723658238534,0.0,normal
2.1461722698225847,4.730502650630341,23.52447622998366,86.0429354394303,12.669067757205319,26.353131045018316,4,0.08566033349061208,0.0,fall
1.7562238265798622,1.174109175659693,3.5830110708271223,86.05135857865008,2.739753126327231,7.476486659289402,31,0.8247233370331681,1.3872966875131938,wandering
2.3164520161765276,2.4920926142189423,8.524305657194772,119.5000805096641,22.474546114303372,24.708291173390442,7,0.6269494355283043,0.2801773619481465,distress
1.047174235296728,0.28455907856108154,1.103925360580104,72.80079512641302,2.5959788807328756,0.6546649119794767,9,0.13713991016630353,0.0,normal
2.9558732493970683,3.66124151312538,20.92420045624559,89.80897052039188,9.067658140326323,24.116789352753692,3,0.012267142736662785,0.0,fall
1.5450707523690639,0.5081980971560048,2.1089091447809345,81.73157642560395,5.986893425975325,9.07313639798793,52,0.847271447756472,1.3178534675520415,wandering
2.7237346888024763,3.362804602132883,7.043297197652933,129.71202584054348,10.380791538860757,31.74292641184816,11,0.684625199119792,0.30104801934552317,distress
1.0806390535549288,0.14855319281051949,1.3483555080921483,74.49116001602735,1.9531786874986599,-1.8264977990445153,0,0.12757495421981202,0.0,normal
2.4595422036681813,4.681480422670202,15.584368579852798,97.10269020330718,13.901005115459123,24.817908579683387,2,0.046182888023178464,0.0,fall
1.2833309920162952,0.9132588916907304,2.604417973651393,92.79476006874913,5.6721603596160595,11.481978267971815,52,0.8944951196047798,1.4630307390893127,wandering
3.724319404288959,3.984890884732552,5.839264067149201,102.44242933850185,20.00639810295435,37.51157448679158,15,0.3244967950166949,0.09362282882623424,distress
0.9514338052276167,0.09773897668355445,1.0341161990015104,73.05870480540976,2.181403907681413,-0.9558179232300525,1,0.05465629492258113,0.0,normal
2.262693476085934,3.7743570577048704,16.222056339781876,92.98678461235708,8.733485186502874,20.40154826242343,0,0.011710340794978636,0.0,fall
1.7274889717451063,1.4313756666008302,2.8446416798753664,86.22056739866174,2.6391977804575606,5.464382020610304,51,0.9068906076998542,1.4758953359454794,wandering
2.545603744149487,2.4584406654868167,8.871842930855923,107.34296901847006,10.479403953484162,28.44521009622741,16,0.5167875460381425,0.0527702766270533,distress
0.933880256420875,0.2589527822382317,1.1546038812420543,74.8448847970761,1.2376506671441636,-1.0024391391386027,8,0.09188072754509369,0.0,normal
2.4540687273070128,5.530333978761139,19.930203559369538,109.34988898197513,14.571838420174629,33.04754790006667,2,0.06762447299473759,0.0,fall
1.9936900191488112,1.2721375671058672,3.7970652391994477,88.83835093244736,2.0418503826043386,11.425193364968848,49,0.9673495469784446,1.0170069832598774,wandering
2.798388880453408,3.2409123370815385,6.454545946618929,103.34547433080694,14.271714744237098,42.664079147126785,7,0.415684360688352,0.15337552349294203,distress
0.921479824315128,0.19338135608687834,1.2399806546977803,73.00877018146545,1.8453719219145357,1.0624709385433406,2,0.08603548241113677,0.0,normal
1.8425079115067347,4.537758146866337,18.719231994810308,94.37701621716792,10.416989112443805,29.879706723929022,4,0.057191058021011765,0.0,fall
1.3309870164949584,0.6030809739458017,2.8873014759069626,84.77410125546895,5.459390013789813,6.531401061868474,33,0.8425460365075023,1.4287399475899794,wandering
2.010647284203218,2.8261966383156736,8.179751025806553,126.96865352718302,17.266034125685543,18.438462956129005,14,0.5841968574461252,0.18289093051174743,distress
0.9216676514714576,0.16813473824514807,1.3126081021790648,76.5683089464461,1.4357985536195546,1.9447230612455897,0,0.10502030440663271,0.0,normal
2.4537399676406557,5.354422993510447,21.19758965519503,104.1027414299488,14.463543911579222,22.668000142155787,3,0.015600377500042251,0.0,fall
1.6949377176161111,1.0797781532666288,3.3678761249026357,88.7872832722469,5.993482125234944,11.35378220271045,40,0.9680197425085159,1.2513757291021186,wandering
2.146457791664023,2.538451481868572,7.329369134986266,107.79599905611222,10.856275897956541,41.27186379215318,13,0.6585110867023262,0.44187067053268764,distress
0.9251896113968162,0.2922209999585781,1.1852670671629268,67.77456104007885,1.204407982797291,-0.15548613341354622,6,0.06940429250669598,0.0,normal
2.5226907623001615,4.386426337485734,21.81276319199405,93.96204909575873,12.770091822151919,28.604846247586902,1,0.0378180372931808,0.0,fall
1.4735254300901235,1.0803638259599961,2.607243124783036,80.59551487483294,2.2090317072861168,13.400017152996448,43,0.8882039021920882,1.1853366800110545,wandering
2.1454157559394673,2.9006998375663553,7.7448208500598925,107.59045310311024,12.717031861532487,20.165755534386257,12,0.36655128105259716,0.40410452580265777,distress
1.0806531343175807,0.22011909838179172,1.4618883182397495,69.66530930397967,2.1263172528956478,0.7665808616777583,2,0.16435295932196603,0.0,normal
2.4146015930624225,4.046816315035537,15.33887729665648,105.75408244715581,8.208941830740022,32.12328309252628,1,0.08897179851963227,0.0,fall
1.9171221237022489,0.5782467784522463,2.9489947668965883,80.54372096155258,2.405983716927097,11.523104719701458,44,0.9365357684144238,1.3767558876445545,wandering
2.041338915914042,4.36321864258281,7.805311083154168,114.78406836359383,16.90561116341346,32.34607270723035,19,0.48127485908160217,0.002659374496606415,distress
0.9750164887321408,0.13957232116725887,1.4452193582265345,74.76933217399447,2.826441683901364,-1.32705051422715,6,0.08964035268408921,0.0,normal
2.7781624731757866,5.214851270788181,15.75937499165929,99.2169037703975,5.441098278882178,22.478079599476768,3,0.04983200363272448,0.0,fall
1.2510866504775968,1.3218855545649482,3.2949063299459196,83.11847510111035,4.713262758790455,9.439225670902864,52,0.9579006202299967,1.2833457960936343,wandering
3.8610738467286123,2.3076953693302147,8.09657468364021,123.9767758923572,21.688754039990037,43.43663206235169,15,0.5297529874642042,0.004331309526993732,distress
1.05194285795576,0.21515646916765635,1.2525814689091281,71.07842504035398,2.8945779935953695,1.3186424719652194,5,0.1301096717801866,0.0,normal
1.6721134907665065,5.758167209885549,18.149234346400497,106.85972798432144,12.329655517621203,34.924877652459976,1,0.09497373497141164,0.0,fall
1.4079196413274775,1.4653971103865011,2.5434460519047692,88.11655207337046,2.98530945620288,11.916987448075606,46,0.8679922720272272,1.0338962634529034,wandering
2.0591562337800626,2.635704198868917,7.557877021733815,102.40399003527162,13.216027110007602,16.922968195329496,16,0.46640029937370203,0.12300399384062188,distress
0.9034874590405151,0.10856966864202915,1.206868099637989,76.67332331734866,1.4118644529156315,-0.19988757288457837,1,0.17736153141598537,0.0,normal
2.977183316997423,3.169674735604281,16.57907142866092,91.73836683873733,9.895440285968533,24.185529477590336,3,0.05656036119814811,0.0,fall
1.5068224463090796,0.835994540706649,2.269276829016869,88.59141122470056,2.1959958223482934,13.375517767482753,53,0.9051061564473921,1.4707167176704057,wandering
3.0847757230224517,3.2037176739447855,8.585898221548485,127.36417372071642,22.488784637722063,31.60068445714056,9,0.6833081104717721,0.17899612558434586,distress
1.0954784547351213,0.2223074600001002,1.3853347872367165,69.17285615798605,1.04520124451603,1.2000854233733946,3,0.11063876895419296,0.0,normal
2.5542145538155947,3.6133629379310994,18.43823405602952,107.85914598393697,6.134974690272923,21.684233255258615,1,0.07016904007729205,0.0,fall
1.325134536879542,1.2318100259341347,3.8193696857390886,83.55714521122894,4.619517042343668,11.327601331147704,59,0.9869373806439812,1.3686646364565234,wandering
2.0205080365556305,3.006745540436338,7.585382346408101,106.02366719688484,12.300951782921024,26.80012049903668,17,0.5162083518390901,0.3254110140227755,distress
1.013419753414292,0.1217263939714285,1.2520979563632706,74.82935640476657,1.5619167738801942,0.49765035398875535,6,0.05576511357003347,0.0,normal
2.9524894803297377,3.133139284305525,23.524837455481066,105.00169845105789,14.92764454500126,27.894209048674888,1,0.050878141224646456,0.0,fall
1.7943872248935226,0.5416681923386913,3.631074557946479,93.21175591729931,5.634746290275077,11.384115709802725,55,0.8761480368882177,1.2511877609090638,wandering
2.72244515124157,3.197441073371638,5.151253349966146,124.47396785226725,16.82547709625139,31.870261515615436,10,0.6372543432269134,0.2119873762751448,distress
0.9359215761028765,0.23297981708307908,1.2117543539883562,68.85241834291949,1.664103863979938,0.799189874042944,8,0.13538820961193432,0.0,normal
2.568170647713102,5.327296894016034,21.75464326022407,93.15671754377713,9.663475209189318,34.21342809468728,1,0.09686617758670002,0.0,fall
1.699059249695623,1.1537720132690077,3.67256979860281,84.40907253885264,5.734227283039755,5.436067902013491,39,0.8526471271165221,1.3397775462840253,wandering
2.429223303477021,4.255002784666345,9.705761592098217,127.61613387595278,17.55470987163993,27.90931487987379,14,0.3809277660068036,0.44917313535960984,distress
1.0298007734333234,0.18252062927009421,1.4831533578758407,76.06168358543363,2.0847878779222313,1.2210313494548557,6,0.10721728049691732,0.0,normal
1.936746736325999,3.774289709097825,18.38112748832945,104.00691609014987,11.511459512982086,34.020111022803604,4,0.03945822234463488,0.0,fall
1.3046605087832506,0.852079559703849,3.3598478453584235,88.02781516672142,4.078737819585555,14.837986809034502,43,0.970553702244188,1.2070596354696375,wandering
3.8198603073127937,4.535598184033753,9.78527602507699,119.65134918827825,19.22217338497383,44.662258378736496,19,0.5094268135450929,0.15281371251168108,distress
1.0507739617714915,0.2558443565449741,1.434049881400665,73.5117105185607,2.1678672476194008,1.3520081937945174,2,0.12365940671202258,0.0,normal
2.930635911556599,3.465683168783767,16.290037994665177,102.64634117912068,11.746551237639354,27.43334914222415,4,0.03526417483541305,0.0,fall
1.9083519001361244,1.4229702131733601,2.7192713489218745,81.48050420771465,4.015901681700824,6.055633142764572,59,0.8837863479061917,1.4433698371343904,wandering
3.4055404314227546,2.554578660212473,5.084356357204742,128.24505361177611,18.65747299596266,40.53088007283263,7,0.5135894478965677,0.2888265130562973,distress
0.9410914320422499,0.2561472123961007,1.3331181823660025,69.93413598817483,2.192025805071558,0.107432442550361,9,0.16554391529617796,0.0,normal
2.6021889129360023,4.637001569195924,15.453271987151574,85.18302142095756,12.547341186237311,27.78551811334275,0,0.02568363607033223,0.0,fall
1.5910634969628246,0.5057711831485057,2.659968415477519,90.66437557686369,5.781614187585422,6.256617299442519,40,0.8048203569023511,1.4483863237684367,wandering
2.766290618057294,3.635343979692782,5.896325252034053,114.89246618545651,23.57701344300668,33.85883654457312,12,0.3161577568233007,0.30610175264540007,distress
0.9529089889031546,0.29938882787139326,1.1277508935916758,73.34093452300422,2.047973448496634,-0.1837822184615745,9,0.05773461046517721,0.0,normal
2.0161255480785494,3.4390706581771253,16.033795587980034,102.82758856341891,5.986512299374641,21.285067346082908,1,0.0009674988807954033,0.0,fall
1.8901738103214978,1.0145194032861846,2.5042131500676503,86.36312882666479,2.0736795186950165,6.1712333782347155,58,0.861297511326395,1.1303957914929177,wandering
2.4441428375384957,2.0101650445752526,7.958723578908679,120.43652588390748,24.02456501272441,42.8449683854797,11,0.4368715229526756,0.46093045574787034,distress
0.9523630880206493,0.08804432561774407,1.4423238354369223,70.08696649950825,2.898562956843988,1.5836494284437914,5,0.16537701518492193,0.0,normal
2.3098466626529484,4.656580666089436,22.396073479663155,88.06246507074388,12.292627263624933,24.457933951649647,2,0.0005661206629044568,0.0,fall
1.8022328640018912,0.7792043809899661,3.466167518894785,80.99486682128807,4.2957023978046545,7.268751189954756,31,0.8647243504786317,1.4534574150109307,wandering
3.827781188352003,4.240960306464429,8.666516103524856,104.68893326925226,10.433953250808848,42.32521221030323,13,0.32248565149779657,0.06487164584002952,distress
0.950344878316582,0.21848746868603658,1.0906572720312449,74.29371703839823,1.1134797626145598,0.39085735480087314,7,0.08498162798493072,0.0,normal
2.167439136909142,3.3719771873362756,22.388334689873982,97.52510941920329,6.103706322470642,29.765513409620162,4,0.00436998286671384,0.0,fall
1.6768509172766735,1.4827446372023045,3.4171079056540234,84.11543186204732,2.985964812161967,5.581937459879809,31,0.9392526642748512,1.053954376336779,wandering
2.824316259066986,4.58965420702621,9.148225188715166,109.35343858530499,14.777020842994657,39.78873785703777,17,0.5781183397179201,0.4526711282800883,distress
0.9202129860407836,0.13495337582797318,1.2729142372764342,74.28341258619993,1.8925404778453272,0.6625868432656814,9,0.07636707291027432,0.0,normal
2.831790919113289,5.198480913590541,24.716419251302316,89.06242604462969,9.136378047901886,32.36224338060901,2,0.049239154220852725,0.0,fall
1.2586879218052924,0.5327222842110879,3.0241702228809553,89.22055655782486,5.852092400678263,14.243525798853764,41,0.9890332922573819,1.351092454271936,wandering
2.4149063356651403,3.5862714252772694,8.502477572840405,117.52782476748334,21.694592853123822,41.815191620028614,13,0.46606946125442295,0.08118781756365162,distress
1.06256464476074,0.09391430790062212,1.4650742936606225,69.7259681594977,1.383810753963699,-0.1060802234218392,3,0.02390697800626909,0.0,normal
2.1773135615127472,4.900572140566268,20.772971152961556,97.12376516765757,14.13462601008271,25.16643265799906,3,0.042386840651885915,0.0,fall
1.5357709782458646,1.0348879741797798,3.3992382069165163,81.6078024009977,2.6818009219105874,6.817446903280224,59,0.9317247109062412,1.0459525737244253,wandering
3.7661079503926422,2.5888527720576144,8.739447483158525,103.22458627643465,22.133548781761498,17.98235468274339,17,0.46516718201901375,0.0879215104635252,distress
0.9454282209367997,0.09309904506326803,1.1225548047109541,74.03468345000995,1.357501539935842,1.6697672233726233,3,0.1206924710231962,0.0,normal
1.6594253752334567,5.709075905342999,18.907826988016687,89.57926762779282,6.727156398601894,31.515879037283092,3,0.09183924859401281,0.0,fall
1.5331996054111867,0.5555982696006717,2.4948284809600905,83.86400338651174,4.722915809432903,13.824585427487524,38,0.9188072027372866,1.4966904023540746,wandering
3.3066245980547118,4.9793675102299595,7.271820394082658,125.77738430566569,21.24383017435843,23.257299532383616,5,0.4923342179155046,0.06985296233287125,distress
0.9836056719274413,0.2707584323867345,1.1020300652945139,69.26767387769496,1.340356740674393,-1.8680090302328352,1,0.06695697949563066,0.0,normal
1.9733643502448643,4.261657651649985,18.959961102591276,109.13600506708678,9.203497285787662,22.790759997962095,3,0.05892847547754161,0.0,fall
1.4610406736331247,1.2595567879614507,3.8773475700505884,91.33632827747472,5.23574596315256,8.79048797881805,43,0.9322881049365569,1.1689994827005092,wandering
2.969494994709268,3.6593452794538783,5.646742362884761,117.07398925387027,10.83845322457326,15.029804202344295,18,0.5295231203132064,0.19335396690362872,distress
1.0771824458771582,0.11059038481719981,1.387164436468515,68.01137174520437,1.2840509249091585,-1.4237390245020256,4,0.1337650554764742,0.0,normal
2.2856910838063955,4.727890065628507,22.290515870556387,95.67078838817498,6.000596605149552,28.778492010667772,1,0.0021983247523280625,0.0,fall
1.5801962886528755,0.8903840977817509,3.0613253135135086,81.58191940937702,2.3136851366900113,6.058702131534828,57,0.847199829736492,1.089198543726148,wandering
2.932166716822703,2.4431328229425415,5.521030604730746,129.9815868297877,17.494561752274237,34.58670648976095,12,0.4877870480188635,0.3566348250198726,distress
1.0961925140548723,0.07690225818196243,1.1054368672019437,73.50390728309272,2.8025109272206814,1.371773137415948,7,0.1113972287353393,0.0,normal
2.8243996350013902,3.240502709760053,16.30347618998091,88.4468892087268,8.95921072697844,26.298375839781833,4,0.06638920238210147,0.0,fall
1.7122553623187575,0.8545523903679737,3.887357120304767,92.26520543744682,5.576149150826655,11.350082015255534,57,0.8113031315736523,1.212474455459362,wandering
2.3019714733322867,2.6700314495939326,5.954073949585848,128.7628151843882,16.193438649479596,16.29782408214085,15,0.5172997031446446,0.05922609337792806,distress
1.0965837075934257,0.2992558818248569,1.2157490079626911,75.22901530667326,2.4330943632469344,0.5205369480332847,8,0.1253320425533854,0.0,normal
2.871754628301672,3.2791900601155515,17.701260562814834,102.56608832731735,11.58275954045281,26.729780800565038,1,0.013705654872453144,0.0,fall
1.6997675379961197,1.2048278940773536,2.662645195867703,89.472601207441,3.658718557728024,8.438947164641817,58,0.9266659809314512,1.466935610119497,wandering
2.102780396652607,4.113926243663856,6.629588349275146,112.79175177167679,15.855915382510943,44.51425739645876,9,0.5122840299546694,0.1480795809074571,distress
0.9710261422954897,0.29301184820345016,1.336711076475741,68.11901217847317,2.7069338756429153,-1.1184888478870278,6,0.0013515654460749538,0.0,normal
2.34091206324324,5.744680083810434,18.808097041109782,92.82906715119114,6.937954349808544,24.592535588189588,2,0.030441447604940178,0.0,fall
1.3227940146634247,0.6186637607865831,3.515528765896172,81.25233598636696,3.395126164573584,12.793039888545493,41,0.886665838828399,1.4102325429676816,wandering
2.716962112922862,3.617530209611747,9.02835298439792,111.8424633969447,10.99438774649147,30.484947774218952,5,0.5051395312927345,0.09620125574580285,distress
1.0802725540214608,0.07067069831335542,1.3923874794117233,73.90834372972517,2.2927352738308215,-0.7967389283898183,5,0.030429184801413458,0.0,normal
1.8857874460993354,3.9971740667328888,23.40411721976602,104.19275326589305,5.228835631776341,34.57898029690176,0,0.060044727463083314,0.0,fall
1.2093972465464895,0.9106291721434643,3.757984603192984,86.67171192004058,3.8666262519074057,11.339574784766759,32,0.9686681335987432,1.3004434581106827,wandering
3.7931514220066767,3.581580683505439,7.405631539018148,102.56323573796442,21.74295807205331,24.135825692922744,13,0.3049919567671269,0.4863510470785328,distress
1.0182748301095572,0.18826899476576675,1.0001908094234155,69.93117915765156,1.2161920679896985,-1.47991087732554,9,0.03250107474796411,0.0,normal
2.9533346213337572,5.651486957135529,15.964387133735249,88.21634018764749,7.3885874798154685,34.35751527064873,4,0.026689175677929913,0.0,fall
1.3177251526819165,1.3286615956462828,3.748598511010435,86.89792545939079,3.379503197919199,11.60132752589464,42,0.9173683393376021,1.0889213967101887,wandering
2.2482005333770925,2.886103044877941,6.785289417466993,121.44248584309906,19.610743983771272,15.54037321017632,5,0.5905633117193876,0.4271115311182458,distress
0.913551659877897,0.15268724213512158,1.39363611081505,76.62581858768041,2.4387672455328753,1.9526080768167606,2,0.18004288410001248,0.0,normal
2.2351583518609552,4.9772379820987735,22.25428000866441,103.13188545121777,5.304570417702923,23.39148938821423,4,0.08391115685917695,0.0,fall
1.8597497101962277,1.4025237872575167,3.6483545465627607,93.71138872363659,3.0540267663666185,7.453172168028378,49,0.9583726063605751,1.301916163520811,wandering
3.350136102386042,2.303680192482489,6.126539032028168,128.48226164824985,18.6859703556434,19.448752330221552,14,0.4709988291447704,0.09465051408668429,distress
1.0555147804460054,0.21157236101989368,1.1382885505254239,67.74261700884502,2.5734002017931084,0.3447603585878585,2,0.19202639439666092,0.0,normal
2.0161561383601145,5.897525758880818,19.14610341957441,103.4517342580923,8.739999062569098,24.727136519543073,4,0.0472731497365104,0.0,fall
1.906883735892273,1.326365105282178,3.5215242027517846,82.85014212938539,3.0217452458148006,14.721236473108263,40,0.8603328714352186,1.192232568423511,wandering
3.1160265013435713,4.212172219627515,5.132255474993304,122.49810429177055,16.70815462054408,30.69864730365046,13,0.622754397445118,0.21876509547300665,distress
1.074804242812286,0.2503518903770794,1.1058114178127498,70.50570098328014,2.7253282686738176,1.7806225668126534,8,0.08655823636396487,0.0,normal
2.573115096953318,4.6469478048838315,17.711232782906173,95.58835197363686,7.824844049952072,21.6917369911796,3,0.0760728618659115,0.0,fall
1.5162673908876212,0.7979309728142893,3.8787766314475345,80.6438006000113,4.339345468920497,7.36624791954143,39,0.8520182554564458,1.191833461153523,wandering
2.4603091842901788,3.8649573930059677,5.913437197837201,109.2462433508806,15.283317863585452,34.505192350043245,11,0.41937766772797463,0.10501245458982866,distress
0.9853602804307826,0.193174135823927,1.259780804314729,74.70347205304563,2.508877043185684,-0.16894281756575724,1,0.08690126718351805,0.0,normal
2.363633145699465,5.366460983250766,17.8022577388411,88.05273038101458,8.752877458177569,20.454163573913792,4,0.08621707414059493,0.0,fall
1.3715886440910572,0.9858343319338879,3.0527907984558817,81.39232112862801,3.108606248175878,11.008454900691602,38,0.8747026821992855,1.0790022262088084,wandering
3.8254362286117627,3.81167586295983,7.145289214771951,101.97742724521564,10.45849723047268,38.42069996494592,13,0.5272398190535068,0.05631652603202253,distress
1.00806102619651,0.06639665809592406,1.4196161215705736,73.02650141108523,2.6601604365746567,-1.340954070188375,7,0.16242877458600977,0.0,normal
1.7175055570821973,5.90357007639354,21.3282331175469,85.66157273028837,9.642285035356458,30.14069958275079,2,0.09003079924093778,0.0,fall
1.5809987419694451,1.146149345106701,3.740009378274432,86.31564334149544,3.9435803971094856,7.475031715490709,38,0.8773284522213506,1.3811133596413165,wandering
3.052356577663324,3.686783473496751,5.572372436977188,108.78022463488857,10.104620436386194,21.70652735962718,11,0.6130877833281301,0.36248196650270836,distress
1.0448676502009258,0.11728842179433042,1.4990535662512312,72.23521506975256,2.463645882508006,1.0859970613867969,8,0.007439727022775778,0.0,normal
2.47043676707827,4.23883575134982,20.658433547061087,89.31234534601137,9.907659508172276,21.165036700043714,0,0.0460503214921352,0.0,fall
1.2095584969785338,0.8350792865516857,3.98754047624095,80.8545630288252,2.2922014472303998,11.578951209892747,47,0.8106530019752568,1.4439117836283013,wandering
2.09626860175094,4.607428875885018,5.116434330190154,113.07429899767865,13.913888357211322,37.63549652445592,18,0.5815987240358308,0.3087489345676932,distress
0.9298493133491921,0.24380268892478807,1.1799699173183225,72.30320096100984,2.2287484752501006,-1.5481879790745703,2,0.09811504409258152,0.0,normal
2.1074246343250476,5.702786396254979,20.934767244313157,89.4281051933335,10.46791355764304,31.196545248080554,0,0.051410503366000206,0.0,fall
1.5727529094796675,0.5001901521681911,2.561013654781595,92.46627288404596,2.9499389746170266,9.15621993030838,52,0.8915936716700051,1.1622553186638895,wandering
2.1990323140714367,2.2054316997901435,5.523907356991172,113.14808880958405,15.960727475946,29.504082987066155,7,0.42330197282149157,0.14494054073143764,distress
1.0581751510132757,0.09755003404830896,1.3077363884704867,72.8839506103712,2.179430710008893,-1.223565691894168,5,0.13593596741387654,0.0,normal
2.283354619774819,4.6957945781304105,20.018755551123306,99.7951895039743,5.7165117694939465,25.575268275367414,0,0.06998887831673793,0.0,fall
1.6973357551043016,0.8509333121468651,2.7433753915446872,84.24604455992139,4.6076505835586605,6.082207489527997,51,0.8903644472326785,1.2326632888790532,wandering
3.8880159611948146,3.13187624245656,6.723182422944882,105.87303103581989,13.748793456765538,26.126343866819926,13,0.413649119991387,0.3735051983514391,distress
1.0837744030720757,0.06990856394263294,1.062159173668713,75.74237445416446,2.7686876159828806,0.9913758151643126,6,0.11371035288976156,0.0,normal
2.4522364077318652,3.6192358398143547,23.047155921413072,90.778860618509,6.819124918573653,32.250757724840355,0,0.013135782362955806,0.0,fall
1.4200741687345313,0.6800511872744271,3.789757620272619,82.41990868158986,3.6631538165423985,12.877488412323205,35,0.9836860394447942,1.293923386263601,wandering
3.3607579643748426,4.8025136854849055,9.077641518065084,124.98613006971743,21.033138169846296,30.764902583527586,17,0.3815274885854059,0.22895127210804267,distress
1.0185851603507778,0.21768012591513158,1.0051929344088282,74.32808245574623,1.9595407307166302,0.35925682734978404,1,0.14369913844322915,0.0,normal
2.686456501827327,4.739239338774797,19.239431565831126,91.59691217269123,7.189547449131028,29.550460367614683,2,0.07310015342678819,0.0,fall
1.4772750576500395,0.5937791797972972,3.2940949011793563,84.72804470054307,3.1087466038413956,13.218711203312674,35,0.9713853275365386,1.2971829628930438,wandering
2.970640147177157,3.4301140502886005,7.479842570661527,117.19779193264532,12.360570296002678,44.95394012780461,9,0.5580391801202866,0.16156403861251345,distress
1.0974424145824622,0.17088520939277335,1.0495790591639695,68.42507806247313,1.427323176891319,-1.7265149228756922,1,0.15646696008594538,0.0,normal
2.426827198220177,3.6571732283025797,21.907340124690116,90.2332505397164,9.12062773825039,20.272326841132625,1,0.09550118913375448,0.0,fall
1.7278600797073058,1.4082569804928187,3.4022776987013446,93.54821044868969,4.507633999905364,14.54796448882249,40,0.8624274177178843,1.0982122726816768,wandering
2.5029895757155405,3.856824869754738,7.310531500020766,109.94666862456151,18.493621985628906,38.571377575997225,17,0.472315839369456,0.04354726970183148,distress
1.028029622350046,0.27706486861628044,1.3929908650517175,76.94067121591542,1.279574653178197,0.8261177199408589,4,0.15767689919273795,0.0,normal
1.9185747741372683,4.291845744822289,22.807194422921246,101.7882675421772,14.725961070679755,22.452778094103692,0,0.07797998214358066,0.0,fall
1.7386330214869776,0.83734363342366,2.5380555218608563,91.09596192165752,4.87178141064188,14.166381244373344,53,0.9731501678764244,1.39218784613381,wandering
3.7574855797265547,3.4660155702134627,6.174535109819253,121.77164928421942,21.08388535251643,23.55984141904085,7,0.6348526865002881,0.10055853850111235,distress
0.971715463888402,0.2221837927211891,1.2508179896211158,74.47931786592284,2.3416282919990667,1.675067968246517,0,0.09523886358148714,0.0,normal
2.859521088448659,3.9614138992353034,23.201811074460814,102.2953557315573,11.090543090267198,34.56751015102611,3,0.005369049104237855,0.0,fall
1.8796398146066449,0.9785619943882995,3.348085855183186,91.91247017667298,5.991608713718219,13.622854478545918,32,0.8632979077751682,1.2363828787262805,wandering
3.1951200037625016,4.593288132155976,7.217206739712245,117.07370459390282,11.8197783283073,38.82710600305234,10,0.4976216703308534,0.005154668296965814,distress
1.050709308558786,0.17167732628516236,1.1524198937680188,75.63058193080441,1.7345683970632055,1.3252799415793972,4,0.1856531232119567,0.0,normal
2.723253049054205,3.445547980122166,17.03396583357403,101.34581013916116,6.046042415433451,31.684340652558383,2,0.022876690622523288,0.0,fall
1.7345005820995254,1.0403772841442054,3.3170700655271714,81.9560765213169,4.3794954606448115,8.584410500174766,39,0.8773235431787714,1.0245319835290787,wandering
2.698461395748424,3.072859306004335,8.617673882110479,121.69656636859231,15.80856618757699,19.215959025676117,12,0.48937995997989564,0.045199424088001594,distress
1.0462946525296764,0.28515283486784215,1.151800542840659,73.73465593953004,1.6040895700552273,1.3603356437189453,3,0.026413874689672337,0.0,normal
2.691545607341105,3.471664002581403,15.347897441299596,98.44382754033379,13.239398299246016,34.943744978951216,2,0.054401356759847766,0.0,fall
1.350000216900809,0.6389610420496744,3.000748665416536,84.90613671568005,4.063541347976482,8.168397511205944,31,0.920000851214983,1.3829594026988408,wandering
3.383938513769456,4.454695915889085,6.913835419775568,106.15563607898333,13.914578630559241,36.920703189320065,16,0.6288154708166471,0.4738942311648707,distress
1.0111299647763379,0.2627231957833961,1.062324176174496,70.48605542708921,2.71201830821252,0.4116096040857884,3,0.0966319300832713,0.0,normal
2.6279884986318,3.401271775495873,19.081528548458092,92.1109007505876,5.8302319418984885,21.677441203436764,3,0.017202541996211986,0.0,fall
1.519885612901764,0.5046948843049264,3.745935773411139,86.13124078006751,5.520024775039167,7.0124561342234495,55,0.9207849829355861,1.1226652241210142,wandering
2.994360644091823,4.980593036770204,6.454865246184841,122.95380183499566,19.064515596353292,19.077970877679746,13,0.6213841717289696,0.4505668076035343,distress
1.002103544562667,0.14564303798818284,1.221250481813924,73.12150681105278,2.6247419172584223,-1.7765941500241067,8,0.023323309365279467,0.0,normal
2.7886663670630396,4.061260855089129,17.020491198618842,90.00971509046626,14.591570954488875,21.098991557036125,0,0.003029526829435603,0.0,fall
1.8930372986703963,0.7015103413398665,3.833180081642722,90.79928592590917,3.00962098658904,10.49294969710189,31,0.840860215840331,1.0473755103350773,wandering
3.367694810423831,3.026071625840678,9.505628525865038,129.93288482501038,21.746914513389193,36.809551962190696,9,0.5753765310681112,0.2521555568526995,distress
0.9105049557365523,0.15498761548248968,1.228645693513413,70.99042082980148,1.8419261756986212,-0.02862082560042989,5,0.16070534437908784,0.0,normal
2.3496341066039945,3.2166077520552556,23.798702013997552,95.7679737215191,5.397362174158941,31.32633393031093,4,0.04938460111664605,0.0,fall
1.213947462837285,1.0080904808791014,3.8076956680021423,91.65327149667871,5.250705050296584,9.532826197601738,58,0.8562761362209591,1.4008707177564736,wandering
2.4666953580523083,4.512498669769457,8.510970236673643,126.28289161067006,18.837654558126772,26.729124733509913,6,0.45031037871161894,0.4442600552397539,distress
0.9332527355005983,0.2770204331322267,1.1231297254990655,74.32482219561521,2.481200843657585,0.3133117769893854,0,0.18709464458979552,0.0,normal
2.524656202375072,4.98783328179559,15.547943442894587,103.30579821894679,8.058647995127659,32.930864322283014,0,0.03239658788007264,0.0,fall
1.9771016295618664,0.9770091308347663,3.27949785026357,82.70506613272981,4.288192967681418,12.608930590264642,50,0.8422152417787501,1.3257052411201964,wandering
2.5599025351207523,3.2404737934686736,5.934572601554333,104.85829656463282,13.126016474769205,26.395992565970204,18,0.6858039186453609,0.0357410074478785,distress
0.9284709404954252,0.12932087649468854,1.065623514552621,74.35239621468273,1.4591141704133195,-1.116016943161251,3,0.018453471596320072,0.0,normal
2.9233722371620594,4.3775877383792565,22.81226015638879,87.10477563587703,12.131608542210397,24.48804950961227,0,0.016797956771332934,0.0,fall
1.7153298266766086,0.7069032935160585,3.241537972139128,80.02803355574143,5.426288741503075,13.836631435451267,57,0.9702327768151662,1.0118963008132535,wandering
3.577958603090029,2.7167947180155494,9.22303954142565,113.81363106234737,20.324328029678384,32.0129008302441,16,0.5219571862930625,0.13717239844152995,distress
0.9384312025474734,0.24647494244664686,1.3080422222600947,67.9589194267956,1.3990544922946515,0.5290583346417033,1,0.1289614111532416,0.0,normal
2.14073308727974,3.4662437825556918,18.544441788912508,101.92910362200125,10.807111571712008,29.037245020358345,1,0.08658567241775915,0.0,fall
1.6432092260616953,0.6704103764086543,3.0371828492721686,83.63134131853613,5.959070098298932,9.750989513815023,32,0.890208014111436,1.0757218280460739,wandering
2.4010775865798313,3.9996623266537625,5.899249982788138,121.28276529050234,18.59728296352741,41.09092510767963,13,0.6323916286790559,0.33810709223624985,distress
0.9678651748621728,0.07119252630694471,1.4731945860160154,75.52507321165172,2.681377325704415,-0.29854268577645504,4,0.07224134940873031,0.0,normal
2.3906830030904525,5.409050638900297,24.868862104291864,101.28453088766386,7.36246338922519,29.5852342415996,4,0.0017560967135420548,0.0,fall
1.5222838127636147,0.5458434913718436,3.006158535843088,92.37644872871769,3.8874577991656283,6.453846751960085,43,0.9228459430105563,1.1180343328022735,wandering
3.8648710961113384,4.8870430009040575,7.936248267790237,122.6352110302363,15.391617395250467,22.637644502169493,17,0.3780773513483658,0.10028789120261777,distress
1.0651071747669323,0.28425326030953435,1.4339927407873594,74.42960143328885,2.1857512537650425,-1.8255512678250745,3,0.0354037911143815,0.0,normal
2.2261966480026336,5.475919181094108,22.592794335680747,99.70827454918062,6.219385361629254,24.95166635111669,1,0.004046069614945347,0.0,fall
1.7353059710682512,1.2796439722222759,2.529867954088036,86.02031418804533,5.022674888283781,13.039397565420193,53,0.808424354118253,1.4145343840070932,wandering
2.980959524380638,2.6739226653624093,6.416619786911895,106.96933243400593,15.00552907602339,30.755876275538018,14,0.4978749426459447,0.3175147199017562,distress
1.0805072777774654,0.15144068429733137,1.0383371720877208,72.99390229842385,1.9819054726860499,0.6077426444908451,7,0.09570956947478303,0.0,normal
2.27949195195911,4.01724620406554,16.405311399877807,107.40244195598001,9.63372239743698,25.819504310164195,3,0.045477427860475074,0.0,fall
1.2487785577595474,0.9090150636376387,2.0718804455393993,90.26616341290847,5.539401137450586,9.70732959850979,38,0.9001389762159328,1.3556982658583954,wandering
3.72803274699183,2.2207540737814417,7.728398117260324,115.68297387092973,24.35291331063563,28.30626488565078,14,0.5730976005187066,0.10400006177921678,distress
1.0839263642105177,0.24502295634643095,1.482170812115415,68.50103225285261,2.5070274602903755,1.6676636199731139,3,0.05882637772159967,0.0,normal
2.2170978977362026,3.017208324787895,21.8515420946593,99.85383123455364,12.26938859207521,34.06823211353402,3,0.02791259909628139,0.0,fall
1.9190882485283054,1.2802685745020774,3.7004736100014357,84.26951275526639,2.2678343837160635,5.970641084862525,44,0.8321466747205384,1.1411557621003097,wandering
2.032129995065218,2.099068968526463,6.534519333358411,116.32871676440898,19.741069549025113,39.84993885180799,6,0.5341086420328729,0.01914540290302502,distress
0.9842681302070515,0.11014089642262022,1.3560143478815379,76.1611444431301,2.947663041161505,-1.5006545212636202,4,0.1840322588512672,0.0,normal
2.4980573697883375,3.7095541178596285,18.2732852926759,109.38501351609618,13.13797221574554,31.954131698537186,0,0.0698530450159996,0.0,fall
1.2766394844644267,1.1117131498329482,2.4638754092089776,85.0708436002386,2.847755886596708,8.268714503964599,45,0.9520031811894416,1.2275088785912378,wandering
2.672882502259199,2.543146128715486,9.311439747208908,115.14851894066504,10.339922581968251,29.947454843590364,13,0.438462646664323,0.38585838767433384,distress
0.9511828043079332,0.1319723486475996,1.2435619927977912,72.16528595972893,2.0559287870160374,-1.091642232818296,8,0.19666951080353626,0.0,normal
2.351212993331095,4.943866210984689,22.56550378877927,103.33456402595611,8.113847873996201,21.762020915959916,2,0.08907072750376853,0.0,fall
1.6666216807263137,1.0585611879475896,3.1838715454120567,81.75076732434675,5.00314862678251,6.079858634985833,32,0.8916313756055098,1.0532167303943498,wandering
2.9695212921840834,3.6673461924378845,5.034184284951126,116.99387824392255,19.614944689879476,33.023631943313404,9,0.6613936282697774,0.16599283793816388,distress
0.9400088546622065,0.11270313865791033,1.4394970953387238,67.36056367117575,2.2917940070048766,-1.3850939553687067,2,0.01737459558007719,0.0,normal
2.1400664453648846,4.839980021177951,17.52915709993762,94.54266866261408,11.279842515593604,20.51380066815362,2,0.034501096358572104,0.0,fall
1.885530555580727,1.3670967803807206,2.7604184685135937,91.37686284006391,4.5926227885616795,11.179844196489809,50,0.8959878120951769,1.4105043438397273,wandering
3.0030387342659193,4.36198664021672,9.092294582912647,117.11367101955437,23.100874729707055,39.08772271537384,18,0.35780908214590107,0.27614116599996447,distress
1.0521632683026196,0.14212928285357396,1.1835059899013243,70.34196820406432,2.1067867931622817,1.8292568483407252,2,0.02354742607932341,0.0,normal
2.155423273654793,3.2588157892912077,20.858380461504865,100.07346641790251,6.389467873819933,31.989321306938535,1,0.03579792867220699,0.0,fall
1.2060726315087567,0.6887452786241317,3.8770706627496256,82.35986968167732,4.07846874924208,5.675400516111876,42,0.9481518464396572,1.2904506840998398,wandering
2.822490412057317,2.8637866897179567,7.438864221099953,117.40410046851702,13.123109382222992,29.789178216962405,10,0.5828361283947996,0.21321517011881325,distress
1.007563552834853,0.05165688176736015,1.2958837860066013,71.90993135397723,2.6018979955058485,0.14974167128198257,6,0.10615108571465647,0.0,normal
2.671025291099574,4.742237459588152,17.564114440313695,101.39632621671993,14.967917637935646,21.112293934950067,1,0.09817326585426026,0.0,fall
1.7970043338124884,1.175504547186417,3.3767396435183503,91.01018129413217,4.983109700745517,5.9328463160465725,56,0.8118132256438558,1.0386592352468542,wandering
2.8605364968575424,3.6837151044202505,8.8144446276539,125.18565614541347,11.810093446964839,35.03086222783725,12,0.6726057683576538,0.05051556335622043,distress
0.9945156272143683,0.10257164815825508,1.3762492660786587,69.91366894924171,1.7967446960954896,-0.8341064565013485,8,0.1918439680396355,0.0,normal
1.7033664376897868,3.0403580056591704,20.860171340039876,105.92885899491404,13.29438271735765,30.630157625912965,3,0.04418069712137747,0.0,fall
1.3813375660904033,1.3288571152760782,2.5141707825929,84.53855294227138,5.137976454777521,7.46150905000555,45,0.8322171622798473,1.1482409894642198,wandering
3.765364298080593,4.503482327294487,9.101215743037812,114.09581719905502,10.32743136499075,34.010092444833006,14,0.6413928269427351,0.4276470864553678,distress
0.924421587617952,0.09655831936282826,1.1591195914786232,76.80664058277637,1.0896061577534737,0.7035303140798264,1,0.070441508654014,0.0,normal
2.099638935687896,5.286547758906364,16.89003404663952,90.29241330989129,6.026744635027901,28.37185296413608,4,0.08669296977440827,0.0,fall
1.6778745174632432,1.4017387577106546,2.7078858032276187,92.9307332218009,5.702875542644666,14.769501744562003,59,0.9018871231667486,1.1567879612632497,wandering
3.6498533058837923,2.4467066654134553,7.949212976557587,104.75949774304956,21.335327447439653,39.101693889334825,10,0.5774536983152563,0.42958836703519115,distress
1.08819493225003,0.2870856422334884,1.0031564005424838,67.90869399682109,1.983984409414765,-0.25744891778132795,5,0.05196251332458948,0.0,normal
2.8877464804592217,3.0897803512693507,20.191113635618283,108.42797830870227,11.749585715470243,24.037369052270503,0,0.08828636421186928,0.0,fall
1.4197208074262786,0.8955631049312293,2.451946192933856,93.98546641396291,2.100247411580952,6.8084057512333445,43,0.8693609365009496,1.163411334618626,wandering
3.2815705568617775,3.9382842188225924,6.394812022806739,128.07472482370582,20.155779348891635,30.027802585564153,11,0.560988498115961,0.23758474663051654,distress
1.0493034585660292,0.1769709843992917,1.4614113435292142,70.2203371796247,1.5046018466352022,-0.8871924426026894,8,0.011276359026434002,0.0,normal
2.186406053420586,5.7665788235629005,20.519006336691852,103.27665826628929,14.57313784450952,33.92349137223627,0,0.04008634509936413,0.0,fall
1.5839346122917048,0.8571857761707521,3.5231317442706205,91.12317844167278,4.872512311470628,12.589226399026618,48,0.9907273168903827,1.3609851772546264,wandering
3.9157504404143753,2.087154296014344,7.193257317190299,110.35105196769105,20.285227623851632,25.768374092607253,16,0.6298452441659064,0.21779391230783673,distress
1.0424912279683685,0.07951633257930084,1.030746089996668,74.2403287737558,1.027508441274419,-1.9272660376073896,8,0.05856392337130274,0.0,normal
2.2373186849954085,4.069291706439893,23.576251712848517,102.60659360172465,6.176727176068283,26.0298335853211,4,0.0825976216923899,0.0,fall
1.809354150076508,1.0366973286899142,2.5690001337497614,91.0615358515991,4.7492862980365995,13.853688820641876,45,0.8823899918276209,1.103487872657017,wandering
3.4463140171761593,4.036325603625938,9.4680161994788,105.85032433691435,18.221094009254095,41.52621071385669,7,0.5880631087214683,0.38834874301307337,distress
0.9344140742965148,0.12499905856655184,1.1249948867629556,69.49594586600512,1.7431672617730758,0.8009922417559019,9,0.1859325014557952,0.0,normal
1.9990127490204075,4.228324420141538,19.109835588711867,97.04043058816951,8.847361598270773,23.72968978721023,0,0.08931938491482079,0.0,fall
1.9030737422078634,1.035620457775957,3.733441506261901,84.28854170011152,2.4339663614522262,10.588449610431319,44,0.8814871494040804,1.077335110679966,wandering
3.2088784397040406,2.926142846693307,7.183570906174704,120.19814462200864,18.936102112522683,38.49507948254569,10,0.49964938424174277,0.3392945291535156,distress
0.9758664208073771,0.19436845005677783,1.339871186336472,67.80631904539865,2.0532028290014512,-0.08219446574603362,1,0.12762738513405894,0.0,normal
2.1485840854514504,4.081405638347026,16.91134791784624,103.80534254338528,9.033169731184763,30.69088099313185,2,0.07597786372865376,0.0,fall
1.957575917870313,1.2106377304525708,2.6244147516711536,93.64837557244415,2.3584356705239244,5.517319286742638,53,0.9006838862255064,1.4694966652268393,wandering
2.035513793992156,2.265153932480583,8.563971943099457,100.96016972058513,11.450866415365928,20.65096394196222,11,0.6016947973993845,0.16735831925674766,distress
1.0535662614254893,0.07242054672197022,1.4774149558476666,72.36567995620283,1.691037485492954,0.7023200915553045,0,0.107665574919132,0.0,normal
2.266268478341215,5.4848674593376145,21.079490113021908,107.34788200688384,5.095114466642499,23.629167795824124,0,0.05072524698743709,0.0,fall
1.9289667353361435,0.8429994944580558,3.983238716098331,84.63883305493431,4.520169487387872,8.165386291257683,45,0.8295100802735303,1.4479864532450895,wandering
2.9498113083561113,4.115459200765265,7.309530657945815,101.84846522909072,14.10230598231143,28.165360984019664,19,0.3487849961037918,0.3956333602532264,distress
0.9014113707673804,0.1711708005600422,1.2563132338448553,69.22126608713361,2.7154290664019367,0.8263078155752415,6,0.12419192147220373,0.0,normal
1.6610531767664296,4.767711435241678,21.31956080508446,93.1066744341322,7.7583776922759675,20.2246533014175,0,0.04435035854867401,0.0,fall
1.6236497194042117,0.6233465073316241,2.240077658275927,88.56179685752572,4.0628358921521865,14.576381706991388,31,0.8266537317300087,1.3639192561600557,wandering
2.1907192079622093,2.142897520830968,8.660609634010932,105.75648836214857,18.125254088092277,37.70054024577021,14,0.6771656056684325,0.432847930791301,distress
0.9326664535870782,0.24290152547253907,1.135579136310121,69.61828718223123,2.1721868467704653,-0.2413297902682472,4,0.18634581478134898,0.0,normal
1.887201168948608,5.496720019543111,18.952047360494028,97.23626823357009,12.98252675798719,30.21659101413079,4,0.0022669903945758962,0.0,fall
1.5676372918042443,1.4008391274799,2.363058318893903,83.26970607827984,3.667362413828869,8.433749099300211,49,0.8283561291848724,1.2466118738370024,wandering
3.3194973386646183,2.9978818049941904,6.434585415727303,112.43282435051829,24.434691168270398,24.291811041149167,9,0.5646802248311442,0.1766187857604814,distress
1.0667659835420156,0.15144683729598485,1.418703589158317,70.7379833970557,2.773462373450135,0.8373063024267631,3,0.10468845895958222,0.0,normal
1.6762437124996468,3.267459125560439,24.278688207561565,105.81617781739413,13.719486984188247,31.004915888159452,1,0.041247858725554004,0.0,fall
1.6517916720456602,1.2698230327769444,2.628818696337879,90.605278700061,5.357478699915653,12.142070003265097,35,0.8874444534355261,1.0911269503791168,wandering
2.042850591332802,4.83992636622645,9.69806845951356,113.82142481899214,11.376917997701131,35.37749647701585,9,0.3139705958509152,0.28084733556819663,distress
0.9846739662619697,0.2507198890848108,1.4051791845340444,74.0476362867458,1.2979036295642263,-1.8654636977506578,4,0.02855366592671307,0.0,normal
1.652560308961321,4.56977127467654,15.857473220330533,96.52650072985978,13.49935015177427,34.30214048091749,0,0.0057311940731738405,0.0,fall
1.419231057547381,1.1473039486677226,3.4845620037082137,94.06857018181532,3.904725834879826,14.413963443380272,34,0.8093726065922123,1.267791095577393,wandering
3.1722521743109025,4.600293386485568,6.811780473502884,117.06494195800381,21.932015968149997,20.16963063737826,15,0.541813114937168,0.3978806912273937,distress
0.9179477720844083,0.18377786247113992,1.1335583854508382,74.79688210866108,2.239746510838355,0.957020998597736,6,0.005369922271876826,0.0,normal
2.6232963344203677,3.6133307731084994,19.164379028776555,96.88700139654296,12.709689029025927,29.976202087480864,3,0.004277548574543289,0.0,fall
1.4762344288853027,0.7047229643624148,2.6655826504199682,90.47551290859887,4.286434615297754,11.885195763911698,52,0.9096869345008008,1.45680402516194,wandering
3.6254532766091137,4.2287281817913485,9.647218202106886,125.20054270892247,15.990491931143005,26.422491877998844,13,0.6773732358952268,0.41934000166891144,distress
0.9696756976437989,0.11731368549817832,1.2422091048987853,69.16389599705282,2.4381736265488247,1.443499264725308,9,0.09483297516305991,0.0,normal
2.78905772660456,5.199923006872031,17.443124496060165,106.02837045842021,9.977398509849497,32.36454014262654,4,0.04161891865486396,0.0,fall
1.9439497124877285,1.3031554973696733,2.4113691438202616,84.05476544902912,5.927106785566206,9.996125204376549,45,0.9758557673980464,1.16798754716371,wandering
2.562081780791423,4.78227016670393,6.51046848882806,122.24908638202868,22.594919041651362,18.20350219931055,9,0.6521712306737684,0.020576815901299672,distress
0.9245562373855418,0.20542770458279414,1.0821464984407578,69.30045282444358,1.1295583847658115,-0.21585081501560976,4,0.010277986327418255,0.0,normal
1.5629398338025373,3.0488286607588773,19.380785202716645,108.37742009442779,12.15196873863284,34.49145521643071,0,0.004772844781488594,0.0,fall
1.9430508468591987,0.5102624131811545,3.6421927761858575,85.45347115647382,3.9408150380999234,6.382298064548517,33,0.8568903388392295,1.1982221746433905,wandering
2.2478424642944046,2.8210760996949618,9.319917441263211,100.71293626677347,23.116786493811368,39.14575165003714,8,0.6007830288802095,0.22815204512600767,distress
0.9190184635635686,0.2245974857259782,1.1336220615179846,70.7951604311974,1.1042475004312649,-1.8162573097990031,9,0.016855474065939704,0.0,normal
2.200347841750397,5.841396843450057,15.477177346637284,95.83776210666252,7.489750055246032,29.086737657050623,3,0.02221035141601582,0.0,fall
1.8766848274505505,0.5119654308032147,3.372978618482456,81.34785461418589,2.661935386333029,8.013934882496574,56,0.8442615775907913,1.0519076736329094,wandering
2.403468249724492,3.977963200443654,7.311316811812965,129.60506729070178,21.371126077376157,22.057075375274618,9,0.5980041085784416,0.42540289039884716,distress
1.0836703299953747,0.2503798531829898,1.3544292027002354,73.64210572668242,2.9805794700777692,1.0370569964310774,1,0.04709408340189987,0.0,normal
1.5512061163778426,5.622375468824712,22.118736364303874,100.5313021302884,13.267621069708621,32.1356821373769,3,0.0888824404771642,0.0,fall
1.9211902319778926,1.1399487275516198,3.172395273323267,92.06844294573597,3.792296064171577,7.174516417970836,49,0.8693246039026375,1.2902858317948709,wandering
2.051395573292234,2.1169695336092205,8.58720187579829,111.0161339372396,16.944241312413514,32.453884441357715,9,0.4601427702147777,0.11394032754792083,distress
0.9514031263166179,0.22886072119937417,1.1743376334682618,75.83683638653352,1.6600846820888338,-0.788131972353864,1,0.06517771691029393,0.0,normal
2.619553672783439,5.393099135265666,15.88144207179413,100.38652326560347,9.82934549500858,23.499079997037114,3,0.06233183574361711,0.0,fall
1.8654225539927947,0.6903642452801364,2.9544291126883926,80.1935674164052,2.7848568625626906,8.006926057520785,40,0.9941548916289311,1.0525544299310032,wandering
2.5177909624444763,3.264676629596232,5.917457440311814,129.03989023365295,13.706110907543104,23.047267620847244,16,0.5013437713479868,0.49684547611436053,distress
0.9102598770302474,0.1638101998708918,1.3758092926174332,67.82408036712494,1.4705865194204302,0.9824649667400074,8,0.17227229260483531,0.0,normal
2.773867003656157,4.666526528985812,24.180310313434365,108.94798694314666,6.385977226463365,32.05434797190392,4,0.03171007837615976,0.0,fall
1.7320873887814268,0.748272151505231,2.5051262924153095,92.78408600148485,4.037057382512996,8.505331192070688,51,0.8073147240449342,1.2838669459098462,wandering
2.701356427521609,3.363249448761193,7.114623645187674,126.48276813980826,18.118816864259387,27.99020563508486,19,0.6225076043919198,0.4890520844221704,distress
1.0900634301937822,0.11746649399655625,1.1495092863375922,68.82808305543264,2.234930388471395,0.8896648072437752,0,0.025276461460420396,0.0,normal
1.5757242189986154,3.4585266508935453,15.211502730178253,105.27536089154356,14.032787663327506,21.371758674923047,4,0.06961100018719195,0.0,fall
1.648026780169311,1.0749776727355576,3.698638857053718,83.95435542717294,2.66926758161005,8.91080859297903,53,0.9377525594705108,1.4415124229102292,wandering
3.9405639786040596,4.5090904281410875,8.103882177236915,114.03862486294494,17.671131175554596,21.405302832052726,11,0.5525115403384908,0.038555979766205395,distress
0.9861822137352257,0.12325392577632509,1.4463729286256757,70.23258913121707,1.193388143967532,0.31523668421601325,4,0.06053944463548225,0.0,normal
2.6723604640798824,4.993610801824243,24.955422238173036,88.8824499874364,12.466402167401952,34.18658994218514,1,0.08723460204672911,0.0,fall
1.7412608350624013,0.824740475449656,2.6294744686813463,84.55675165124852,4.185796325498044,6.732139884278321,56,0.9151383340784063,1.341346400106081,wandering
2.1325298725600765,4.3404868212768415,8.655191124748656,116.32319512927327,10.522970994289853,44.140348141192675,6,0.45885245329954744,0.4704756270322374,distress
1.0667347408425274,0.054124553986300464,1.361301380259917,70.06830518049993,1.4495343803374507,0.06476153096163006,4,0.19490081389936198,0.0,normal
2.67694359738054,5.036623229309392,22.987861573154397,85.77102961056788,8.321406270394297,20.141198262999424,4,0.05948497764654054,0.0,fall
1.5541382969767334,0.5046665065937296,3.2167558319635665,81.35616675497245,2.5615403896524382,5.984224389399398,48,0.8554346865514911,1.4063769462453268,wandering
3.638711350296074,3.6975027644304896,9.050356308887546,110.44381067430257,22.858582787373138,27.785095628245337,11,0.465390363768287,0.24114973368539033,distress
1.0592653064136872,0.24289883863077238,1.4634130906942215,72.27658650641101,2.5079313590396035,-1.672731063839866,4,0.1378795187198446,0.0,normal
2.353905349173614,4.154862157539793,19.805495876680688,103.13171175736952,13.032226753029072,28.302435530173547,2,0.09090089598836043,0.0,fall
1.5009672644407492,0.8296732525731119,2.540061407360553,83.15055905748623,5.137548981770189,11.806848968277594,50,0.8805473959534781,1.3041160045459752,wandering
3.8330269748805463,3.1485082145318093,7.268252920578403,108.58416510725709,18.23934385058608,44.86814478163767,16,0.5119942031023622,0.14671725663710888,distress
0.9719765337269408,0.133077653685448,1.1994835548161897,69.26779504196453,2.0928411935257523,-1.7850909394891343,7,0.16433154702445857,0.0,normal
2.7271756654643813,4.642237909008426,22.764650910197183,99.66197598111228,13.57680213521564,28.17723362744311,2,0.08085752548529825,0.0,fall
1.7447993821470646,1.1876512353872988,2.317962638720773,80.84254278397837,2.393278022053952,11.90746387047539,55,0.9792969836783506,1.0582381255415754,wandering
2.482671895182813,4.726433970897668,6.32727075060605,100.49716726295128,19.06381752313302,32.995040973817886,11,0.37220901393453226,0.13030160396700002,distress
0.9896310324990378,0.2548389965820147,1.1027026864620972,67.39859251835935,1.8629308948633574,-1.8189411545077077,3,0.19735671122475185,0.0,normal
2.84554843428551,3.395138126047513,16.63628785447469,99.96496378442357,7.235613530053828,21.428246221727786,1,0.0554255377487936,0.0,fall
1.2905625144096686,1.3847562585328952,3.899531799782319,81.33065255216799,4.681518569333668,12.429871917746324,48,0.9769600360345061,1.06893565202027,wandering
2.5372584031312555,3.101906557240019,7.45656794846888,126.65262340513584,23.68751117615793,42.18758960412941,6,0.6799651372395235,0.45390068314185267,distress
0.9512219765629158,0.2007977612465145,1.2222661723598331,73.28582720098598,1.1915893666016686,-0.9118568263593709,8,0.17461289113739384,0.0,normal
2.4755127661239893,5.529529952576183,17.17856743792902,103.61888824445758,9.172952108017332,26.314218181119514,2,0.041616726339971266,0.0,fall
1.7336389529714618,0.6657206082715231,3.250975079363683,87.30853538586018,3.904383916283208,14.665507323588837,52,0.8082265532432451,1.4536083034549006,wandering
3.494416531944357,3.7847958588642494,9.397499650951982,129.35072607288683,24.107478379584137,42.91595195721007,15,0.5505067278295128,0.08163056291524451,distress
0.9277286770338414,0.26200439699434785,1.0252455059894923,74.97724856061608,2.2189266319422165,-1.0018680360027,7,0.09995372303119293,0.0,normal
2.5128723980921084,3.3779951184867323,22.35269244112314,105.35275926591292,12.971027993911836,34.347491962210455,3,0.02194516229808068,0.0,fall
1.229527108545996,1.45382288839567,2.355639023720788,91.40229741505485,4.5584320918338435,12.125879486321605,58,0.8529062107405354,1.484546536729296,wandering
2.8135095504248144,2.20541246552078,9.650954133718528,124.87906424946598,11.35044354889872,15.211159043893655,17,0.4746405206630927,0.05220835973573662,distress
0.9202613494665236,0.09559349605936064,1.3303717192093618,73.44485424466278,2.1920250565838435,0.16935172631758588,3,0.060834916985653,0.0,normal
2.3336698076544007,3.163594218999224,17.721593478389536,102.74219864702602,13.365945333366557,33.69942348632062,1,0.0980241839541735,0.0,fall
1.9137279722379756,1.103436157667576,2.7337604544468137,89.29873329737296,5.227559205237551,11.085400755398382,48,0.9958008456297274,1.1768246356835006,wandering
2.390366335050104,3.0305567924370362,5.039873989312631,116.72983410763318,15.759295208888028,22.81413577987765,5,0.6113917903069707,0.42544977367853604,distress
1.0695970000193684,0.13700198765472904,1.2960304731679977,71.08578114310666,2.2851217154877963,-1.6399701094149925,1,0.12775889247662497,0.0,normal
2.4573217423950346,4.792334383133076,18.838342087769767,102.42266784058921,7.240475706640444,23.830203043527828,3,0.018242420791291437,0.0,fall
1.5088027748441983,1.1188322456240067,3.713189560601405,84.12936259145224,2.447599986300751,13.311853985617265,45,0.844565674465364,1.1032447918712134,wandering
2.32298394580474,4.67595811282569,9.981441164593654,108.20531450632957,17.275211410523514,43.05372143644385,11,0.3382754373779384,0.013652410325213027,distress
1.0226988015932112,0.26638010482228025,1.4770785500886827,75.09365124516056,1.1834353666861106,-1.895383931001692,8,0.1933013541892028,0.0,normal
2.1109277848246,3.1797487424531097,23.029979537718123,95.84285667630982,7.528442239199623,33.27476622402698,3,0.062160293864286245,0.0,fall
1.9660923330837055,0.515774098641807,2.782654637907706,89.66702921946094,5.922139855569379,11.859244522107744,47,0.9006707843431893,1.0736485242708218,wandering
2.457402338235199,3.240090832133535,7.005992646954607,125.08590384470979,12.904528443243834,31.61660797487979,7,0.6747651226787804,0.47180045306061386,distress
0.9263524148499261,0.07334046372129631,1.1484926925394996,69.79060816297698,2.070641804102003,0.5441986645040022,7,0.1848280264709994,0.0,normal
2.3291128122171476,5.542208759864721,16.139880185141692,102.90539394062846,10.83233465380839,22.882006333399787,3,0.017257417192503167,0.0,fall
1.3207997185077371,0.5623876994898943,2.1365503543716278,82.28351887782448,4.128570484301479,6.197939041441629,53,0.8124488989287132,1.4923157901765252,wandering
2.943455429533685,4.689333747684743,5.901673696671558,106.9561179012516,11.841199055581704,29.54460144274374,11,0.5568477306026091,0.3383254416756834,distress
0.9841668207434198,0.18238208900119857,1.1465996036688098,70.10637085194752,2.5364516609423715,1.423647592538591,7,0.06421305508626465,0.0,normal
1.7863452251658631,4.935033301683318,19.96038608582876,96.84665341526679,10.381929846920077,20.764503371653333,2,0.03951757873888109,0.0,fall
1.924386237844213,1.0520075100310342,3.4735585257662036,90.64644245857558,2.4933759965366216,12.270997292383754,44,0.8913833124721229,1.406314515650273,wandering
3.8074645354780436,3.0296062763431393,8.381636082068438,107.81964358907337,18.69726222655727,25.567483302132057,10,0.5721729446113455,0.4634008190950903,distress
0.9574398325357671,0.07591904748925764,1.0354250715714244,69.49858519473106,2.3493354947131446,-1.937820429062647,6,0.12535037768000365,0.0,normal
2.733040509049026,5.552329642971978,19.067546530489665,104.52939885645513,6.901342167551844,31.332564112002338,1,0.0668867084726018,0.0,fall
1.7322047645836531,1.4988522858380375,2.790443840766909,90.01042784065345,4.930308258132506,6.652232995270059,36,0.8335543309184887,1.2083669905283716,wandering
3.229889929979453,3.7175067835462943,5.609998693411059,102.59034451668182,11.801380212105952,17.07843817544991,17,0.6819649351836812,0.0050240421650151745,distress
0.9205029299173096,0.2080926626575353,1.1889752757124212,68.20836550949106,2.3202875639758695,0.4832310964856479,5,0.039063281362865215,0.0,normal
2.004908882861789,4.996147545126023,15.87739779681842,94.23978504561202,8.94336956301245,25.77673924058395,1,0.06742327753083872,0.0,fall
1.5846609758228607,0.6253108312393746,3.298243101582374,81.12820476253872,2.5521214399272454,8.224646821384711,46,0.888147163622205,1.0796784379420592,wandering
2.1655075959556935,4.580013043641824,8.581080915437791,105.60109189254153,14.70630008385358,41.06868129513586,13,0.39701408279681916,0.344434281935415,distress
0.9404294193789587,0.22590499467952357,1.248497355719637,69.45870932418,1.057929949821173,-1.0421299676641396,5,0.038689897106438845,0.0,normal
2.665359582793914,5.608701575669702,18.268198121149513,85.9626016695427,12.297213627617165,34.632698277753114,1,0.03408043225900275,0.0,fall
1.2782838976864999,1.0205646113501488,2.3831160582577033,82.35547689128406,2.8470893083424786,9.97960933820768,46,0.8205013530789135,1.287305239264664,wandering
2.301778630675157,2.5719850867956984,5.394020316642813,115.86969363890545,23.174742642050155,25.506115559752093,9,0.40992509000071087,0.17159453472432484,distress
1.0709359694413305,0.2706026352174735,1.0077227778230107,76.84008138377752,2.9571965219919334,-1.2079454509120877,0,0.031750806301673616,0.0,normal
2.9843877843143867,3.7926034211094706,22.5255468704881,97.64663326724097,14.83119880895009,20.210251696192024,4,0.07920745434821545,0.0,fall
1.5118944027887242,1.0608226131004708,2.404978749159179,84.96584643940001,5.687601627279552,12.884104751923452,54,0.8790234827367396,1.4967040643051088,wandering
3.49039670169114,2.3437642933714686,7.69331822981961,103.15801026941546,13.400033162487393,31.81853567865368,5,0.3469273260512841,0.21256568046942081,distress
1.0781246026674784,0.1690025365210175,1.2263989099173922,74.25606771951212,1.8001927946395606,-1.208492344326637,6,0.11237937485152855,0.0,normal
1.7513052432676108,4.027461956813427,16.16610234197599,90.13037684898774,9.870133009337035,22.048801107544335,4,0.06209011840108411,0.0,fall
1.664573403799129,1.1506903274443807,2.836602221612832,88.46544686254768,3.8976238162235153,13.599875609421058,59,0.8640151389183012,1.2403167021457597,wandering
2.6284633967152686,3.0451404426464808,8.661822011471276,119.42601962273642,17.215586314982342,16.01338314063166,13,0.6751984417051816,0.03328738266512227,distress
0.9664231172818247,0.22845659582156885,1.4795370862004553,72.39180554977307,2.0139224640155833,-1.5226896744121068,8,0.030766460750835646,0.0,normal
2.363852225382373,5.669764640260201,18.8463873372142,104.65024244042581,13.41375518613646,32.00829995472077,0,0.06578596200132034,0.0,fall
1.5033572532906323,1.09971259132212,3.0630828652906503,94.51180733468976,5.246728768064951,7.19660856074942,49,0.9973570448519894,1.0235926561745254,wandering
2.976954102790215,3.360932444634455,5.3048911108838785,126.13749269788288,19.747009337118666,42.45012443474128,19,0.4457511062079984,0.05811660572020688,distress
1.0848532857664905,0.2519338149568546,1.260134862326926,74.42341172449309,1.6760513690709216,0.3172548419487735,1,0.17239298903313935,0.0,normal
2.1770232579703883,4.1709314309109615,23.678891460164415,88.16398419405613,8.310376391413259,29.512039833747302,1,0.002918318680809051,0.0,fall
1.6350587621463464,0.8920892847500054,2.3575023991294897,83.84073109241506,2.3946907557075123,6.596544206579974,55,0.8006840351971469,1.334254812025797,wandering
3.4874776542428743,2.2363612484285977,5.617116069285605,105.25729989526612,14.41905417420243,31.605327569709296,18,0.5190759654755223,0.05241063800662171,distress
1.0665637383921793,0.19165707832649204,1.4659103059153118,69.67020475511494,1.2030471094262667,0.48711750414707167,9,0.07016138618551807,0.0,normal
2.357139745344299,3.6507995148887273,15.867139325619032,88.3156425680365,10.040201494491697,34.33113008266473,1,0.06765376060724784,0.0,fall
1.5042233008632298,0.9115590427430877,2.6239687597609223,88.2847434998924,5.6610982013217175,6.911947523938679,44,0.921726075820594,1.0387827115843797,wandering
3.678727137935434,3.8240527524151635,5.151779470221331,126.71640978269839,23.542276721754288,37.4720428306809,7,0.5428773421280261,0.1373338450339882,distress
0.9634796268603892,0.18078048591252488,1.2336966571564207,76.06187049471475,1.31711128473155,0.7427958837568442,2,0.19318262786576484,0.0,normal
2.3483243288609925,5.889511455410394,21.76323468291544,108.57643414697529,12.101322565762668,25.640099184704827,4,0.016653646623602424,0.0,fall
1.2533712487447273,0.7124184552305127,3.3373629517492445,92.98030134472279,3.6509500975917035,12.286528631782344,51,0.8744862067728676,1.1293574919444092,wandering
2.9176266811042026,2.0916074816616703,7.727540886592985,107.46827027050156,22.53771038178199,26.78764357830611,8,0.36855362609360975,0.42436460325900366,distress
1.0959752080486858,0.06314307907483054,1.4663417757624637,68.13820558614441,1.6876315979136933,-1.9925362423909814,2,0.01765189107514822,0.0,normal
2.146045744160869,4.275836800759137,15.59396870367888,99.62000746197792,10.161812856590252,25.088578117761628,2,0.07510779716004982,0.0,fall
1.796465782607687,1.4494084877958775,3.398112725540016,93.6919560561939,2.3436321035711263,7.921213575179825,33,0.8495146865679369,1.125939775830925,wandering
2.0707671641801406,4.970417324504788,5.6480469388942005,109.73039330914682,14.929575526325298,44.63002234943671,15,0.5767565417541004,0.10343561487382014,distress
0.9743268055995358,0.10334463078837718,1.1411192597726632,68.53743944288861,1.3378342850701048,-1.185409831184816,9,0.022303904051851564,0.0,normal
2.1738040233496734,4.071720395377577,21.063269980659847,89.4155848165511,11.329568972811359,29.120264645134675,2,0.03587658976612609,0.0,fall
1.6260364548932915,1.2850804121138477,3.366134931290856,87.43765095377583,2.3932851908556145,14.900856993646045,52,0.8247806901540861,1.4607247541943407,wandering
3.376779701872159,3.509747490729347,7.924354645774783,128.23968611698487,16.330891858972812,22.37644820180744,9,0.5583039055193997,0.48737859408094764,distress
1.0154705380082916,0.2973646557868557,1.4757028397874052,68.23962410762472,1.923215453783157,1.5077278747105698,6,0.16663328048850068,0.0,normal
2.68495589919721,4.667946409532603,24.69555240568029,106.06615905999227,7.505922272470534,31.399402855238066,3,0.03217386596712074,0.0,fall
1.7681995273287,0.8967768379316278,3.548031966673622,91.81529885906559,4.2490920422430865,9.039383494378281,34,0.9150021026248876,1.0776734108363553,wandering
3.044238709349467,4.452504208638263,7.062688634142278,124.1095684482802,24.039250372975275,37.89517181478225,12,0.4404277472364123,0.2835379337410118,distress
0.9056922043550377,0.19838877817386363,1.1774318421579582,68.10057565749028,1.8469815032809518,1.3962086860075948,8,0.12570208922547466,0.0,normal
2.262793581430647,4.5036119160811205,22.846758675698794,101.25443890063835,11.333460289568544,25.190929476526644,3,0.08426135430804096,0.0,fall
1.5135164063519724,1.3726891653572715,2.28249991018628,93.31666505350225,5.498009556760367,14.630703715184293,38,0.968215482232742,1.062558008654994,wandering
2.284283722586183,3.8652141319863498,7.007416425780211,106.17324920958332,11.423430969314008,21.108331343730736,18,0.4851566792991001,0.41726202342743807,distress
0.9874814589897287,0.08476542383668952,1.0982841226173659,72.9154898441904,1.7520889715970653,1.007045376792755,2,0.006001598907449602,0.0,normal
2.801365340372001,5.591798556596421,23.30425327299605,99.51644059736373,9.391361670379794,20.78515602687235,4,0.04007705848407446,0.0,fall
1.9184113875800985,0.8608364512850633,2.306868493844444,85.66744773015621,5.778746703607007,10.358977425483696,45,0.8762384457494128,1.1796639270640399,wandering
3.8597418517266986,4.369797964529814,5.968255973191799,108.45232568141128,16.07042818567834,19.9870960462473,6,0.4982968847054955,0.10808084794431166,distress
1.0706701965077925,0.14854507758978813,1.1625367362108596,73.51518095898714,1.3478645191437408,-0.0964319706803396,6,0.006073059951228133,0.0,normal
2.0229521537275916,4.276956686263601,23.256602363853744,101.59669207078507,13.005607041140006,33.89298725663828,0,0.0694273163974232,0.0,fall
1.9271544410622599,1.2568545092171735,3.232162438210624,88.33714987373557,2.6971605354514447,5.877584778991,30,0.9685733804331026,1.102140531072569,wandering
3.06036060685471,2.404594191187859,5.5745151067984615,113.11970457986854,18.836191414521313,38.811329124398654,11,0.6770816067238234,0.42562511883533133,distress
0.9641006409597992,0.2919246300843874,1.1202942290012763,69.95890809919091,2.103229971142646,-1.3091073750734625,4,0.11165693710361752,0.0,normal
2.3305811239637633,3.1455431755066563,18.99095000035559,101.26765439619115,14.768532118165753,27.43392206396269,0,0.073802927982867,0.0,fall
1.7505025660474387,0.5565067715383214,3.8666974435756027,89.29735598228939,4.403498796965807,8.46439152184122,57,0.8315482855093757,1.4645439057585614,wandering
2.5741864958221927,2.331832410692505,5.851770426445518,120.31236093354829,12.157420307269096,40.01760255206475,19,0.43383966129398915,0.36338627837406334,distress
1.0352167275846225,0.09436740717718757,1.3565459296101863,71.32866488701437,2.748736229483554,-1.0212178285349522,6,0.16171832125921853,0.0,normal
1.8992109389464822,5.719367901715507,18.66074936244695,85.3113465128429,6.924388737310384,20.495045262013686,2,0.0375785494181492,0.0,fall
1.8888287320519266,1.1293040690304355,2.8749730421351263,85.29159864263947,2.487171433350694,11.567693576591468,49,0.9296548625336962,1.323015794607877,wandering
2.0440266549333908,4.961074045610495,7.816567698669584,113.09611234312545,14.983821329502636,22.35852499961276,8,0.5666087163039809,0.1552381848589539,distress
0.9153477426894596,0.10695814220198958,1.2999237502727496,70.77164202274135,1.0615826585028512,1.6839088385830623,8,0.10090359291603623,0.0,normal
1.7335135489438198,4.9014348029640935,17.068853759059895,95.46877470816266,7.542833057150055,34.182439506766876,2,0.02872356843066606,0.0,fall
1.6924996191598516,1.2978655551010774,2.508174280372165,93.11430999361687,2.181602340294547,7.385097532982839,38,0.9481662605615354,1.3127030811734648,wandering
2.7552227754111023,4.946201877836866,5.46227102343884,108.38069237125575,10.892312713750268,35.17868134738839,17,0.43004290628534514,0.09193712336101212,distress
1.0911129265770623,0.25945902440933905,1.4016974821285082,75.54487389033932,1.9262632022019224,-0.07761476062337902,6,0.15001567357644705,0.0,normal
2.029462086625192,3.1555048269689405,20.742842743691547,92.94769572741299,9.055944171206484,33.15322574690198,0,0.026353707595683964,0.0,fall
1.3787508603983178,1.4992820308166335,2.123437137444877,87.01170617537318,2.4387054921460263,10.763740555403157,30,0.8609478549831264,1.2804260936929444,wandering
3.2414230607602947,4.924726848838038,7.543102948712654,116.84608116669705,13.328710425562166,21.519505691813798,12,0.3182808710097355,0.21911732698040315,distress
0.9846283957116537,0.11446124702593426,1.3245954378312603,74.87185876458689,1.2243218994137006,-0.8452729791359923,5,0.1286850840952289,0.0,normal
2.624615775299435,5.501620588074662,16.020065851017016,104.60496291385644,10.407799024969327,23.447072243255867,4,0.04997077285394141,0.0,fall
1.5639816573704666,0.931556699386322,3.2385574417939655,84.63387972366532,4.65545478819745,13.0832925703982,41,0.8161162437888075,1.4263695848575408,wandering
3.867157806582763,2.004654067040242,9.943515009810884,105.42742855022627,10.45520308563165,41.55568276771696,18,0.3566277549114707,0.33014103918518795,distress
1.068603683815747,0.10078982579811567,1.2230026985825333,70.98792593099114,2.177936253622584,1.1206226174409095,8,0.11303025222002504,0.0,normal
2.885770290224616,4.105376220387625,15.897143518882256,108.69631868249652,14.376169225254568,21.391863839884333,3,0.08835265512272938,0.0,fall
1.5609923861777046,0.5056389589225216,2.431602917939909,85.5143159730321,4.642374647692638,5.776152398043672,52,0.9071527603396521,1.402304902740904,wandering
3.51110013167724,2.149915713799768,9.456081901680896,102.84293276085117,20.110034584469666,34.60035993484721,17,0.5671651823398489,0.32341176749220674,distress
1.0124771637223393,0.2940532427282531,1.4630988647075873,73.55228466805819,2.6642039776766486,1.5659285866587611,9,0.1853522867805979,0.0,normal
2.7866871440230927,5.876937985797515,20.049798794195837,95.25225177813931,11.829930507450285,28.142654282568067,2,0.036612356305779324,0.0,fall
1.9100975420810162,1.1537043329459515,2.793228954351025,92.56025383762486,4.321725431771949,10.01120344998495,53,0.8667790931350463,1.0748508571760023,wandering
3.493852827317972,3.3052285935269854,7.489759319780992,122.50729399272133,15.957210229130363,27.24008000228352,19,0.5655383434231065,0.39267901895605245,distress
0.9837217401041863,0.1724478405292182,1.482601486836729,67.5792382410069,1.6628744769816681,-1.3315992033615167,5,0.06713896466819862,0.0,normal
2.608105691971484,4.402422350917214,17.437054919854027,89.56064246560227,6.625532291541672,28.535725491229847,1,0.07487385325511724,0.0,fall
1.665022965810441,0.9168705032060671,2.6187511812539825,89.4178516359683,5.304423061940188,8.021374579013528,44,0.815542353264328,1.4104698713456092,wandering
2.8403097557179873,4.252857634529316,8.300737546890623,103.5688528309432,19.851755294442682,31.999907760287847,18,0.43597082410972415,0.20410817436901468,distress
0.9556698396530819,0.2602763250186648,1.0929513594866564,70.59913035861032,2.0507330341011203,1.7264796533397484,4,0.05872590815314649,0.0,normal
1.7408785756200447,3.9248780633359113,18.113183775962362,89.4512465834226,13.907909132428115,25.99133346844048,1,0.07321026233411866,0.0,fall
1.401801414755835,1.2168427004647986,2.2174354860244057,88.96505097144379,2.568077251450029,5.942421323847375,37,0.9597506287331125,1.1572573510215833,wandering
2.258271626080611,2.8195356055246235,7.437983125554291,110.79112005816347,24.066731072487443,34.951841780846294,9,0.5455696442859356,0.20746069444439347,distress
0.9163999333356233,0.11961610144708719,1.2142306484650711,71.40478445202278,1.8060460143020125,0.6322324553449912,8,0.16035135981428095,0.0,normal
2.4425460611328846,4.874755577558481,15.771713372257153,98.72011436454967,9.188322375329669,29.152185008775064,4,0.0029446323474003003,0.0,fall
1.3968912002845457,1.496595137433642,2.8177962816331075,92.14285396623718,2.484851268918094,5.352264155548542,33,0.9830856336508573,1.0377718190789897,wandering
3.0902835144935246,2.134285422861915,7.867185395360624,102.74834738343493,12.382381311718479,44.9005585417593,12,0.4286894179347917,0.25582710133829134,distress
0.9722764725292578,0.22931191758381148,1.2469214065248693,72.42115805867762,2.3116617363627334,0.7250341892761716,4,0.013425119912638485,0.0,normal
2.420328303886311,4.5178397282016505,19.906808495104478,94.08603974382089,11.445830360424498,34.012497203137116,1,0.0900839525417117,0.0,fall
1.9237586239569433,1.1751163479415592,3.7695000821025926,81.6091727697792,3.0756125904462213,7.773366385289176,38,0.9790974939423032,1.0193418251879214,wandering
2.9539771369696606,3.720448713886586,9.477897309867119,124.08262013209843,22.616456811562752,31.577751807757323,17,0.6380086923244803,0.25048001639167533,distress
1.0183236743165567,0.2804333686685246,1.2829456994177169,74.18498213752424,1.8688435224575592,-1.5614984080900594,8,0.12752547642960155,0.0,normal
2.9094006455884407,3.9782657427010504,17.84433054355408,103.46248050142697,8.650253297894984,34.52949440436231,3,0.03618050354379705,0.0,fall
1.9103911613657694,0.8131565184039233,2.7012565715820442,87.52822864322015,5.724926183464076,12.501684400436165,56,0.9980103032633507,1.1449176058249606,wandering
3.7294785997746662,2.150754053306221,8.932933792490166,110.95443545931849,11.11092917873166,41.30888365049278,14,0.6621365236173418,0.42691722992359804,distress
0.9083875222870355,0.07002062041984529,1.1536603865837711,70.48932742975289,1.4881099015620818,-1.0832174470752873,5,0.18521553943902502,0.0,normal
1.5628270749826003,5.122712262837651,16.523516631102556,100.61510351821902,13.116053510826898,30.30509611156492,2,0.013067984049135584,0.0,fall
1.8955214442068535,1.0849619452063861,2.476295259339686,91.00569222935505,5.355623332049506,11.521968672279602,41,0.8563747072533775,1.3317004948714963,wandering
3.6756915832387262,2.7492675294567848,7.873663601977207,114.7164076680073,10.78254673320433,19.92328697453539,8,0.5947178502237331,0.23431576321836484,distress
1.0814677435788156,0.2793973860425798,1.1192399309853225,68.66206700675205,1.6973087874665578,1.4231238973265925,0,0.11468504539503795,0.0,normal
2.0656134237888173,3.717504139993007,17.69162677034234,107.58325003848226,7.731311866456353,31.611053445406167,3,0.05740198716116445,0.0,fall
1.797685353604586,1.40702014227894,2.6242695819553252,80.78152267665298,4.335258440807038,9.771166809829358,59,0.8129380041440337,1.3300517156729241,wandering
2.311145973656325,2.8506281523685817,6.487829992183439,121.32662374403591,11.833404034857374,21.17041378481098,11,0.6833947614124842,0.026644296652778954,distress
1.029312575861716,0.05460124176221233,1.3678812345522116,72.67555986821674,2.5463234764702207,-1.8186331445292052,9,0.15182975276778113,0.0,normal
2.602159049014362,5.068498573618454,20.240660593623858,86.71396329518954,7.724934041875416,20.939304890874034,2,0.05521424847771962,0.0,fall
1.915560782877993,1.222683099544504,2.6704361143381288,91.41910327274483,4.317478414377131,9.66168435078616,52,0.9580221670487503,1.495514645112559,wandering
3.8796169077666587,3.7059545530170057,7.717090753949954,101.75360806519522,21.02682404353488,32.782782632295344,9,0.4302293006862731,0.18409233937643432,distress
0.9670099777562258,0.28255631744375037,1.0535379573108556,69.6786697345976,1.8768814414918846,0.04638943646540783,4,0.15521937175344042,0.0,normal
2.1618785410432864,5.946253492088027,24.955684229000774,85.19614368539803,7.150465268448087,26.48706067669972,1,0.020647134549896418,0.0,fall
1.262720473975744,1.0431034613092738,2.0715396144729503,82.53213060564592,3.921880883657253,10.98165706377374,53,0.9503152574408698,1.3912553425608936,wandering
2.605886301301399,3.121945737466011,9.33446159966255,123.40686649717351,24.28414739623836,44.14246044625681,15,0.6354776190188308,0.40690554197290624,distress
0.9731106563910062,0.2774874901214731,1.1500397595360445,74.01041335501877,2.2904507523899285,0.5678452709453099,7,0.1344405361063708,0.0,normal
2.407589824914071,3.0074772878812626,24.52501504404137,98.94601195062162,9.59333954975795,28.265008191698925,4,0.09896242057543299,0.0,fall
1.8739931456944858,0.7597468619924664,2.6819968300038006,83.1082857359738,3.19701401659545,6.335991729485153,55,0.815396639776678,1.472765244952332,wandering
3.388646980431914,2.850899934234154,7.906191520032783,125.16335454466291,18.723466135277484,22.932828478220195,7,0.4327350575774154,0.0944022976703246,distress
1.0615131889142049,0.11178262795060244,1.095245790220209,68.2053058238977,1.539784243590434,0.6275375301388153,8,0.1474431638367411,0.0,normal
2.9343631919719426,4.145034027175705,15.7771101894008,102.87420168077131,10.645956461902347,32.75467454406584,2,0.07836202684314766,0.0,fall
1.824237155107323,1.3530084634428083,2.257146246754348,94.13630586389803,3.8645986618663404,14.68423844432223,47,0.8687571542430497,1.3700894146014257,wandering
3.031277279433956,3.4142833429198234,7.0329751270746375,112.66924073753161,24.447259451952508,15.807231242754362,7,0.5412971736311906,0.4126100347168545,distress
0.9734517819641118,0.06405706125643533,1.2849572212504934,76.57108952446688,1.2765813658285277,-0.3025878092909,3,0.09957595361263205,0.0,normal
2.5766754523549,4.31940358050519,17.971681079279943,96.99453439669094,13.943348389226758,21.65045203976738,4,0.09521768586163853,0.0,fall
1.9521988800589125,0.7539174789544046,3.5573275728399696,85.39845164265593,2.268518527187985,14.726926290952711,32,0.818228006466442,1.0222721295033774,wandering
2.967172883098824,4.118676611291066,8.075282079144321,101.67939713845945,16.06082074668803,41.69934653371662,12,0.399974603431942,0.36526901919813004,distress
0.905821265481459,0.09841581261342984,1.271131126324248,68.02224065667748,2.032073980930342,-1.3373737655891076,8,0.14636854437015917,0.0,normal
2.464972472105508,5.597173300753513,17.339695664127895,101.81001814367305,6.70680516412723,22.85358759847342,0,0.049132037117076414,0.0,fall
1.731282586812191,0.9489015428358006,2.0987693258529116,83.34770623476507,3.298857369573359,14.13625870315527,48,0.9105930259099154,1.3487835750336459,wandering
2.414584585300299,3.8273766287304225,5.2867634669476855,114.98972750799598,13.52023500347664,18.17451449337375,5,0.42062999500849574,0.36169116696244663,distress
0.9754050242391717,0.21855723118692755,1.1874808626209545,74.1861701034256,1.8243476888557177,1.970304338269512,3,0.13773506727356793,0.0,normal
1.7824853864240833,4.819893976966494,20.324734253195007,99.51764808343873,11.480859466020735,31.27250757458812,3,0.03559419927239451,0.0,fall
1.628875184625225,1.0433102894589374,2.20200440235873,90.40953374603221,4.3643253877082255,5.245344680807281,42,0.8960168307515269,1.463240417332108,wandering
2.7003837351799493,4.0224920691169785,7.147371529647785,126.53168335796157,21.199952587823226,38.07146574728765,11,0.3068598658295563,0.42492623512174427,distress
0.9275954413694713,0.28147199581569277,1.3563905888072483,75.23585745141872,2.5544711491551393,0.5615771500695219,9,0.09062728138599443,0.0,normal
2.4973063478349755,4.536391398748288,21.411139407143462,100.85635930051038,9.110823019133937,23.352030584046588,2,0.08974301329426676,0.0,fall
1.6443754066008403,0.9369538959154192,2.8656737311413263,86.1185573246597,4.137464042763421,8.550033663878493,44,0.9632148176534278,1.1279469030582683,wandering
3.1846438525223446,3.346776663022415,6.1826749929666995,110.89851690058863,23.010383101797675,42.41999890923036,9,0.3014985219198694,0.2863090020827579,distress
1.098405646459175,0.237122075792495,1.2270325154432165,67.36085433239039,2.19264262391488,-1.8150226182054672,9,0.1796617919703778,0.0,normal
1.6094841135914466,4.965974743899698,17.746573757444843,98.29768779752439,6.9395721448363314,23.498905753631107,3,0.03324628431132588,0.0,fall
1.9596806149727186,0.9200476939549225,3.264349151399238,92.29752110435763,2.228698146282071,6.493299986242328,36,0.8765476010115238,1.1741776273074405,wandering
3.822678236546336,4.212215896234735,7.591956270203488,121.70215219425913,15.348363492211131,36.61839946215687,14,0.365232461954644,0.4540855949347963,distress
0.9090621823590174,0.11992934039454468,1.2167575629479073,75.3214748484655,2.50613266546028,-1.1092614318781506,7,0.07571932309940699,0.0,normal
2.7931523746954623,4.89566961823868,24.865376034126747,96.80964462332388,13.975133847407397,28.525744512584172,0,0.06131863359540818,0.0,fall
1.8151983850400228,1.346612850653174,3.968995266577763,93.05103201740519,2.65868039166795,12.209726455770207,59,0.8774237695345318,1.2534195291497099,wandering
2.3436433886326355,3.643739286894635,8.87246467289026,104.83186938104059,17.8322351845848,25.55918535097623,7,0.6342517060343313,0.4122013799825036,distress
0.9323582656854953,0.07684623611500895,1.0820178936350218,71.1261418021013,1.5273244593395636,-0.860821376707348,5,0.0917618970529887,0.0,normal
2.7661724214907375,3.3458182124998084,15.014485424006041,85.79905322393316,7.347974196817723,23.528102520051423,1,0.09108352067931533,0.0,fall
1.4959048568866307,0.6985444576774597,2.1346035186865038,81.9629719866304,4.210871549841236,9.85296431259807,32,0.8246502173216063,1.1873826432636858,wandering
2.0585465335030873,4.961362437875806,5.665834808536079,114.93924358823796,14.040705996730345,31.88380400143616,12,0.549092789896709,0.4782690476558686,distress
0.9936946575571548,0.1419750525469537,1.1525322139350016,72.39495164625617,2.2682463618546738,-1.2874466133788132,8,0.1596728742422082,0.0,normal
1.6017110368897374,5.723516073567678,16.022151324051897,90.01381170047324,12.945317853538539,23.02452426972837,1,0.04579408024973763,0.0,fall
1.8363574156500513,1.0505238150509806,3.5607829061323626,90.29387549300225,3.3834699209776966,9.47677713318906,57,0.9382074201293136,1.1196539606510807,wandering
3.899053814911273,2.5800528663427618,6.062899862116925,120.00078660563526,24.265980880867318,39.5978140308197,11,0.5926459485949821,0.23981897812108788,distress
1.0799683880573683,0.06611179293444518,1.0790907375198457,69.32194325081849,2.590710231231164,-1.284672240258554,6,0.013797935831665954,0.0,normal
1.6739745519620377,4.465590901423786,24.685551062497375,92.38542747841404,6.108617496499099,23.56384186457552,2,0.0840105177598576,0.0,fall
1.774683002862362,0.967473352059444,2.022382597278666,91.63412189098779,2.1221008716116248,9.652453443761072,32,0.960860064182484,1.1695203809687071,wandering
3.8635564687414545,3.04424205797577,6.048865927132928,127.10771414436702,14.16836951953389,33.32819102334567,14,0.5509928521221671,0.2297959740197822,distress
0.9480422568466021,0.16999020054755537,1.0424540224071492,73.49981693554787,1.0180431079440804,0.7335892938990618,7,0.15997875606313527,0.0,normal
2.952733842244485,3.9251174540078106,15.597662208823728,96.78676574605987,9.79014777989359,33.976343950558466,2,0.03570502591802823,0.0,fall
1.528493382988254,0.598591419593486,2.3698908192371215,86.72178058532131,4.294582510866906,7.489658287390604,50,0.8466375958059134,1.381630534984897,wandering
2.427663717085129,3.974194286228613,5.008741254893543,108.8468424765383,17.7982444874093,28.592233048959358,15,0.32314834873484016,0.43339109684090577,distress
0.9253599662511708,0.0695563183249067,1.0551744788640143,76.19729527992668,2.9342739447188855,1.5034108711263725,2,0.1717920284730527,0.0,normal
1.7990732017528064,5.54694175312947,22.668602680112876,89.41155474505692,14.029638603497101,21.571765107148444,3,0.09661406759479302,0.0,fall
1.555305180665484,1.4444433311920255,2.122057142920319,93.15378951981398,5.144702235549537,7.092021235092306,56,0.9702781438510393,1.3396077177265135,wandering
3.9190026261135644,2.4844203204613864,8.021581070425938,124.04201544588159,20.588186105360286,32.600232858119796,6,0.5785518361085027,0.20107603608364139,distress
0.9998325581907378,0.2923923306191987,1.3854328218956864,68.87479881562845,2.0109233426253024,-0.16970405354922757,6,0.005295120676498621,0.0,normal
1.6614068385715604,5.40812623535506,22.423996601222225,85.574910026309,9.425899737147745,23.2240813246486,1,0.09055264309068069,0.0,fall
1.8082345565566194,1.09723517287325,2.888727665246246,81.19882002437048,4.246907092924268,11.973185048699598,47,0.8096223405738323,1.064076844122996,wandering
2.823585600187338,3.2234245035218363,9.572995974655111,124.92297831449994,19.45685795056891,41.23550063967257,17,0.6911540032829752,0.07738054700517133,distress
0.9104351389980277,0.16941254151114066,1.2801978935999814,69.60431108091937,2.2430675798988595,1.021623229751616,6,0.12018358954172015,0.0,normal
2.355007462192914,4.820868568341337,21.016798688582305,92.4952173599477,7.336290533844379,31.56277469434858,2,0.05643683721672406,0.0,fall
1.660569802157084,1.3060803352793144,3.287324213835292,85.02454076714514,4.205987518137264,11.19163286656983,41,0.8547029454130619,1.4667247325343973,wandering
3.349039256654833,3.5096692166990557,7.598580592339639,113.39199680725359,19.83197381854627,37.2389830201424,12,0.5109804530507328,0.25433134376747013,distress
0.9345612140637972,0.26975885301619124,1.095481814058466,75.00730101553401,2.032165749880992,-0.3002525684805746,1,0.16468688173084323,0.0,normal
2.198955079745221,3.806967965243352,20.369059318790686,93.40791840106117,8.562949825733533,25.91928367093975,4,0.020554697483642494,0.0,fall
1.888613938221098,0.7172861608904593,3.8489227380751796,85.79074734518137,2.641082151616316,13.060333583483297,37,0.8811125971949917,1.4439643923514303,wandering
3.4121605366748122,4.0069055560877,7.951095441634381,110.11004962807004,18.489878480491452,42.94670978341129,8,0.4889568040234883,0.2552446398126653,distress
0.9503896366952426,0.1279889496951384,1.4114078314122032,73.56740015955654,1.528017172040117,1.8649483783987155,1,0.13170179501094897,0.0,normal
2.1104969145851187,5.689104012571724,21.860895965345566,93.77083436937149,11.429640817326172,26.68284234363952,2,0.05321624237303352,0.0,fall
1.5819377854485632,0.9975762934062924,3.212497490436931,85.5113741075572,3.459680503955167,10.73795399196735,53,0.8545032042486256,1.1124597250800294,wandering
3.471677351243834,2.2712828539692356,6.088886520235409,101.67545363683062,14.92750175240727,41.10642054035885,16,0.39958181201623355,0.2392132391588062,distress
0.9018657974666577,0.24641802776472221,1.4759861889429402,67.30647507992363,1.1255317744511637,-0.7782245762052526,3,0.04192160669685496,0.0,normal
1.701267468720045,3.826754329613064,23.703298677829583,105.87095005829445,10.65937839694249,24.351922573570498,2,0.06383794809831055,0.0,fall
1.9344429163403016,0.5021846338575966,3.821834026698289,94.59745286762792,5.468788759244447,6.350760017646903,44,0.8927492731028752,1.2516842220195925,wandering
2.61443695918193,4.144497849230244,9.617290072192148,110.52340537711609,10.033767446466808,28.583945088796277,7,0.6641225938569738,0.29534576984046834,distress
0.9461782703396866,0.22432341046830134,1.2114437456735578,68.0959224045022,2.559268907449831,-1.6228917860677563,5,0.1535639283282342,0.0,normal
2.855338892168723,5.480958777970173,24.392704372834714,92.82821036491377,6.615009508302604,25.028275881543788,3,0.027227626945564076,0.0,fall
1.3081297785875974,0.9978798060619797,2.055534076935829,83.03397516532895,4.155211943851566,12.111609559143865,53,0.9653566549525369,1.0780478746637425,wandering
3.6402751013066763,2.342540378852867,8.966234150161775,110.13518324602988,22.05887065690716,37.21839058660814,17,0.4137044873984521,0.21736782639345198,distress
0.9540233019729436,0.08918097817548064,1.0715687058753771,68.20685504927464,2.178372190936612,1.192332688828472,0,0.008663420843016434,0.0,normal
1.7633929235757664,4.994681840267391,15.141785616275316,105.10702134505127,7.672984231092879,27.518679021644765,2,0.015805652140635198,0.0,fall
1.4320839985772995,1.4576257017249916,2.5112321108354942,85.70203771931926,5.207804611303583,7.666181192523249,51,0.9076190325288626,1.4423637015597361,wandering
3.0679325483592823,2.280930346703522,8.55469697277855,109.11069939871393,13.700354034279295,24.449770855861026,18,0.3022042414425464,0.080014115106682,distress
1.0718276848606976,0.1816294675277068,1.3251074471941073,75.16104238349969,2.945197823306581,1.9270248452778493,2,0.059343115179375495,0.0,normal
2.390608178763223,3.581485444509497,23.107829094954674,107.21428158277901,9.243212227686897,24.963468951808323,0,0.004511638887949909,0.0,fall
1.5152376441412818,0.6064813803932414,2.491751622438108,81.85733190478892,2.535233124229324,5.857294583313045,59,0.8028662454395463,1.2025203354609693,wandering
2.337504236193201,4.612934461662001,5.052764823312295,116.2002557954243,22.50913214580822,15.387211448364654,14,0.6051617163788887,0.3194137198984419,distress
1.0422835761298375,0.054022153386841146,1.3866836463640329,68.11867447353993,1.6229658263222577,-0.9287326223504424,7,0.18424280317996894,0.0,normal
2.0884631428714386,4.926940609281845,24.483779524484376,91.77455316342655,5.2946038393174275,25.005954587516396,1,0.08433641610155204,0.0,fall
1.7683878180964328,1.3752654967448383,2.58167611814301,80.26874676512467,4.236664847219716,5.309056144511775,48,0.9590810968691831,1.0842192880209702,wandering
2.541345931922484,4.000256601406772,5.7716940680155,117.77978381988548,19.565307652919262,37.11962008476995,10,0.39118552692284686,0.2946188444553686,distress
0.9214663617155974,0.11969515338142316,1.358161665024502,73.39779328064516,1.1472903284907594,-0.2820382558203858,3,0.03691230765884026,0.0,normal
2.948193496672949,4.971450634458801,19.893087530690792,95.67040809930883,8.904149218742921,21.05210344594937,1,0.0391877608761351,0.0,fall
1.6786589546116306,1.3968302054691,3.7273305484267443,84.22185283832171,3.554909201489518,7.170735878967189,38,0.8197080986261149,1.494542024316408,wandering
3.418987345660026,2.48250857040327,7.659895833319231,108.01964383723569,15.590569460065396,39.05469711642179,14,0.6634605769461126,0.046803673216211816,distress
0.9415250143376676,0.07488007768438172,1.2130106568498327,69.44330057766655,1.9674880099534446,-0.6403914609775341,2,0.15636328706581853,0.0,normal
2.349093364857983,5.164857698661168,15.093281561376285,94.43043265757372,8.409149438722713,24.75728654251168,4,0.07737348036659512,0.0,fall
1.304173367356206,0.9614058344577365,2.0376722574632553,93.22556259063535,3.2518208595644316,9.373968701144916,50,0.8753632563112048,1.4393402479675113,wandering
2.975451335422922,4.265027374650021,7.467624710253239,104.68972199323476,24.664385088385593,36.834563734974125,5,0.4526260909267035,0.45153461475032675,distress
1.0126607831300436,0.25014313578034675,1.1107627192905618,76.03948366118254,2.736932699848155,-1.5744454435779058,1,0.04835508639091482,0.0,normal
2.4971261322689164,3.0420042052548983,15.672918389322444,107.72622115983613,8.581280672951134,33.651461489099496,2,0.09273999122860191,0.0,fall
1.7270050268535828,0.6476606414119743,2.100734561480566,83.25924902186682,5.1108516886184265,7.5169521554348915,41,0.9378867197370954,1.0355501205038018,wandering
3.3494945050340457,3.2050967481465076,9.2224022200565,100.9816435294783,18.75002269420701,34.95447014042818,5,0.5255137489659275,0.3280305868856987,distress
1.0864420726556516,0.22504518023721498,1.423909480617844,70.40063317848961,2.140508101227219,0.44143386470885737,3,0.07499472878016618,0.0,normal
2.818636111654332,4.4776511342547,24.37470383374599,87.52716915568544,10.270992807180114,32.99657802382728,0,0.0015786565404632413,0.0,fall
1.5784988318515927,0.910739357563963,2.2106593303581645,83.89436557724416,4.687035540560686,9.855994892425565,54,0.8913869349465576,1.056853375354801,wandering
2.5156200082098676,3.5989839775098194,9.824580568302526,124.05466485892114,19.87571042853965,22.022951322682637,16,0.32428660669137305,0.1708518674539729,distress
0.9981828740173295,0.2784519420994885,1.3396380215595594,74.64047945854517,1.0802708815662627,-1.9080497631139504,3,0.10185380124350547,0.0,normal
2.878681716963717,4.569668996271354,19.177878842879785,90.86102745402667,10.325144001670015,24.87205383832451,1,0.05215941731493981,0.0,fall
1.7372304797396438,1.2344259380698812,3.164295148499583,85.43692245205966,2.1349754018464244,14.641443620506642,52,0.9806789408775267,1.1869530187152937,wandering
2.0574891101529085,4.952711327127052,7.257974749072831,126.96761770401818,22.43150889685125,36.171170468402856,6,0.5608037190701716,0.04773553242982337,distress
0.9802639268186029,0.15131313031867544,1.4115429843330558,75.09457430775237,2.3064707392316808,-0.9821303746043619,1,0.04664287774353113,0.0,normal
1.7332548164244168,4.206228292906621,21.66919964491391,86.6181413161625,14.844148037742455,32.32202467413121,0,0.010904250627604861,0.0,fall
1.2150768887961647,0.7031599828169645,2.2734622728072544,82.13887337980928,4.597207901873061,9.314288269995528,30,0.9522675248613353,1.040324318118135,wandering
2.549397608078448,2.2311953238827433,8.091473429181885,118.73367126586766,21.742327181788742,44.79197363430188,19,0.6215255133779463,0.2043081991179294,distress
0.9142030653000326,0.1703744076358929,1.4625524067258293,68.00088982225842,2.2490822455475987,-0.5788138102594016,4,0.04637858206416315,0.0,normal
2.6523183078856043,5.513038055877854,19.045148486869646,97.0308068665148,10.20888606510745,21.74497279595409,4,0.03495919628261645,0.0,fall
1.7854130935744186,0.5640199726189028,3.586844903049383,82.84050101751637,4.303413771354853,7.259339940369821,54,0.8881161918752964,1.097677236155457,wandering
2.3910449548951442,2.1104708233917333,6.0292953391855315,120.0638116251289,20.006061628517898,39.00448538051836,5,0.6356789866047838,0.2523133872974621,distress
0.9062648905743768,0.14047922813046176,1.285964626081145,76.02323784621656,1.1316013894350605,-0.9202824948569761,9,0.18203773735379716,0.0,normal
2.030473422936734,3.6561648994457583,23.480972296110625,87.67036545530645,6.881764054448766,30.552127923181953,3,0.023944066609578853,0.0,fall
1.4936897021452502,0.9172109361951384,3.522634093201418,81.43390515244654,2.428469179807739,5.72624913013986,45,0.969695496846994,1.3503531814310072,wandering
3.780621486210354,4.509003199712678,5.573074077596296,111.53872572931851,14.899306237283149,35.632760051273166,15,0.600739072665246,0.10226829661217107,distress
0.9046289168966213,0.23568796642194206,1.0596950289928946,72.58531170629887,1.4631747122807741,1.665613735630854,3,0.18210888700510175,0.0,normal
2.7884809192102917,5.334999514058143,17.04469060989869,93.3620923320685,9.752935362733652,23.423157894625007,4,0.011403745562458312,0.0,fall
1.5470528868839548,1.3888699435828762,2.6198483318445582,82.43239810643051,4.235634025434564,14.274918942656408,33,0.904982403127252,1.043824253411922,wandering
3.326122359435387,3.0406493907095364,6.269295922029337,103.54768744276404,19.255242677646514,18.03429071966508,13,0.5340396213897838,0.3160562648621469,distress
1.088323032097743,0.22203759096173142,1.358707256632143,67.95498986417019,1.9305369081790638,0.41134946034311515,2,0.06584830176542304,0.0,normal
2.5100373079244305,3.4780542086931217,19.477260786311838,100.65883953861338,7.5821890569177235,24.232456457251324,3,0.09253183088842024,0.0,fall
1.277273992949963,0.5908043357408016,3.7905340154329794,94.17592884896939,2.948230283513529,11.956381538129238,44,0.9168586769762154,1.296196794442391,wandering
2.777177341543001,3.812432101843315,8.061940696330751,114.88057808815678,18.373473929756877,32.75469594598727,16,0.4102667402699143,0.3251173051080319,distress
0.9799212577447645,0.21802087188718822,1.4711128799544233,70.58412886259029,2.7466465362721357,1.8779544391054248,3,0.1313074571716308,0.0,normal
2.0600855727610448,5.721946068252212,23.102853249539407,104.36667975763976,8.095707633223405,25.206682595061665,4,0.04562815833156302,0.0,fall
1.3206464545478596,1.2887005162711627,3.0626958726253513,90.05730640985249,2.966001362141406,5.359414813887091,33,0.8104866514462946,1.4197410160712514,wandering
2.7394697901733953,4.284649295578432,5.668427572365614,112.86516333381064,13.53594379523566,21.245914179919765,5,0.35434295836367735,0.3110876270445646,distress
0.9894922544455542,0.26132279616932436,1.2126588916138945,70.36011759105313,1.0616773251192653,0.07179290268646055,5,0.13603459950892263,0.0,normal
1.5588429802822725,5.129058405107216,17.809417859734815,104.60813675894683,5.7888933547755075,25.85659149380308,1,0.05796415751791281,0.0,fall
1.2551006158609235,1.355292730848125,2.8018480693838237,84.52751488181899,4.848085421266215,13.26211338779175,36,0.8647915736838023,1.0438488470595786,wandering
2.964729558538001,2.2839640452629744,6.976660858672652,128.47568252087368,17.41269774330317,43.70755681926795,5,0.34633481798361904,0.3323330815579397,distress
1.0084346681651175,0.27260234203561473,1.2988506906526351,75.73510836192911,2.421536991101033,1.4059766704007122,0,0.1651181207696182,0.0,normal
2.4893355996376183,4.1310821393355095,20.67093651766334,87.71898188367145,5.871270090287877,28.187462816227203,0,0.08512271693666407,0.0,fall
1.5285487284151265,0.5220584822765816,2.660564360679719,83.06614672659634,2.334122191089938,11.392648122890638,34,0.9642437687916574,1.3005928891118899,wandering
2.0118032156876726,3.7364522910863625,9.270021886765779,121.53405135940383,12.0514397352797,36.940141322872414,16,0.6698331941094333,0.48627540192849583,distress
1.0815697677790395,0.11902431644016202,1.146294118456603,68.39007661670249,2.9954647456656884,-1.725302949470036,6,0.04861566843545839,0.0,normal
2.450447147031205,3.983398321372716,24.034215700906433,91.22636451264609,5.537559374727076,23.22402155502069,1,0.011093810151277462,0.0,fall
1.276603277137747,1.4972555269596395,2.020113218830249,83.03181734103076,3.542703551399193,6.060768921827533,39,0.9119818116416609,1.3161741128422417,wandering
2.0460220654248937,3.77297927691264,8.61021405158527,102.2954032020051,13.439803061132357,16.297436118403702,11,0.6715882074154735,0.2792740697052435,distress
0.9051975970631466,0.10057651891109602,1.2617483639786053,75.81689376662963,1.732762099692374,1.6847749937228902,1,0.1300255440828599,0.0,normal
2.1857403999603675,3.4162012217727113,24.561604207063187,90.41510211663837,11.056976857538212,22.37331823639027,4,0.06716220718247598,0.0,fall
1.2246211451511988,1.0175942155128148,2.61705602775258,90.23497561610647,5.659003892834095,7.252914344974803,58,0.8085615571441832,1.0222470609852148,wandering
3.1538588159190697,2.219744651200561,8.675181497019818,104.70211844779273,15.914563700153,31.72808337776474,9,0.6729676544829064,0.1791212080686782,distress
0.9995753167605532,0.07745805726289882,1.4211321631674667,72.72972112416431,1.4992077556708923,1.1171902497720478,6,0.1629700759306632,0.0,normal
2.014796179929104,3.891006372691622,18.307139162899297,106.84088241852072,9.894379873675165,29.57166128300807,3,0.07588064114736812,0.0,fall
1.395471806149472,1.4055835766256868,3.6770202089225608,84.56333436226093,4.490968544918902,8.516692894241611,30,0.9369184844084169,1.3480292479147502,wandering
3.678703450190576,3.1475045914126696,7.06625773447343,105.47138708423167,19.951935946888597,19.932390209452024,17,0.5562929650480064,0.19800175317309676,distress
1.0201128065990075,0.29373805296459315,1.2592974650563913,68.32406775512929,2.761685311492513,1.1780087469772877,9,0.18118082781116251,0.0,normal
2.1552585391872388,3.0932500409431105,18.02222093439339,96.53983642899365,12.852109673210308,27.42598276780965,2,0.004391682913433825,0.0,fall
1.4076224254675107,1.1789467758310717,2.8451787711770655,84.39646952410037,2.841744938028601,9.194920077138473,40,0.891463040101919,1.4519767004791448,wandering
3.4330600934285034,2.235892144795016,6.527354165879183,121.22497797151239,22.477300340266215,44.65508245016804,13,0.5482355818504683,0.41676427184949966,distress
1.0988653287154249,0.21661587128020093,1.3685713822554748,75.98789062980818,2.09493333223383,0.07957599433863205,5,0.020481969240773636,0.0,normal
2.36540496670376,4.444432608145828,16.42422985110105,103.0580748910129,9.451462570218848,23.26664798124318,1,0.07450114243108781,0.0,fall
1.8063247013435926,0.7017768322804281,2.7415384362989204,86.62872824506951,3.8429462451294825,14.613257965716336,39,0.9285605817906282,1.037169472599968,wandering
3.1737234306351008,3.5896510121426712,6.574883349856098,114.52244901507504,23.60305805855395,34.28519163481941,10,0.6378629899678284,0.099662268808483,distress
1.0183307256076055,0.15126536329258872,1.4715261968965323,74.15069959400802,1.285488983481942,-1.7983542058115516,6,0.06263166106338716,0.0,normal
2.403587793091505,4.069962708479375,20.749116254675865,103.44673231952709,9.373695588948333,25.79007926695278,2,0.04329193606829721,0.0,fall
1.7837475743930677,0.6999969091074241,3.4651866672234424,93.14078432114026,2.1566748667153526,13.586903842716545,47,0.8015496160947033,1.4312069957126918,wandering
3.8438737892453423,4.500298059836206,9.419580643362863,123.14332322800605,15.939380687110459,31.057454281829678,10,0.539852170546788,0.4490441817465916,distress
1.0442965419894221,0.28181950727887156,1.0357516017997213,74.41587400835235,1.047990459106056,1.1279110601903928,5,0.10867206587284609,0.0,normal
2.3831018921206963,3.7008623085349965,18.811929202264693,87.20519053412357,7.906320436624402,28.258111420540615,1,0.0656523885124649,0.0,fall
1.401290591540969,0.525044244652429,2.1482430676886355,81.62111923297626,2.0789645597273365,8.157055398436645,44,0.8810520706439277,1.2515404248922732,wandering
3.567716044638205,2.572443535390869,9.940738489366822,129.75507295791428,17.23038355377429,29.300952672902103,11,0.5797420360216601,0.3246406471708288,distress
0.9805594352045569,0.07100374450734447,1.4387367988059936,69.46774355075786,2.0902516519417755,-0.6919704751898013,5,0.16224486443033098,0.0,normal
1.8726825532216653,4.302923184022046,21.94873700773615,100.16714096342717,10.47188395784325,28.698438744578795,4,0.062501693296183,0.0,fall
1.9513443532827115,1.2336123632003502,2.786140623897302,90.39659606275252,2.7723814241526514,7.6977902771610935,59,0.9724168536594007,1.1551359380786388,wandering
3.9400709484020227,3.5621179119885036,7.77838295058365,108.28974230260437,23.852834136259965,36.41780857331344,11,0.3609028538881349,0.15639919056903046,distress
1.0346301444506683,0.09347238971899864,1.0357018968770264,76.06095524078629,1.8354675961832014,0.6550598355029722,5,0.17298684390878005,0.0,normal
1.880403381068524,5.0163745808974465,16.940735645820535,85.61694357606056,6.079185405446882,28.299382093735503,2,0.04226861027275225,0.0,fall
1.6232497158632557,1.3885307267708584,2.8562343620906283,81.54393124750092,4.323580202644692,7.7730449614688055,33,0.9090520286790886,1.165017025709377,wandering
3.1937991306865134,4.049270852251044,7.656532797868009,123.71020408873763,22.61646412594145,21.819869504825995,17,0.5465756512084047,0.3466363858877059,distress
0.9898953360664677,0.2840952256000553,1.089567785719031,74.62794190708206,1.932264579133006,-1.0720582009008508,3,0.006608970812010418,0.0,normal
2.832293644938096,3.1316709382340653,22.48000604095124,105.96732336009313,13.563309282658656,26.44844643289524,2,0.07552648299613754,0.0,fall
1.8580106190919148,1.0117428349824271,3.0398764979082173,84.63843504490949,2.12804993278698,10.391129401663864,33,0.8930392220100892,1.1603224588671872,wandering
2.3501939922962105,4.439185625874259,5.271616172908048,128.48556195976064,15.349708470533887,22.70364156276488,17,0.4692931192390516,0.41061307244804107,distress
1.0420090015639494,0.08693268635514718,1.2411070212798778,70.23316767510644,1.4323725310289812,0.18311445034249152,6,0.14767525127671796,0.0,normal
1.875348834953972,3.2651699146470987,18.16140841013511,105.62780779527881,11.543261709096672,30.05056483073828,4,0.02702841547871465,0.0,fall
1.599652834802504,0.8616683220430233,3.698107485290416,90.60303406013453,4.1193346338986645,7.7785040177308336,35,0.8336265300678617,1.4701202118294698,wandering
3.549981949449272,3.7533118603196773,6.033238975593283,109.41612796465995,17.072843335842226,28.35179875492247,10,0.6278465604226693,0.011502158771723836,distress
0.9792239909677029,0.2696143451040092,1.3795463506541166,70.3760482589781,1.4146575252162388,-1.314950063541541,0,0.1425080371078945,0.0,normal
2.1978035979759034,3.7137822096224644,24.039579425414246,106.95972742902522,6.49218678405369,34.70540457739985,4,0.08100474959679005,0.0,fall
1.7242589180337553,1.4799973793642027,3.3036126392681555,81.48976342845509,5.611247440648852,9.123036081306232,35,0.9136166005411899,1.4525143797065503,wandering
2.7949706603250384,3.9652193943224154,5.528793435217768,116.90099168095259,10.234140618829095,26.085804159536472,10,0.5514413536757301,0.47153695290067177,distress
1.0539111754529933,0.2683518834945588,1.3029986304085335,76.68859550770779,1.939041172702177,-0.6493362294129734,7,0.07071784691771832,0.0,normal
2.0491698438375554,4.183760217959903,21.77188191909609,106.16040004347204,6.9672429747190865,32.862852383057295,0,0.0875774651247009,0.0,fall
1.327858920610922,0.9909947179047159,2.761497614902704,85.83130738404395,5.53769679061969,5.316434144425678,39,0.8551443202765865,1.319172684222774,wandering
3.8720137558415813,4.404648288345165,9.854703179990398,117.42576531060075,14.25431255233736,27.099234213169442,16,0.47563326326254407,0.08565333457195168,distress
0.9518641048113069,0.12618395034477242,1.3227188109708385,76.03317110806348,1.71020745357206,0.14632538575496312,4,0.07111482284619877,0.0,normal
2.2363041500111627,4.614831972309458,15.215427229553782,101.36046410727326,11.50683516943296,27.028609918376738,3,0.05080714668626717,0.0,fall
1.603137893877138,0.5696753615794442,2.4697342097051624,84.19770425817295,5.461523527048304,13.327054040556565,50,0.9042834455682613,1.2799953442920595,wandering
2.788028018381234,3.4511258913287985,9.356565283596076,129.22753590184635,15.474012576829784,38.76922585392471,11,0.6783372690473762,0.30038167175934966,distress
1.0827493307352163,0.18781084254793134,1.4523639667352077,74.12330337254716,1.5257244850208156,-0.09873549482935484,5,0.19200682280790063,0.0,normal
1.7332323187402883,5.157844886318294,23.58208899386508,97.92868305687122,13.837451508818347,31.063134994820484,3,0.0391433620027468,0.0,fall
1.5110424843114036,1.3862794171812567,2.5059303500893284,84.97246175129985,5.064322327043875,13.139799721459013,33,0.8058612048683308,1.163771861885596,wandering
2.3899113877557276,3.072614360099314,7.374034287865093,103.27204901803555,19.74677909032782,30.97598803763143,7,0.4568347977499068,0.05205601207934196,distress
1.0948380509606348,0.2640388064993296,1.2375698045897843,72.91689803531217,1.3466086532627235,-1.9590723402118573,6,0.032642882857445876,0.0,normal
2.7983493899740766,3.3818881836645502,20.761566142806615,105.5671071140056,12.359826222620573,21.506407646985583,0,0.0922518438747901,0.0,fall
1.2985520678371836,1.0712136587419736,2.661264986089557,84.30137755807195,2.8018247120422974,8.022088859271673,56,0.9684361025762205,1.4916314013802128,wandering
3.5527427538999143,3.7891183117488496,9.315775304269518,123.00179854603381,19.07793799432703,19.8911489085773,6,0.5733613058429883,0.49052948719491996,distress
0.9178420165731276,0.17695946542240804,1.380159098306888,71.01421129628602,1.2528017501839293,0.2753182162349077,8,0.10520178314199724,0.0,normal
1.9501244692105553,5.57266443819274,17.59744061787828,101.97113593470664,5.505485802410435,33.70285997956115,4,0.07318825643737617,0.0,fall
1.822121551261719,1.1817940894568126,2.7565611617251715,93.95591417616819,4.124158895644431,14.95597893707509,36,0.8993965546412293,1.4519871650220053,wandering
3.9696755484875244,4.7218025280020095,6.990612053160072,126.31709916995082,13.239264125576673,41.53879302698827,18,0.30816001513354796,0.09424520824507449,distress
1.0495026684103377,0.13081487160135452,1.0599712696233619,67.82202339761949,2.2660119818654767,0.9408479942811354,7,0.10704103492637157,0.0,normal
2.335892356879666,4.1833433487287,17.024492033067947,93.69145791430394,12.981723918977679,28.998606270403005,0,0.021756454839209505,0.0,fall
1.7123134178687154,0.9285072644254527,3.4937095881506703,89.50755709612157,3.2071675928868135,11.15253965388693,47,0.882775622744443,1.0685234459687063,wandering
2.9897539728721334,2.875970613384206,5.183489983495216,109.85089404005026,24.90942751032012,31.442266714235224,12,0.4045103508073502,0.07756266554813807,distress
0.9117580935790567,0.261302257890149,1.2910897586448469,68.27026249395031,1.0993530096140633,-0.7995659123699799,2,0.02016983345569645,0.0,normal
1.6960560085615752,3.2655111010884195,23.199559813546855,85.52960642410221,7.670763573264352,21.616028966563842,4,0.004390097463803466,0.0,fall
1.7430894087064495,0.8768888669677943,2.934823587273276,83.36910613306645,2.3160889696612914,8.139271703986797,31,0.9409792443567256,1.2429553903108133,wandering
2.635027487835332,4.524589025576841,5.991834572628011,123.85191789814779,17.823649713301833,40.54489263870009,9,0.5107260021612297,0.21264619260358164,distress
0.9697134519825357,0.2766409499088775,1.428763413153471,68.67203252174112,1.2918601005417005,0.7545951295533406,0,0.014366609266599474,0.0,normal
2.592942771831339,3.98272420953534,19.333363787857646,105.239540935301,14.545740034859366,20.68837836565579,3,0.055348767916053525,0.0,fall
1.5766547110162725,1.2580868232141107,2.8673905986519728,85.94336761053232,5.949992259385349,14.963625994956264,30,0.8413987622872854,1.0252591046358293,wandering
2.1526461491254754,4.370367634224502,8.529153394266524,117.83317518383097,14.705161092437745,32.04901725722551,16,0.644659630428776,0.004130111809791337,distress
0.9078369709131912,0.11888969941936788,1.3906273889680554,72.39670869921581,2.6755977978446697,1.220622823497831,3,0.16537650646536536,0.0,normal
2.114678803390483,5.796313806399937,17.78185371581008,92.05667549741281,6.267177577558179,22.66408239092409,1,0.03833473402890419,0.0,fall
1.9349894069511184,1.153211677229236,3.4092206972848706,94.09569664775239,3.3637888449667908,12.05924400056977,38,0.8947493405274926,1.2331353277640111,wandering
2.384395521707936,2.4158321894280483,9.490421936032174,116.8947123970286,12.71996786052304,26.633921765733923,10,0.66465466086468,0.4808884441223971,distress
0.9171687237469307,0.10496811490161766,1.352899848995911,73.08523260586146,1.2844969090036638,-1.9472407516317376,6,0.042960456736336396,0.0,normal
2.3907447078161708,5.4144363235804835,18.67221531056903,88.27488541328044,7.571509903287021,34.722948870661384,3,0.0760873059391835,0.0,fall
1.4622835542546073,0.7705172575347083,3.109883783257942,94.40502561179733,5.703449110239421,7.685154068931314,42,0.8966320658058682,1.0805202085772074,wandering
2.0444948335348587,3.6067165724405283,6.57508580416488,129.50708560373224,16.11214494079632,16.97042613143306,15,0.3081633759899928,0.41460114070714366,distress
1.0886172836305763,0.0705958827001993,1.3538381703374294,70.74150872459228,2.5719051557244628,0.1504954626176338,4,0.06399454606715463,0.0,normal
1.8556235020818372,3.269749689237554,18.717595361590433,98.7037705971112,8.288108996424585,26.68779481287624,3,0.05319986037832212,0.0,fall
1.26172823267118,0.8530157335309367,3.916002486242137,90.33342762875591,3.2688942191428842,8.022869275395067,30,0.9217120449321166,1.38073033305823,wandering
2.1654573925879816,3.0114771402125546,8.570954105546265,120.78191574497765,17.644724160842564,42.50153196422417,7,0.4049822886219433,0.4930767439392452,distress
1.0378359565500275,0.2984313127211444,1.4647856140741968,74.05150269994269,2.6662252286732553,0.6864629402775746,7,0.158513285121857,0.0,normal
1.976921504450445,4.044941933495862,24.59823521752525,107.68347893083279,10.02220002507923,21.542307796229284,4,0.05221034560079786,0.0,fall
1.5965530556546135,0.5099092279874645,3.4315049971243026,86.2388001905278,2.2167531558319746,11.456172092176338,44,0.991653359799767,1.2318038614842624,wandering
2.8124678867683706,4.294852472415661,7.715945807662376,110.01782190923322,21.168127363007173,43.217709586109095,13,0.3404243686846651,0.04538195104256104,distress
0.9451681362916486,0.1030370347101887,1.2885661166519982,76.74079644211932,1.4713752244784781,-0.7477984939812816,7,0.0997846544163103,0.0,normal
2.4932020529209513,4.912232397746922,18.408956507291443,86.97538485186948,8.325393188673397,33.56390066878423,1,0.0383407268055872,0.0,fall
1.9034663274433101,0.6750661736459136,2.343483748507442,91.70724105924214,2.620818517440021,7.636168814239391,51,0.851386787569939,1.2563033237431627,wandering
2.7238722340881774,3.310859426162468,7.29051695598265,117.76130105891818,10.264621972446061,18.210564405966085,6,0.519592981335441,0.12357677998338418,distress
0.9780367236410232,0.29487583877492074,1.2295510718025882,73.17249180334242,1.99493201814355,-1.1490479791378814,9,0.03224853507119281,0.0,normal
2.955789474511386,4.019519302087238,19.680696868084546,86.56278364913123,11.711512301966582,22.442422015806713,4,0.014530412136710958,0.0,fall
1.896791611119318,1.0729453546767458,3.8331526187173206,89.49035591495729,4.788880172691389,12.925642509022358,46,0.8347388109905328,1.2101334047343562,wandering
2.2611612306673994,2.923735938448395,7.460407239956259,105.78567810139388,22.270450172648083,24.787462618594702,14,0.6815141895144169,0.3106970672150295,distress
1.0493926499614081,0.21083243845298438,1.1229953897726908,74.73014323323406,2.125375554233144,-0.19361729165325814,3,0.11735438762849448,0.0,normal
2.4457143106716073,4.686904180420731,22.48642837925358,104.12066483076592,12.465301425752065,32.5472925707738,3,0.07456957573488403,0.0,fall
1.5660239660250717,1.4414738834685918,3.883323705193751,94.30176220948567,5.554744731079,13.27838684961921,44,0.9741163153586739,1.1635723091017667,wandering
3.7368891366706922,4.4878362762531605,8.23032106873039,122.68499641683604,12.240527367629145,42.95833189172137,12,0.3740763208630354,0.037884515592459866,distress
0.9519581911362426,0.25726674902501184,1.355601037908471,76.28983266904021,2.9544011170357143,-0.9510470782331977,2,0.1776048911716646,0.0,normal
2.458809645962348,5.438654239687658,19.443511640584173,105.15784452074027,6.814449106494856,23.261865269492077,4,0.012904735140630586,0.0,fall
1.7237081706018391,0.7979520314471275,3.592340838530063,92.2185116269878,4.075433706142295,12.535081729158291,30,0.8516126653215512,1.3844862706279906,wandering
3.713665733346505,3.7331298228190297,7.740332202602514,121.67609823765491,14.521246120871016,30.476960072866007,15,0.6912881623335739,0.149772377613411,distress
0.95867735889853,0.12774399886291715,1.141760027529339,67.80155411309727,1.5544763934863968,1.3824408139576114,2,0.1119178288856647,0.0,normal
1.8636981334254366,3.8981534028594105,20.609371744817746,102.59350890399415,12.82453312774787,22.15843431819239,4,0.09715071382878629,0.0,fall
1.8447384006205467,0.6097230315203913,2.852356898307429,82.89991564079456,3.3287110310260046,9.443583500167259,39,0.8422277693973556,1.4032368011700833,wandering
3.5330436839852357,3.1849948090163753,9.029438835025337,109.48915676828712,18.42035020620812,21.771930033802747,19,0.3247681571841117,0.37486853694558825,distress
1.014414826186981,0.2125725437331787,1.0663226501882057,72.23864595329825,1.055981086135741,0.7199191579513737,0,0.14098706984534468,0.0,normal
1.663804148930626,3.0850996035531772,23.18329470149702,96.43604323313849,12.880807957093113,34.725522140891414,0,0.061396636291947006,0.0,fall
1.6635549075743528,1.216991230787987,3.124222592880053,91.99256566013122,3.6512409929095404,13.078435636714838,49,0.8757152425526207,1.1915388325526544,wandering
2.3844926381934712,2.034950461204415,5.5859387379736045,103.90028836995087,19.10375049408392,40.3713346549403,19,0.44640393333881406,0.29593349206197594,distress
1.083719384088133,0.08181778071421254,1.077961415715202,70.19700726658587,1.5911783543182247,0.5439073018026739,3,0.10538548817730316,0.0,normal
1.6350547556960922,4.902488138882648,17.56274126406476,94.66884275739294,9.943266393609012,32.765347341270214,4,0.07311212616919757,0.0,fall
1.427761823756693,0.6690140688554791,3.7218306175510834,91.3256779976903,5.521389384943689,7.647015311252094,51,0.8981307424033514,1.1530698064810334,wandering
2.509136780315216,4.313504952822472,7.869421945567094,122.45858768763344,24.460300277922073,19.51736509455426,9,0.3618463891959342,0.49060930656586255,distress
0.9125283989862494,0.2380554103866545,1.0146799310744228,72.60335281046474,1.782641898102267,-0.09616589509222884,9,0.06098016544072593,0.0,normal
2.1007353784487037,4.557157975421271,16.287147324929478,95.44166508968024,7.1784316067953915,21.291766844920552,3,0.06566338243291024,0.0,fall
1.485433437864397,0.7235363946944379,2.463504386942096,90.03581004077249,2.7693972937773794,11.859241625269174,32,0.815455558126896,1.466865958079831,wandering
3.9920446026190186,3.038793771169985,5.875601963763167,112.43956045335563,23.61464701957724,27.562168450923103,12,0.3238851410171431,0.25815034584306046,distress
0.9239958230541376,0.2980579829397972,1.1750012631287388,74.46866555476139,2.782530863625334,-1.9237088948819032,7,0.028535859465054658,0.0,normal
2.4088891679521893,3.051781358098593,23.85758818632299,96.17249937083584,9.120215298960286,33.321350359117886,4,0.06597363674559335,0.0,fall
1.325796498157724,1.376073557532299,3.072373840767909,82.00556538561136,2.551579089932249,11.502459615494399,39,0.8737393489383971,1.1184397691741919,wandering
2.288651614092809,4.956239238988474,8.467052953571798,115.83648418197583,19.96765639357685,33.911506801170276,16,0.34820915861416796,0.30448746939502525,distress
1.0486955023876463,0.187268997090145,1.3721916071418632,69.04824976118474,2.9680629002058865,-0.5404689595434014,0,0.17850793581061092,0.0,normal
2.03130866943735,5.055441088572987,23.666318163706617,105.70991095952428,13.815832760058617,30.290768878221638,2,0.08072685250628177,0.0,fall
1.4345571609521566,1.181317948989457,2.157990114787381,84.58796351485651,2.8446770785875892,8.898605267051838,36,0.8116863877022469,1.214249361945772,wandering
2.0988433360299092,4.8213607960253455,5.5997275451963455,102.73235278818835,22.07691315901864,43.009390639387874,7,0.605828398297285,0.142364465272387,distress
0.984885003039199,0.12979852999714003,1.208741283424518,72.75517663238091,1.7265719694414012,1.0812806143494331,1,0.09977729849248898,0.0,normal
2.213277198707128,3.608481624415454,18.80202808717246,85.49994288905658,8.567221180361,24.862879363768663,2,0.004531064627290693,0.0,fall
1.9188577398681872,0.6044175388530146,3.9592040454090456,85.96832456849188,3.9344651107076616,14.50858653004233,33,0.9121925023948741,1.4486446013225707,wandering
2.6158630175648376,2.8448717042713536,5.315726323331453,110.19416589903055,12.627187752640694,16.442015311366248,15,0.3927240695645038,0.167430480704848,distress
1.087575254972055,0.19053904371457892,1.2356115155362384,67.51317034434456,1.522797542491981,1.5785070478498069,7,0.022608200442268234,0.0,normal
2.934654729282941,5.586368028032992,15.319234597713786,91.7182335601121,6.887369125044093,22.361636760446707,2,0.08356780531193461,0.0,fall
1.47917556424263,0.889402834548032,3.1891812854233885,89.76445383432743,4.071991864432331,11.028981622016838,52,0.9135231067774636,1.075892720391314,wandering
3.425323299373516,3.180697602119019,8.793367165793512,120.4603286305235,12.182532232560316,29.125870112510036,13,0.4245727924269176,0.31484858924779013,distress
1.0098459923471044,0.29591763809320937,1.0437079979555657,67.95092608172554,1.1289556006502948,0.7290512945575887,6,0.17938694329141985,0.0,normal
1.6279644819736347,3.682080285039132,15.32521977595348,104.2409366565362,10.561509558966145,30.1235222601791,0,0.04455446311855946,0.0,fall
1.4227442441769311,1.380978509002595,3.8562134698178774,92.15336172830897,3.568178733458688,10.998922490018183,45,0.8562835026354172,1.3129425862095312,wandering
3.0482769671173804,3.322972445841226,7.713546599149825,121.2627595987357,18.145859074349637,25.820806442044656,15,0.6474682697056883,0.09799326999555807,distress
